{
    "fl_x": 464.1552529396556,
    "fl_y": 465.3873114794324,
    "cx": 876.0,
    "cy": 584.0,
    "w": 1752,
    "h": 1168,
    "k1": 0.0,
    "k2": 0.0,
    "k3": 0.0,
    "k4": 0.0,
    "camera_model": "PINHOLE",
    "has_mask": true,
    "aabb_range": [
        [
            0.0006828576442785561,
            0.0,
            -4.6746931076049805
        ],
        [
            9.86534595489502,
            11.034895896911621,
            -0.11286333203315735
        ]
    ],
    "frames": [
        {
            "file_path": "49df7a24_DSC06654.JPG",
            "transform_matrix": [
                [
                    0.2129922397768753,
                    -0.054718756102806396,
                    0.9755204577687705,
                    7.998507401118693
                ],
                [
                    -0.9746310668252643,
                    -0.08216802326257022,
                    0.20818909561302465,
                    5.16256677313821
                ],
                [
                    0.06876473932094455,
                    -0.995115206236787,
                    -0.07083175094856287,
                    -1.5459501266841056
                ],
                [
                    0.0,
                    0.0,
                    0.0,
                    1.0
                ]
            ],
            "is_bad": false,
            "mask_path": "49df7a24_DSC06654.png"
        },
        {
            "file_path": "49df7a24_DSC07853.JPG",
            "transform_matrix": [
                [
                    0.08812496252233738,
                    -0.07137712835247405,
                    -0.9935488395285816,
                    1.8158242521912602
                ],
                [
                    0.9953584355071292,
                    -0.03241400871522718,
                    0.0906141098494567,
                    4.131619366690286
                ],
                [
                    -0.03867267569275316,
                    -0.9969225835475711,
                    0.06818934350468202,
                    -1.5803236875667481
                ],
                [
                    0.0,
                    0.0,
                    0.0,
                    1.0
                ]
            ],
            "is_bad": false,
            "mask_path": "49df7a24_DSC07853.png"
        },
        {
            "file_path": "49df7a24_DSC07584.JPG",
            "transform_matrix": [
                [
                    -0.7854963352194633,
                    0.043272287441118884,
                    0.6173516149621743,
                    4.474095979882352
                ],
                [
                    -0.6181874613831234,
                    -0.10157411352468142,
                    -0.7794401593774615,
                    9.71005281302327
                ],
                [
                    0.028978784403079858,
                    -0.9938864163481093,
                    0.10653647944827002,
                    -1.9841140349695525
                ],
                [
                    0.0,
                    0.0,
                    0.0,
                    1.0
                ]
            ],
            "is_bad": false,
            "mask_path": "49df7a24_DSC07584.png"
        },
        {
            "file_path": "49df7a24_DSC08083.JPG",
            "transform_matrix": [
                [
                    -0.9430927772833951,
                    0.015027291191028653,
                    0.3321899967719583,
                    5.218230122059926
                ],
                [
                    -0.3319028649722421,
                    -0.10384917346119284,
                    -0.9375797765495189,
                    1.3836948285258326
                ],
                [
                    0.020408372279815404,
                    -0.994479527034563,
                    0.1029270064171753,
                    -1.5862658382814496
                ],
                [
                    0.0,
                    0.0,
                    0.0,
                    1.0
                ]
            ],
            "is_bad": true,
            "mask_path": "49df7a24_DSC08083.png"
        },
        {
            "file_path": "49df7a24_DSC06842.JPG",
            "transform_matrix": [
                [
                    0.9017966511941731,
                    0.15653086856917145,
                    -0.40281619515599854,
                    4.753851534948428
                ],
                [
                    0.4264642816348746,
                    -0.4731699823492476,
                    0.7708685908073198,
                    5.622434572823628
                ],
                [
                    -0.06993580188019186,
                    -0.8669534329989087,
                    -0.49345792994619203,
                    -1.4908478845440378
                ],
                [
                    0.0,
                    0.0,
                    0.0,
                    1.0
                ]
            ],
            "is_bad": false,
            "mask_path": "49df7a24_DSC06842.png"
        },
        {
            "file_path": "49df7a24_DSC06532.JPG",
            "transform_matrix": [
                [
                    0.9812285560344715,
                    0.07829566180428744,
                    -0.17623935475691876,
                    7.012879194837565
                ],
                [
                    0.1811941429473867,
                    -0.06142254905929067,
                    0.9815273572492115,
                    7.776385305176852
                ],
                [
                    0.0660242636011054,
                    -0.9950362103007548,
                    -0.0744562744585309,
                    -1.6336898882568713
                ],
                [
                    0.0,
                    0.0,
                    0.0,
                    1.0
                ]
            ],
            "is_bad": false,
            "mask_path": "49df7a24_DSC06532.png"
        },
        {
            "file_path": "0bd6b209_DSC06149.JPG",
            "transform_matrix": [
                [
                    -0.16450869172991678,
                    -0.1499047086303002,
                    -0.9749181856318895,
                    6.808715502239309
                ],
                [
                    0.9844984854975591,
                    0.03599471037110032,
                    -0.1716598755630244,
                    3.1338897433211845
                ],
                [
                    0.06082452135712719,
                    -0.9880450187900168,
                    0.14165951590313647,
                    -1.6058092574232894
                ],
                [
                    0.0,
                    0.0,
                    0.0,
                    1.0
                ]
            ],
            "is_bad": true,
            "mask_path": "0bd6b209_DSC06149.png"
        },
        {
            "file_path": "49df7a24_DSC07936.JPG",
            "transform_matrix": [
                [
                    -0.9987728401362477,
                    0.048833495722220406,
                    0.008252484578705161,
                    3.2047934108240326
                ],
                [
                    0.00435255473677242,
                    0.2525343899375815,
                    -0.967578129747731,
                    2.3809856065374366
                ],
                [
                    -0.0493342586185024,
                    -0.9663548373110167,
                    -0.2524370403331519,
                    -1.5405451324537474
                ],
                [
                    0.0,
                    0.0,
                    0.0,
                    1.0
                ]
            ],
            "is_bad": false,
            "mask_path": "49df7a24_DSC07936.png"
        },
        {
            "file_path": "49df7a24_DSC07442.JPG",
            "transform_matrix": [
                [
                    -0.36983464148610634,
                    -0.3612490889878884,
                    0.8559914915828687,
                    3.8110884662291724
                ],
                [
                    -0.9249782334989909,
                    0.22982183282781868,
                    -0.3026502811972102,
                    7.592086385457478
                ],
                [
                    -0.08739339511617265,
                    -0.9037040560167267,
                    -0.41914361933469346,
                    -1.9032426073136444
                ],
                [
                    0.0,
                    0.0,
                    0.0,
                    1.0
                ]
            ],
            "is_bad": false,
            "mask_path": "49df7a24_DSC07442.png"
        },
        {
            "file_path": "49df7a24_DSC07798.JPG",
            "transform_matrix": [
                [
                    0.4757714432143913,
                    0.07070730643652802,
                    0.876722311018823,
                    2.8744320238658925
                ],
                [
                    -0.8795512637850362,
                    0.03192520575784066,
                    0.47473187760194185,
                    5.693668247361406
                ],
                [
                    0.005577472173023318,
                    -0.9969860871916971,
                    0.0773798019534084,
                    -1.5909408267641743
                ],
                [
                    0.0,
                    0.0,
                    0.0,
                    1.0
                ]
            ],
            "is_bad": true,
            "mask_path": "49df7a24_DSC07798.png"
        },
        {
            "file_path": "49df7a24_DSC07310.JPG",
            "transform_matrix": [
                [
                    0.8811283383917577,
                    0.01489836843938041,
                    0.4726424546111191,
                    5.412624674240494
                ],
                [
                    -0.47237709969251257,
                    0.07368717021805683,
                    0.8783109225276345,
                    8.030235276250217
                ],
                [
                    -0.021742285277060656,
                    -0.9971701156588575,
                    0.0719655019285725,
                    -1.9974294551339395
                ],
                [
                    0.0,
                    0.0,
                    0.0,
                    1.0
                ]
            ],
            "is_bad": false,
            "mask_path": "49df7a24_DSC07310.png"
        },
        {
            "file_path": "49df7a24_DSC06728.JPG",
            "transform_matrix": [
                [
                    -0.3776623238197124,
                    -0.21374870362340176,
                    0.9009343266112186,
                    6.046657908118805
                ],
                [
                    -0.9259254124572115,
                    0.09324327765037839,
                    -0.36601614956031225,
                    4.590299250584133
                ],
                [
                    -0.0057705920872206905,
                    -0.9724284975628437,
                    -0.23312982948270095,
                    -1.537891563035582
                ],
                [
                    0.0,
                    0.0,
                    0.0,
                    1.0
                ]
            ],
            "is_bad": true,
            "mask_path": "49df7a24_DSC06728.png"
        },
        {
            "file_path": "49df7a24_DSC06448.JPG",
            "transform_matrix": [
                [
                    0.9113958781152489,
                    -0.008262599517199733,
                    -0.4114477886728179,
                    8.222389192047528
                ],
                [
                    0.4112355123031434,
                    -0.019578679019308393,
                    0.9113188403345063,
                    6.728465113243542
                ],
                [
                    -0.01558546679779171,
                    -0.9997741768904995,
                    -0.014446053011727505,
                    -1.5545691307782583
                ],
                [
                    0.0,
                    0.0,
                    0.0,
                    1.0
                ]
            ],
            "is_bad": false,
            "mask_path": "49df7a24_DSC06448.png"
        },
        {
            "file_path": "49df7a24_DSC07490.JPG",
            "transform_matrix": [
                [
                    -0.7712741149323374,
                    0.12776356980037595,
                    -0.6235484823710213,
                    3.423180971972772
                ],
                [
                    0.6346447126903004,
                    0.07955727983450275,
                    -0.7686980732898845,
                    8.876473184807162
                ],
                [
                    -0.048603788839815844,
                    -0.9886086735696785,
                    -0.14244494463902715,
                    -1.9500359119176105
                ],
                [
                    0.0,
                    0.0,
                    0.0,
                    1.0
                ]
            ],
            "is_bad": true,
            "mask_path": "49df7a24_DSC07490.png"
        },
        {
            "file_path": "0bd6b209_DSC06082.JPG",
            "transform_matrix": [
                [
                    -0.5509806450831801,
                    -0.2839691835345925,
                    0.7847176763310614,
                    5.914157531470976
                ],
                [
                    -0.8334574098466736,
                    0.2346421054292631,
                    -0.5002917432172935,
                    2.3494658933284867
                ],
                [
                    -0.04206036989136616,
                    -0.9296798293834391,
                    -0.3659594787981076,
                    -1.4939583885811674
                ],
                [
                    0.0,
                    0.0,
                    0.0,
                    1.0
                ]
            ],
            "is_bad": false,
            "mask_path": "0bd6b209_DSC06082.png"
        },
        {
            "file_path": "0bd6b209_DSC06247.JPG",
            "transform_matrix": [
                [
                    0.4270643449848222,
                    0.055152491849509405,
                    0.9025376711724977,
                    7.163586089540713
                ],
                [
                    -0.9040624757272416,
                    0.007340554223664452,
                    0.42733728628054657,
                    4.247957516289526
                ],
                [
                    0.016943589484437502,
                    -0.9984509596902996,
                    0.05299618730534787,
                    -1.5778199749715829
                ],
                [
                    0.0,
                    0.0,
                    0.0,
                    1.0
                ]
            ],
            "is_bad": true,
            "mask_path": "0bd6b209_DSC06247.png"
        },
        {
            "file_path": "49df7a24_DSC07104.JPG",
            "transform_matrix": [
                [
                    -0.981067877076504,
                    0.09541333610730184,
                    -0.168529273010587,
                    3.9760902902106783
                ],
                [
                    0.18472628393963617,
                    0.19972424858604382,
                    -0.9622818841423718,
                    6.459795345966032
                ],
                [
                    -0.058155142424852056,
                    -0.9751956315630291,
                    -0.21356839557839533,
                    -1.7120553129871583
                ],
                [
                    0.0,
                    0.0,
                    0.0,
                    1.0
                ]
            ],
            "is_bad": false,
            "mask_path": "49df7a24_DSC07104.png"
        },
        {
            "file_path": "49df7a24_DSC07891.JPG",
            "transform_matrix": [
                [
                    -0.8233034519993926,
                    0.10095088882656415,
                    -0.5585520065052234,
                    2.48372556147962
                ],
                [
                    0.5656872748656387,
                    0.06518552889174418,
                    -0.8220393870601279,
                    3.241925851284708
                ],
                [
                    -0.0465760988165759,
                    -0.9927536274767423,
                    -0.11077410415254231,
                    -1.5494982716167154
                ],
                [
                    0.0,
                    0.0,
                    0.0,
                    1.0
                ]
            ],
            "is_bad": false,
            "mask_path": "49df7a24_DSC07891.png"
        },
        {
            "file_path": "49df7a24_DSC07984.JPG",
            "transform_matrix": [
                [
                    0.42442497929852135,
                    0.08343991411786568,
                    -0.9016103469234656,
                    4.249815859084998
                ],
                [
                    0.9054543739936434,
                    -0.0347379540471021,
                    0.4230196817695376,
                    1.9301113473019853
                ],
                [
                    0.003976627117198072,
                    -0.9959071519376813,
                    -0.0902946906309897,
                    -1.5564433076141704
                ],
                [
                    0.0,
                    0.0,
                    0.0,
                    1.0
                ]
            ],
            "is_bad": false,
            "mask_path": "49df7a24_DSC07984.png"
        },
        {
            "file_path": "49df7a24_DSC06887.JPG",
            "transform_matrix": [
                [
                    0.4648744304813781,
                    -0.2493680344140243,
                    0.8495336057491198,
                    3.7834934807639615
                ],
                [
                    -0.8846386318542445,
                    -0.09165500923435922,
                    0.45718032581608475,
                    5.2520684581754855
                ],
                [
                    -0.036142148741686315,
                    -0.964061690295147,
                    -0.2632086670107932,
                    -1.5444797088873086
                ],
                [
                    0.0,
                    0.0,
                    0.0,
                    1.0
                ]
            ],
            "is_bad": true,
            "mask_path": "49df7a24_DSC06887.png"
        },
        {
            "file_path": "49df7a24_DSC07016.JPG",
            "transform_matrix": [
                [
                    -0.4847035396504017,
                    -0.1594619109834796,
                    0.8600199867420919,
                    2.605422824658332
                ],
                [
                    -0.8746371059585951,
                    0.09792739031236801,
                    -0.4747843290452853,
                    4.734472702167378
                ],
                [
                    -0.008509496503560088,
                    -0.982335037129444,
                    -0.18693705704634875,
                    -1.5524717984282503
                ],
                [
                    0.0,
                    0.0,
                    0.0,
                    1.0
                ]
            ],
            "is_bad": true,
            "mask_path": "49df7a24_DSC07016.png"
        },
        {
            "file_path": "49df7a24_DSC07148.JPG",
            "transform_matrix": [
                [
                    -0.7805280060871423,
                    -0.1815049694415881,
                    0.5981905865036983,
                    4.6139770749332785
                ],
                [
                    -0.6237726213845204,
                    0.2889520716716131,
                    -0.726233032220215,
                    7.171268156036012
                ],
                [
                    -0.041033504904098766,
                    -0.939980130824419,
                    -0.3387530149394901,
                    -1.9170078830514556
                ],
                [
                    0.0,
                    0.0,
                    0.0,
                    1.0
                ]
            ],
            "is_bad": true,
            "mask_path": "49df7a24_DSC07148.png"
        },
        {
            "file_path": "49df7a24_DSC06618.JPG",
            "transform_matrix": [
                [
                    0.9403540646493577,
                    -0.10259929489093707,
                    0.32435723791109367,
                    8.452866023531755
                ],
                [
                    -0.3401971457873372,
                    -0.2846290511583244,
                    0.896243385043851,
                    5.89503339982117
                ],
                [
                    0.0003675535068037933,
                    -0.9531315165939033,
                    -0.30255607245571037,
                    -1.5111643189932213
                ],
                [
                    0.0,
                    0.0,
                    0.0,
                    1.0
                ]
            ],
            "is_bad": false,
            "mask_path": "49df7a24_DSC06618.png"
        },
        {
            "file_path": "49df7a24_DSC06778.JPG",
            "transform_matrix": [
                [
                    0.696128200180774,
                    0.12487794618068365,
                    -0.7069731448016751,
                    5.499995401077825
                ],
                [
                    0.7179043591426744,
                    -0.11512863244194045,
                    0.6865556999370076,
                    5.252762025812929
                ],
                [
                    0.0043428144125805665,
                    -0.9854698861709283,
                    -0.16979470961497894,
                    -1.5508028193044774
                ],
                [
                    0.0,
                    0.0,
                    0.0,
                    1.0
                ]
            ],
            "is_bad": false,
            "mask_path": "49df7a24_DSC06778.png"
        },
        {
            "file_path": "49df7a24_DSC06553.JPG",
            "transform_matrix": [
                [
                    0.8776025698897088,
                    0.09494327720298107,
                    -0.4698930766003444,
                    7.658169425104423
                ],
                [
                    0.4757326425497599,
                    -0.051655013609612006,
                    0.8780718719909058,
                    7.274434233388657
                ],
                [
                    0.059094687879719644,
                    -0.9941416064540048,
                    -0.09050018884759205,
                    -1.6042517800966236
                ],
                [
                    0.0,
                    0.0,
                    0.0,
                    1.0
                ]
            ],
            "is_bad": false,
            "mask_path": "49df7a24_DSC06553.png"
        },
        {
            "file_path": "49df7a24_DSC07629.JPG",
            "transform_matrix": [
                [
                    0.21572671368179824,
                    0.39277035317069947,
                    -0.8939761935724101,
                    4.099390040226919
                ],
                [
                    0.9755097221653091,
                    -0.12693961695794095,
                    0.17963049743162463,
                    9.116494491857141
                ],
                [
                    -0.042927461665152176,
                    -0.9108335651021733,
                    -0.4105355644986822,
                    -1.9064741933232556
                ],
                [
                    0.0,
                    0.0,
                    0.0,
                    1.0
                ]
            ],
            "is_bad": true,
            "mask_path": "49df7a24_DSC07629.png"
        },
        {
            "file_path": "49df7a24_DSC07461.JPG",
            "transform_matrix": [
                [
                    -0.7381757312532425,
                    -0.16394077348087702,
                    0.6543852172682635,
                    3.440132726926697
                ],
                [
                    -0.6696515251957451,
                    0.29544633957913763,
                    -0.6813796997506611,
                    8.179970424362505
                ],
                [
                    -0.08162980210531605,
                    -0.9411880169338008,
                    -0.32787450676816315,
                    -1.9251328306721094
                ],
                [
                    0.0,
                    0.0,
                    0.0,
                    1.0
                ]
            ],
            "is_bad": false,
            "mask_path": "49df7a24_DSC07461.png"
        },
        {
            "file_path": "49df7a24_DSC07825.JPG",
            "transform_matrix": [
                [
                    0.9743019354653392,
                    0.005356885368524461,
                    -0.22518224247849122,
                    1.966883535285593
                ],
                [
                    0.22520414232238503,
                    -0.042427880787480415,
                    0.9733873685294676,
                    5.0038115931426885
                ],
                [
                    -0.004339680786952504,
                    -0.9990851708993739,
                    -0.042543959143872434,
                    -1.5566904223410452
                ],
                [
                    0.0,
                    0.0,
                    0.0,
                    1.0
                ]
            ],
            "is_bad": true,
            "mask_path": "49df7a24_DSC07825.png"
        },
        {
            "file_path": "0bd6b209_DSC05970.JPG",
            "transform_matrix": [
                [
                    -0.8665486053011447,
                    -0.03330925417162568,
                    -0.49797992754444526,
                    4.575812182885671
                ],
                [
                    0.497975900942301,
                    0.009007341537238176,
                    -0.8671440883031696,
                    1.219338928945187
                ],
                [
                    0.033369398126794785,
                    -0.999404503384371,
                    0.008781906609266593,
                    -1.6689658313781712
                ],
                [
                    0.0,
                    0.0,
                    0.0,
                    1.0
                ]
            ],
            "is_bad": false,
            "mask_path": "0bd6b209_DSC05970.png"
        },
        {
            "file_path": "49df7a24_DSC07775.JPG",
            "transform_matrix": [
                [
                    0.6908531920865447,
                    -0.10092486021960398,
                    0.7159162238512866,
                    3.688509553846363
                ],
                [
                    -0.7229937922959303,
                    -0.09457845366819859,
                    0.6843499780107267,
                    5.868735975882377
                ],
                [
                    -0.00135767646419116,
                    -0.9903883524614907,
                    -0.13830787404639278,
                    -1.7512979729336338
                ],
                [
                    0.0,
                    0.0,
                    0.0,
                    1.0
                ]
            ],
            "is_bad": false,
            "mask_path": "49df7a24_DSC07775.png"
        },
        {
            "file_path": "0bd6b209_DSC06121.JPG",
            "transform_matrix": [
                [
                    -0.7562203783524052,
                    -0.10552815618426446,
                    -0.6457511499152716,
                    6.210537070865956
                ],
                [
                    0.6495427532579356,
                    -0.0020705285463933783,
                    -0.7603222504975371,
                    2.897949618503804
                ],
                [
                    0.07889835901111004,
                    -0.9944141597764429,
                    0.07011082499490343,
                    -1.5873116583974591
                ],
                [
                    0.0,
                    0.0,
                    0.0,
                    1.0
                ]
            ],
            "is_bad": false,
            "mask_path": "0bd6b209_DSC06121.png"
        },
        {
            "file_path": "49df7a24_DSC07398.JPG",
            "transform_matrix": [
                [
                    -0.9919864819643978,
                    0.015574681873651911,
                    0.12538041667035166,
                    4.847916740509396
                ],
                [
                    -0.12480812053340783,
                    0.03346997869677881,
                    -0.9916162027593914,
                    7.7488326655006565
                ],
                [
                    -0.01964058677368656,
                    -0.9993183625905063,
                    -0.031257919646284146,
                    -1.988251757814267
                ],
                [
                    0.0,
                    0.0,
                    0.0,
                    1.0
                ]
            ],
            "is_bad": false,
            "mask_path": "49df7a24_DSC07398.png"
        },
        {
            "file_path": "0bd6b209_DSC06044.JPG",
            "transform_matrix": [
                [
                    -0.4160191720820043,
                    0.08889752782883777,
                    0.905000153594531,
                    5.361335268627857
                ],
                [
                    -0.9079086306475803,
                    -0.09672977000341496,
                    -0.40785447158358085,
                    1.9922013961109053
                ],
                [
                    0.05128320247253696,
                    -0.9913327297840052,
                    0.12095227159153854,
                    -1.6055460055310666
                ],
                [
                    0.0,
                    0.0,
                    0.0,
                    1.0
                ]
            ],
            "is_bad": false,
            "mask_path": "0bd6b209_DSC06044.png"
        },
        {
            "file_path": "49df7a24_DSC06710.JPG",
            "transform_matrix": [
                [
                    -0.5525967053151339,
                    -0.2927189470098354,
                    0.7803540858714803,
                    6.539458933662805
                ],
                [
                    -0.8333383662073992,
                    0.20929456448028463,
                    -0.5116082023245859,
                    4.207272590257642
                ],
                [
                    -0.013566454276833954,
                    -0.9330120060001706,
                    -0.359589415831299,
                    -1.5160015155532238
                ],
                [
                    0.0,
                    0.0,
                    0.0,
                    1.0
                ]
            ],
            "is_bad": true,
            "mask_path": "49df7a24_DSC06710.png"
        },
        {
            "file_path": "0bd6b209_DSC06178.JPG",
            "transform_matrix": [
                [
                    -0.7876733870208439,
                    -0.0019199262355107268,
                    -0.6160900496375207,
                    7.1947194283499245
                ],
                [
                    0.6159975384280666,
                    0.015152575801252493,
                    -0.7876023311907794,
                    3.619939555783126
                ],
                [
                    0.010847489556332747,
                    -0.9998833498612915,
                    -0.010752610868424686,
                    -1.5723640014854026
                ],
                [
                    0.0,
                    0.0,
                    0.0,
                    1.0
                ]
            ],
            "is_bad": false,
            "mask_path": "0bd6b209_DSC06178.png"
        },
        {
            "file_path": "49df7a24_DSC06673.JPG",
            "transform_matrix": [
                [
                    0.5994292166761321,
                    -0.12562938392443346,
                    0.790507351066267,
                    7.482077578368991
                ],
                [
                    -0.8000364763820416,
                    -0.12491314849601738,
                    0.5868034950398813,
                    4.775920420848234
                ],
                [
                    0.025025000564369137,
                    -0.9841818750757302,
                    -0.17538468040046792,
                    -1.538489017273948
                ],
                [
                    0.0,
                    0.0,
                    0.0,
                    1.0
                ]
            ],
            "is_bad": false,
            "mask_path": "49df7a24_DSC06673.png"
        },
        {
            "file_path": "49df7a24_DSC08033.JPG",
            "transform_matrix": [
                [
                    0.3948692606551715,
                    0.035308395292932185,
                    0.9180585951950319,
                    4.8049501128680205
                ],
                [
                    -0.9185012757451895,
                    -0.007478552371962059,
                    0.3953472874687238,
                    1.8670806688109876
                ],
                [
                    0.02082482758863035,
                    -0.9993484820002764,
                    0.029477755675186883,
                    -1.5871822710711585
                ],
                [
                    0.0,
                    0.0,
                    0.0,
                    1.0
                ]
            ],
            "is_bad": false,
            "mask_path": "49df7a24_DSC08033.png"
        },
        {
            "file_path": "49df7a24_DSC07915.JPG",
            "transform_matrix": [
                [
                    -0.8870417011990795,
                    -0.05744536751187083,
                    0.45810157179960725,
                    2.871126539369905
                ],
                [
                    -0.4612288661240527,
                    0.15456243159650426,
                    -0.8737152784476755,
                    2.8390951028488693
                ],
                [
                    -0.020614397584363838,
                    -0.9863115554886313,
                    -0.16359878398641026,
                    -1.5543831735494595
                ],
                [
                    0.0,
                    0.0,
                    0.0,
                    1.0
                ]
            ],
            "is_bad": false,
            "mask_path": "49df7a24_DSC07915.png"
        },
        {
            "file_path": "49df7a24_DSC07873.JPG",
            "transform_matrix": [
                [
                    -0.5299849587632651,
                    0.09098923255113124,
                    -0.8431114416519658,
                    2.106153963283167
                ],
                [
                    0.8446568203246833,
                    -0.03164780407521614,
                    -0.5343718484128935,
                    3.657012472885113
                ],
                [
                    -0.07530471010299318,
                    -0.9953488715304663,
                    -0.06008181571267035,
                    -1.5482953554091419
                ],
                [
                    0.0,
                    0.0,
                    0.0,
                    1.0
                ]
            ],
            "is_bad": false,
            "mask_path": "49df7a24_DSC07873.png"
        },
        {
            "file_path": "49df7a24_DSC07963.JPG",
            "transform_matrix": [
                [
                    -0.44304599878649326,
                    0.04592773186624231,
                    -0.895321666444469,
                    3.7345782938954537
                ],
                [
                    0.8964943616506055,
                    0.02586812424241895,
                    -0.44229933266607147,
                    2.139974131434254
                ],
                [
                    0.002846486949209759,
                    -0.9986097754347296,
                    -0.05263472160320266,
                    -1.5638127602203047
                ],
                [
                    0.0,
                    0.0,
                    0.0,
                    1.0
                ]
            ],
            "is_bad": true,
            "mask_path": "49df7a24_DSC07963.png"
        },
        {
            "file_path": "49df7a24_DSC07811.JPG",
            "transform_matrix": [
                [
                    0.864081371689471,
                    -0.0631822840043762,
                    0.4993709864291598,
                    2.4503050428756286
                ],
                [
                    -0.5033509578376789,
                    -0.1106176458888519,
                    0.8569723155749541,
                    5.336239398212859
                ],
                [
                    0.0010937747174431939,
                    -0.9918526782773731,
                    -0.1273855103646737,
                    -1.5592818872939127
                ],
                [
                    0.0,
                    0.0,
                    0.0,
                    1.0
                ]
            ],
            "is_bad": false,
            "mask_path": "49df7a24_DSC07811.png"
        },
        {
            "file_path": "49df7a24_DSC07059.JPG",
            "transform_matrix": [
                [
                    -0.7913817848812686,
                    0.09141461256614629,
                    -0.6044487068126789,
                    3.116567724060562
                ],
                [
                    0.6109418274144275,
                    0.15314213287656003,
                    -0.7767223253219507,
                    5.197548782176969
                ],
                [
                    0.021562793734990107,
                    -0.9839668976888402,
                    -0.1770429049099199,
                    -1.5714091260604948
                ],
                [
                    0.0,
                    0.0,
                    0.0,
                    1.0
                ]
            ],
            "is_bad": false,
            "mask_path": "49df7a24_DSC07059.png"
        },
        {
            "file_path": "49df7a24_DSC06745.JPG",
            "transform_matrix": [
                [
                    0.666420348858894,
                    0.011961004751790641,
                    0.7454802834361999,
                    5.503366388368623
                ],
                [
                    -0.7451581197986316,
                    0.044166178777835116,
