{
    "fl_x": 622.6783876249513,
    "fl_y": 622.7433481763102,
    "cx": 876.0,
    "cy": 584.0,
    "w": 1752,
    "h": 1168,
    "k1": 0.0,
    "k2": 0.0,
    "k3": 0.0,
    "k4": 0.0,
    "camera_model": "PINHOLE",
    "has_mask": true,
    "aabb_range": [
        [
            0.06256211549043655,
            0.07227611541748047,
            -3.598555564880371
        ],
        [
            3.952700138092041,
            5.275067329406738,
            -0.03309820219874382
        ]
    ],
    "frames": [
        {
            "file_path": "DSC02747.JPG",
            "transform_matrix": [
                [
                    -0.926292849258412,
                    -0.029184908889474167,
                    -0.3756724617347496,
                    1.4478426598985108
                ],
                [
                    0.3764410314148817,
                    -0.027901215251897208,
                    -0.9260203410588606,
                    1.2599521619227747
                ],
                [
                    0.01654410106453186,
                    -0.9991845491602546,
                    0.0368310933775548,
                    -0.680965643540976
                ],
                [
                    0.0,
                    0.0,
                    0.0,
                    1.0
                ]
            ],
            "is_bad": false,
            "mask_path": "DSC02747.png"
        },
        {
            "file_path": "DSC02529.JPG",
            "transform_matrix": [
                [
                    0.2632870390136192,
                    -0.2339315673104752,
                    0.9359251876635785,
                    2.4825446003624605
                ],
                [
                    -0.9646502334559366,
                    -0.052379324102403695,
                    0.2582756928167651,
                    4.078767000462428
                ],
                [
                    -0.011395708878590996,
                    -0.9708410931878805,
                    -0.23945293816721866,
                    -1.5844691053760185
                ],
                [
                    0.0,
                    0.0,
                    0.0,
                    1.0
                ]
            ],
            "is_bad": false,
            "mask_path": "DSC02529.png"
        },
        {
            "file_path": "DSC02679.JPG",
            "transform_matrix": [
                [
                    0.8055188727739652,
                    0.05636943277476612,
                    -0.589882897407283,
                    1.3756941867733938
                ],
                [
                    0.5913948110021009,
                    -0.1391405674771108,
                    0.7942871521068039,
                    2.7601676074512578
                ],
                [
                    -0.037303124865746745,
                    -0.9886669760494676,
                    -0.14541694311342054,
                    -1.590174940468491
                ],
                [
                    0.0,
                    0.0,
                    0.0,
                    1.0
                ]
            ],
            "is_bad": false,
            "mask_path": "DSC02679.png"
        },
        {
            "file_path": "DSC02101.JPG",
            "transform_matrix": [
                [
                    -0.7172727359585422,
                    -0.18146705058540935,
                    -0.6727477475267977,
                    1.0447403433109104
                ],
                [
                    0.6939971921343563,
                    -0.09965553707794748,
                    -0.7130474537079109,
                    1.0910150519992003
                ],
                [
                    0.06235158025404837,
                    -0.9783345457876556,
                    0.1974178233044946,
                    -1.7314506091683004
                ],
                [
                    0.0,
                    0.0,
                    0.0,
                    1.0
                ]
            ],
            "is_bad": false,
            "mask_path": "DSC02101.png"
        },
        {
            "file_path": "DSC02829.JPG",
            "transform_matrix": [
                [
                    -0.8001668085997419,
                    0.3766251500708861,
                    -0.46678322029544494,
                    1.6554070473633675
                ],
                [
                    0.5896512797520175,
                    0.35156871729681033,
                    -0.7271250272855992,
                    2.918179346773571
                ],
                [
                    -0.109747194506792,
                    -0.8570606357500953,
                    -0.5033911202489872,
                    -0.57251321374149
                ],
                [
                    0.0,
                    0.0,
                    0.0,
                    1.0
                ]
            ],
            "is_bad": false,
            "mask_path": "DSC02829.png"
        },
        {
            "file_path": "DSC02715.JPG",
            "transform_matrix": [
                [
                    0.4344410221758732,
                    0.008363362831205097,
                    -0.9006614527184651,
                    1.8895140701438464
                ],
                [
                    0.8996472375534341,
                    -0.05236878457791589,
                    0.4334655215404182,
                    1.7121164994318223
                ],
                [
                    -0.04354131616358596,
                    -0.998592792165047,
                    -0.030275224569888598,
                    -1.6106124543265241
                ],
                [
                    0.0,
                    0.0,
                    0.0,
                    1.0
                ]
            ],
            "is_bad": false,
            "mask_path": "DSC02715.png"
        },
        {
            "file_path": "DSC02620.JPG",
            "transform_matrix": [
                [
                    0.8380328653118657,
                    -0.020677242196568368,
                    0.5452278132233612,
                    2.3763014797740762
                ],
                [
                    -0.5447229337178392,
                    0.025564100127785032,
                    0.8382263430998134,
                    2.756237479142722
                ],
                [
                    -0.03127046752151368,
                    -0.9994593180514155,
                    0.010160188048698652,
                    -1.6293276190343289
                ],
                [
                    0.0,
                    0.0,
                    0.0,
                    1.0
                ]
            ],
            "is_bad": false,
            "mask_path": "DSC02620.png"
        },
        {
            "file_path": "DSC02917.JPG",
            "transform_matrix": [
                [
                    0.960389280743227,
                    -0.08839942516392488,
                    -0.2642687478007842,
                    1.0966243981151547
                ],
                [
                    0.225311249138246,
                    -0.3117043201434089,
                    0.9230792261857583,
                    2.066900294316184
                ],
                [
                    -0.16397338334397485,
                    -0.9460581157807498,
                    -0.27944010292029803,
                    -1.5190770241195082
                ],
                [
                    0.0,
                    0.0,
                    0.0,
                    1.0
                ]
            ],
            "is_bad": false,
            "mask_path": "DSC02917.png"
        },
        {
            "file_path": "DSC02594.JPG",
            "transform_matrix": [
                [
                    0.9964263796182058,
                    -0.003311772721540631,
                    -0.08440084219008848,
                    2.504478849985314
                ],
                [
                    0.08445116687698774,
                    0.05765544505810074,
                    0.9947581867309602,
                    3.4232082570017717
                ],
                [
                    0.0015717550924031099,
                    -0.9983310482082551,
                    0.05772908945528508,
                    -1.633296688509382
                ],
                [
                    0.0,
                    0.0,
                    0.0,
                    1.0
                ]
            ],
            "is_bad": false,
            "mask_path": "DSC02594.png"
        },
        {
            "file_path": "DSC02177.JPG",
            "transform_matrix": [
                [
                    -0.9977390818204487,
                    -0.006789947277025004,
                    -0.06686270428320179,
                    1.1931117349557745
                ],
                [
                    0.06703252713894561,
                    -0.02898610146784888,
                    -0.9973296577496639,
                    1.5673872092518915
                ],
                [
                    0.004833726663165744,
                    -0.9995567530348994,
                    0.029375713589205224,
                    -1.639724449681383
                ],
                [
                    0.0,
                    0.0,
                    0.0,
                    1.0
                ]
            ],
            "is_bad": false,
            "mask_path": "DSC02177.png"
        },
        {
            "file_path": "DSC02701.JPG",
            "transform_matrix": [
                [
                    0.6324564279027388,
                    0.2592374191764066,
                    -0.7299279603517478,
                    1.5753756453360779
                ],
                [
                    0.7686561541656651,
                    -0.3265190148233775,
                    0.5500482248148976,
                    2.085924217368549
                ],
                [
                    -0.095742276282512,
                    -0.9089451542626356,
                    -0.40577348739748376,
                    -1.5294220711427853
                ],
                [
                    0.0,
                    0.0,
                    0.0,
                    1.0
                ]
            ],
            "is_bad": false,
            "mask_path": "DSC02701.png"
        },
        {
            "file_path": "DSC02867.JPG",
            "transform_matrix": [
                [
                    0.7059357539388997,
                    0.24767790207566187,
                    0.6635588656133806,
                    1.3139306490810727
                ],
                [
                    -0.7081530253590494,
                    0.22936842474620006,
                    0.6677644932191832,
                    2.340770406783649
                ],
                [
                    0.013191057029028152,
                    -0.9413000491622457,
                    0.3373132275224486,
                    -1.6941317326399954
                ],
                [
                    0.0,
                    0.0,
                    0.0,
                    1.0
                ]
            ],
            "is_bad": false,
            "mask_path": "DSC02867.png"
        },
        {
            "file_path": "DSC02442.JPG",
            "transform_matrix": [
                [
                    0.6739644914069405,
                    0.30440324532488783,
                    -0.6731348516889174,
                    2.130304396266186
                ],
                [
                    0.7353373857280954,
                    -0.36406891954723747,
                    0.571605415448697,
                    3.974798670232743
                ],
                [
                    -0.07106893465611021,
                    -0.8802229751917316,
                    -0.46920861082407933,
                    -1.524696528851861
                ],
                [
                    0.0,
                    0.0,
                    0.0,
                    1.0
                ]
            ],
            "is_bad": false,
            "mask_path": "DSC02442.png"
        },
        {
            "file_path": "DSC02579.JPG",
            "transform_matrix": [
                [
                    0.9584840589294619,
                    -0.1789095635898722,
                    0.22203530537773908,
                    2.641327996178056
                ],
                [
                    -0.2751586008386344,
                    -0.3760377436156587,
                    0.8848069618628518,
                    3.759183995536401
                ],
                [
                    -0.07480677217090495,
                    -0.9091682921398688,
                    -0.40965468800545296,
                    -1.548756159418091
                ],
                [
                    0.0,
                    0.0,
                    0.0,
                    1.0
                ]
            ],
            "is_bad": false,
            "mask_path": "DSC02579.png"
        },
        {
            "file_path": "DSC02608.JPG",
            "transform_matrix": [
                [
                    0.9758530273967247,
                    0.07697773014000327,
                    0.20441452488298995,
                    2.3208223883881387
                ],
                [
                    -0.2141182656416035,
                    0.15213245567071126,
                    0.964888120068969,
                    3.095993598665979
                ],
                [
                    0.04317681367675402,
                    -0.985357876608337,
                    0.1649412555021675,
                    -1.6397793986430678
                ],
                [
                    0.0,
                    0.0,
                    0.0,
                    1.0
                ]
            ],
            "is_bad": false,
            "mask_path": "DSC02608.png"
        },
        {
            "file_path": "DSC02093.JPG",
            "transform_matrix": [
                [
                    -0.9355264454440362,
                    0.04167397368377209,
                    -0.3507898940851205,
                    1.2792367222584273
                ],
                [
                    0.3523367486443399,
                    0.03846021897021696,
                    -0.9350826846389029,
                    0.9962953976227316
                ],
                [
                    -0.025477155052739946,
                    -0.9983907508957433,
                    -0.05066382433503619,
                    -1.5991358409490335
                ],
                [
                    0.0,
                    0.0,
                    0.0,
                    1.0
                ]
            ],
            "is_bad": false,
            "mask_path": "DSC02093.png"
        },
        {
            "file_path": "DSC02187.JPG",
            "transform_matrix": [
                [
                    -0.9584433901510657,
                    -0.07592751410177181,
                    -0.2749932371496753,
                    1.2460281850634098
                ],
                [
                    0.28129810637561736,
                    -0.09097944830020095,
                    -0.9552979196755759,
                    1.8468685725882859
                ],
                [
                    0.04751466326539695,
                    -0.9929540536144242,
                    0.10855691680155449,
                    -1.646741969797116
                ],
                [
                    0.0,
                    0.0,
                    0.0,
                    1.0
                ]
            ],
            "is_bad": false,
            "mask_path": "DSC02187.png"
        },
        {
            "file_path": "DSC02854.JPG",
            "transform_matrix": [
                [
                    0.3235173328236515,
                    0.14368954832020325,
                    0.9352485493526346,
                    1.58253865585331
                ],
                [
                    -0.9454349393211197,
                    0.008775265204298976,
                    0.3256927543429026,
                    2.3811986521563444
                ],
                [
                    0.03859159071018918,
                    -0.9895839067123772,
                    0.1386880697909047,
                    -1.6517423257980794
                ],
                [
                    0.0,
                    0.0,
                    0.0,
                    1.0
                ]
            ],
            "is_bad": false,
            "mask_path": "DSC02854.png"
        },
        {
            "file_path": "DSC02166.JPG",
            "transform_matrix": [
                [
                    -0.9481112507831174,
                    0.08168394410271716,
                    -0.30726664220884253,
                    1.1836149811875885
                ],
                [
                    0.31779029277938936,
                    0.2139410914366609,
                    -0.9237091204540963,
                    1.2983737885353015
                ],
                [
                    -0.009715243366104697,
                    -0.9734253657423944,
                    -0.22879832030769565,
                    -1.6093214468554888
                ],
                [
                    0.0,
                    0.0,
                    0.0,
                    1.0
                ]
            ],
            "is_bad": false,
            "mask_path": "DSC02166.png"
        },
        {
            "file_path": "DSC02853.JPG",
            "transform_matrix": [
                [
                    0.5246057933603826,
                    0.12466238074941789,
                    0.8421686603042231,
                    2.112597670488357
                ],
                [
                    -0.8509284628633104,
                    0.10773085424047062,
                    0.514115564959573,
                    2.7464569781024757
                ],
                [
                    -0.02663667888093414,
                    -0.9863332874188647,
                    0.16259499828619736,
                    -1.6472193281542624
                ],
                [
                    0.0,
                    0.0,
                    0.0,
                    1.0
                ]
            ],
            "is_bad": false,
            "mask_path": "DSC02853.png"
        },
        {
            "file_path": "DSC02638.JPG",
            "transform_matrix": [
                [
                    0.23210487863863227,
                    0.17697282709538303,
                    -0.956455928823703,
                    1.3846684274713148
                ],
                [
                    0.9726328323711453,
                    -0.03149514088920485,
                    0.23020301799510082,
                    3.0109529593164828
                ],
                [
                    0.010615964667864547,
                    -0.9837116826439728,
                    -0.17943975792430686,
                    -1.6012330720778691
                ],
                [
                    0.0,
                    0.0,
                    0.0,
                    1.0
                ]
            ],
            "is_bad": false,
            "mask_path": "DSC02638.png"
        },
        {
            "file_path": "DSC02708.JPG",
            "transform_matrix": [
                [
                    0.45205267936583593,
                    0.15738324093907544,
                    -0.8779970902854303,
                    1.6899069365661747
                ],
                [
                    0.888571478340028,
                    -0.16556354246782115,
                    0.42781940265271157,
                    1.8705304895248815
                ],
                [
                    -0.07803270441799222,
                    -0.9735600797470174,
                    -0.21468970204505705,
                    -1.5640729782962455
                ],
                [
                    0.0,
                    0.0,
                    0.0,
                    1.0
                ]
            ],
            "is_bad": false,
            "mask_path": "DSC02708.png"
        },
        {
            "file_path": "DSC02686.JPG",
            "transform_matrix": [
                [
                    0.814609346616577,
                    0.12418961627071622,
                    -0.5665585156146238,
                    1.350012422233952
                ],
                [
                    0.5762429997482392,
                    -0.284435582622709,
                    0.7661856201856252,
                    2.5278604076473523
                ],
                [
                    -0.06599710331570918,
                    -0.9506173460171092,
                    -0.30326728113221063,
                    -1.5558804163045028
                ],
                [
                    0.0,
                    0.0,
                    0.0,
                    1.0
                ]
            ],
            "is_bad": false,
            "mask_path": "DSC02686.png"
        },
        {
            "file_path": "DSC02379.JPG",
            "transform_matrix": [
                [
                    0.07258369296568973,
                    0.026504741816253036,
                    -0.9970100832873839,
                    2.205899824049756
                ],
                [
                    0.9972075322619278,
                    -0.019539992349976013,
                    0.07207861193890351,
                    4.13423876693642
                ],
                [
                    -0.017571144400369904,
                    -0.9994576966336377,
                    -0.0278490129851078,
                    -1.6358742966253068
                ],
                [
                    0.0,
                    0.0,
                    0.0,
                    1.0
                ]
            ],
            "is_bad": false,
            "mask_path": "DSC02379.png"
        },
        {
            "file_path": "DSC02880.JPG",
            "transform_matrix": [
                [
                    0.9546410163431068,
                    0.10852596635734812,
                    0.27727719801960743,
                    1.1742474007502897
                ],
                [
                    -0.2975055601968476,
                    0.30922047192121993,
                    0.9032569631045083,
                    2.188349857787752
                ],
                [
                    0.0122870487653033,
                    -0.9447776534037111,
                    0.3274816240060148,
                    -1.6781733382160413
                ],
                [
                    0.0,
                    0.0,
                    0.0,
                    1.0
                ]
            ],
            "is_bad": false,
            "mask_path": "DSC02880.png"
        },
        {
            "file_path": "DSC02601.JPG",
            "transform_matrix": [
                [
                    0.9968876583828268,
                    0.009955242776362628,
                    0.07820415401542948,
                    2.432403202903293
                ],
                [
                    -0.07882677616026175,
                    0.14041639092835484,
                    0.9869496322096869,
                    3.247157816590808
                ],
                [
                    -0.001155821865763047,
                    -0.9900424891386832,
                    0.1407641068450882,
                    -1.6434885070669891
                ],
                [
                    0.0,
                    0.0,
                    0.0,
                    1.0
                ]
            ],
            "is_bad": false,
            "mask_path": "DSC02601.png"
        },
        {
            "file_path": "DSC02692.JPG",
            "transform_matrix": [
                [
                    0.7999372361283774,
                    0.1997049554831968,
                    -0.5658783871210729,
                    1.4474631326683145
                ],
                [
                    0.5974399504819886,
                    -0.3534622579302907,
                    0.7198124323647791,
                    2.3513640334130477
                ],
                [
                    -0.05626654266410555,
                    -0.913883123257167,
                    -0.4020593403993412,
                    -1.529369993347471
                ],
                [
                    0.0,
                    0.0,
                    0.0,
                    1.0
                ]
            ],
            "is_bad": false,
            "mask_path": "DSC02692.png"
        },
        {
            "file_path": "DSC02476.JPG",
            "transform_matrix": [
                [
                    0.9073492495310242,
                    -0.12305224131521018,
                    0.40196453236920077,
                    2.600852886032536
                ],
                [
                    -0.41985893799130075,
                    -0.21778490538169157,
                    0.8810721918076321,
                    3.9379027502023316
                ],
                [
                    -0.02087610031361153,
                    -0.968208593690012,
                    -0.2492715538133163,
                    -1.5868135076843524
                ],
                [
                    0.0,
                    0.0,
                    0.0,
                    1.0
                ]
            ],
            "is_bad": false,
            "mask_path": "DSC02476.png"
        },
        {
            "file_path": "DSC02270.JPG",
            "transform_matrix": [
                [
                    -0.9957439321063981,
                    0.03358882098872737,
                    -0.08582431344249063,
                    1.2501816352864843
                ],
                [
                    0.08840652655257634,
                    0.08495327703259062,
                    -0.9924551510190933,
                    2.024415160484182
                ],
                [
                    -0.026044341730909467,
                    -0.9958186239602117,
                    -0.08756118111236515,
                    -1.5968572316061949
                ],
                [
                    0.0,
                    0.0,
                    0.0,
                    1.0
                ]
            ],
            "is_bad": false,
            "mask_path": "DSC02270.png"
        },
        {
            "file_path": "DSC02797.JPG",
            "transform_matrix": [
                [
                    -0.9843070436609839,
                    -0.05342031443058283,
                    -0.16818416633414482,
                    1.5741771068653723
                ],
                [
                    0.17608948225903734,
                    -0.23525756192784764,
                    -0.9558485098557769,
                    2.8829418955579706
                ],
                [
                    0.01149513101786111,
                    -0.970463883697844,
                    0.24097243079028696,
                    -0.7237738365767029
                ],
                [
                    0.0,
                    0.0,
                    0.0,
                    1.0
                ]
            ],
            "is_bad": false,
            "mask_path": "DSC02797.png"
        },
        {
            "file_path": "DSC02588.JPG",
            "transform_matrix": [
                [
                    0.9979973939998408,
                    -0.0057679621486005335,
                    -0.06299152468531015,
                    2.5456017801060953
                ],
                [
                    0.06182704238133854,
                    -0.12145563510200846,
                    0.99066944312033,
                    3.586501383160569
                ],
                [
                    -0.01336481948639189,
                    -0.9925801022157462,
                    -0.12085579127818491,
                    -1.591391611643575
                ],
                [
                    0.0,
                    0.0,
                    0.0,
                    1.0
                ]
            ],
            "is_bad": false,
            "mask_path": "DSC02588.png"
        },
        {
            "file_path": "DSC02279.JPG",
            "transform_matrix": [
                [
                    -0.9974784645699081,
                    0.05517724327977967,
                    -0.04463389455675132,
                    1.2602179879637652
                ],
                [
                    0.05917020963029859,
                    0.2993144103980471,
                    -0.9523181033774253,
                    2.260331381699088
                ],
                [
                    -0.03918671983677155,
                    -0.9525577964365803,
                    -0.3018245275591782,
                    -1.5554052547546116
                ],
                [
                    0.0,
                    0.0,
                    0.0,
                    1.0
                ]
            ],
            "is_bad": false,
            "mask_path": "DSC02279.png"
        },
        {
            "file_path": "DSC02613.JPG",
            "transform_matrix": [
                [
                    0.9343372199912762,
                    0.0464775491913633,
                    0.353346567494489,
                    2.338145970378911
                ],
                [
                    -0.3563897299630011,
                    0.12342162456715047,
                    0.9261498058986483,
                    2.931531204382146
                ],
                [
                    -0.0005654342331699329,
                    -0.9912653227115177,
                    0.13188153879053086,
                    -1.6456631139152953
                ],
                [
                    0.0,
                    0.0,
                    0.0,
                    1.0
                ]
            ],
            "is_bad": false,
            "mask_path": "DSC02613.png"
        },
        {
            "file_path": "DSC02161.JPG",
            "transform_matrix": [
                [
                    -0.8751842251428593,
                    0.14542852548859134,
                    -0.4614142564283287,
                    1.1392255138151202
                ],
                [
                    0.48377083646437447,
                    0.25462755025074923,
                    -0.8373354097611434,
                    1.1434609739734327
                ],
                [
                    -0.004283672215832092,
                    -0.9560415025654047,
                    -0.2932000946876228,
                    -1.6060641538192706
                ],
                [
                    0.0,
                    0.0,
                    0.0,
                    1.0
                ]
            ],
            "is_bad": false,
            "mask_path": "DSC02161.png"
        },
        {
            "file_path": "DSC02354.JPG",
            "transform_matrix": [
                [
                    0.20628137868946245,
                    0.5238879179443746,
                    -0.8264317529220934,
                    2.2097833565132197
                ],
                [
                    0.9768409874923173,
                    -0.159310892435842,
                    0.14283460612306073,
                    4.099335825486204
                ],
                [
                    -0.05683025568312093,
                    -0.836756529095056,
                    -0.544618061631991,
                    -1.482813768268061
                ],
                [
                    0.0,
                    0.0,
                    0.0,
                    1.0
                ]
            ],
            "is_bad": false,
            "mask_path": "DSC02354.png"
        },
        {
            "file_path": "DSC02309.JPG",
            "transform_matrix": [
                [
                    -0.96762231771969,
                    -0.06089319752476721,
                    -0.2449470733566438,
                    1.4614014599014964
                ],
                [
                    0.250008174252359,
                    -0.09787301202487234,
                    -0.9632843745873705,
                    2.8784229555794236
                ],
                [
                    0.03468375783817857,
                    -0.9933342297597466,
                    0.10992790787526932,
                    -1.633347209487125
                ],
                [
                    0.0,
                    0.0,
                    0.0,
                    1.0
                ]
            ],
            "is_bad": false,
            "mask_path": "DSC02309.png"
        },
        {
            "file_path": "DSC02845.JPG",
            "transform_matrix": [
                [
                    0.6901534283798333,
                    0.24390967715726516,
                    0.6813195393386275,
                    2.239588818556795
                ],
                [
                    -0.7209059735451762,
                    0.14962331279632504,
                    0.6766885853734591,
                    2.819281125887829
                ],
                [
                    0.06310960784573552,
                    -0.9581862729432574,
                    0.2790989855600808,
                    -1.680931008577722
                ],
                [
                    0.0,
                    0.0,
                    0.0,
                    1.0
                ]
            ],
            "is_bad": false,
            "mask_path": "DSC02845.png"
        },
        {
            "file_path": "DSC02047.JPG",
            "transform_matrix": [
                [
                    -0.9866744661903198,
                    -0.07000035444611052,
                    0.1468790255464218,
                    1.1641520400578902
                ],
                [
                    -0.16251656692264654,
                    0.3803567179039779,
                    -0.9104488632652528,
                    1.0314307358977002
                ],
                [
                    0.007865319047854697,
                    -0.922186921140575,
                    -0.3866644788877598,
                    -1.5091471788161495
                ],
                [
                    0.0,
                    0.0,
                    0.0,
                    1.0
                ]
            ],
            "is_bad": false,
            "mask_path": "DSC02047.png"
        },
        {
            "file_path": "DSC02294.JPG",
            "transform_matrix": [
                [
                    -0.9558794390339989,
                    0.025348129555539986,
                    -0.29266357880693483,
                    1.4557363482646222
                ],
                [
                    0.28736850315703655,
                    0.2873667117191936,
                    -0.9136956366257759,
                    2.6328683190500763
                ],
                [
                    0.06094129491019799,
                    -0.9574851671559896,
                    -0.28197218524339357,
                    -1.5587692084539952
                ],
                [
                    0.0,
                    0.0,
                    0.0,
                    1.0
                ]
            ],
            "is_bad": false,
            "mask_path": "DSC02294.png"
        },
        {
            "file_path": "DSC02716.JPG",
            "transform_matrix": [
                [
                    -0.9953337309523083,
                    0.006587934833204463,
                    -0.09626714467143198,
                    1.3733035693746833
                ],
                [
                    0.0930733837376309,
                    0.3287666009991344,
                    -0.9398137407524445,
                    1.3299042877237
                ],
                [
                    0.025457990262091064,
                    -0.9443882258807066,
                    -0.3278456489717466,
                    -0.5756329577959224
                ],
                [
                    0.0,
                    0.0,
                    0.0,
                    1.0
                ]
            ],
            "is_bad": false,
            "mask_path": "DSC02716.png"
        },
        {
            "file_path": "DSC02182.JPG",
            "transform_matrix": [
                [
                    -0.9926857319114577,
                    -0.06493831238076772,
                    -0.10177452158841498,
                    1.238000264812957
                ],
                [
                    0.10839654226557657,
                    -0.10826696682471643,
                    -0.9881945423444933,
                    1.6969684512242367
                ],
                [
                    0.053152867131322085,
                    -0.9919986287690691,
                    0.11451416172686435,
                    -1.6519471793227378
                ],
                [
                    0.0,
                    0.0,
                    0.0,
                    1.0
                ]
            ],
            "is_bad": false,
            "mask_path": "DSC02182.png"
        },
        {
            "file_path": "DSC02861.JPG",
            "transform_matrix": [
                [
                    0.5530989296958313,
                    0.2817077077442484,
                    0.7840423084035754,
                    1.4556478918226123
                ],
                [
                    -0.8327111844933794,
                    0.15761381226519,
                    0.5308012522619618,
                    2.343776433592993
                ],
                [
                    0.02595490683780645,
                    -0.9464664038309627,
                    0.32175718986578405,
                    -1.6815663485245451
                ],
                [
                    0.0,
                    0.0,
                    0.0,
                    1.0
                ]
            ],
            "is_bad": false,
            "mask_path": "DSC02861.png"
        },
        {
            "file_path": "DSC02890.JPG",
            "transform_matrix": [
                [
                    0.9995729748093981,
                    -0.01307654360210335,
                    -0.026131820413310185,
                    1.0872991797980476
                ],
                [
                    0.02886206192075658,
                    0.3020770433914368,
                    0.9528464940574486,
                    2.085925766909776
                ],
                [
                    -0.004566115676765243,
                    -0.9531938228205802,
                    0.30232546489555895,
                    -1.6744430064386777
                ],
                [
                    0.0,
                    0.0,
                    0.0,
                    1.0
                ]
            ],
            "is_bad": false,
            "mask_path": "DSC02890.png"
        },
        {
            "file_path": "DSC02697.JPG",
            "transform_matrix": [
                [
                    0.7394275549197566,
                    0.24533253202645083,
                    -0.6269440483447309,
                    1.5263613905555786
