{
    "fl_x": 464.83570941108223,
    "fl_y": 465.3125847434638,
    "cx": 876.0,
    "cy": 584.0,
    "w": 1752,
    "h": 1168,
    "k1": 0.0,
    "k2": 0.0,
    "k3": 0.0,
    "k4": 0.0,
    "camera_model": "PINHOLE",
    "has_mask": true,
    "aabb_range": [
        [
            0.06222400441765785,
            0.005129501689225435,
            -2.662757158279419
        ],
        [
            3.319183349609375,
            4.085064888000488,
            -0.07799722999334335
        ]
    ],
    "frames": [
        {
            "file_path": "DSC07273.JPG",
            "transform_matrix": [
                [
                    -0.7524650214597761,
                    -0.0049077441398707004,
                    0.6586139275227906,
                    1.8341240188637358
                ],
                [
                    -0.658217129088638,
                    0.04109950823636791,
                    -0.751705421955329,
                    1.4692786291308462
                ],
                [
                    -0.02337953065929938,
                    -0.9991430050148908,
                    -0.034156303605111946,
                    -1.482183501748558
                ],
                [
                    0.0,
                    0.0,
                    0.0,
                    1.0
                ]
            ],
            "is_bad": false,
            "mask_path": "DSC07273.png"
        },
        {
            "file_path": "DSC07334.JPG",
            "transform_matrix": [
                [
                    0.4208583591751056,
                    -0.25092634703357675,
                    0.8717305833093287,
                    1.6963883991023958
                ],
                [
                    -0.9035335865953271,
                    -0.03051163134403645,
                    0.427429641282526,
                    2.5305794034062465
                ],
                [
                    -0.08065543631164014,
                    -0.9675251979752827,
                    -0.23956145740971782,
                    -1.4075222390110609
                ],
                [
                    0.0,
                    0.0,
                    0.0,
                    1.0
                ]
            ],
            "is_bad": false,
            "mask_path": "DSC07334.png"
        },
        {
            "file_path": "DSC06628.JPG",
            "transform_matrix": [
                [
                    -0.6327651543668756,
                    -0.2339676095100957,
                    0.7381513510921696,
                    2.331129136208638
                ],
                [
                    -0.774218942106323,
                    0.174043699680342,
                    -0.6085177238876,
                    0.6118967067452616
                ],
                [
                    0.013902845134382023,
                    -0.9565395696476495,
                    -0.29127094361686534,
                    -1.3160376119314272
                ],
                [
                    0.0,
                    0.0,
                    0.0,
                    1.0
                ]
            ],
            "is_bad": false,
            "mask_path": "DSC06628.png"
        },
        {
            "file_path": "DSC07036.JPG",
            "transform_matrix": [
                [
                    0.08386519497537608,
                    0.39880274014851974,
                    -0.9131938477244439,
                    1.3075313712965921
                ],
                [
                    0.9961857823629464,
                    -0.055712348731256314,
                    0.06715669152639385,
                    1.9237606357811836
                ],
                [
                    -0.024093901503627252,
                    -0.9153428366731667,
                    -0.40195394669222295,
                    -1.3083941328925157
                ],
                [
                    0.0,
                    0.0,
                    0.0,
                    1.0
                ]
            ],
            "is_bad": false,
            "mask_path": "DSC07036.png"
        },
        {
            "file_path": "DSC06725.JPG",
            "transform_matrix": [
                [
                    0.22425210316276611,
                    0.030466047130118124,
                    0.9740548312078441,
                    2.3171748414218833
                ],
                [
                    -0.974415463377641,
                    0.022411337444438326,
                    0.22363415813441515,
                    1.1071115503889764
                ],
                [
                    -0.015016622709957019,
                    -0.9992845200072983,
                    0.03471237698818497,
                    -1.4918205820960944
                ],
                [
                    0.0,
                    0.0,
                    0.0,
                    1.0
                ]
            ],
            "is_bad": false,
            "mask_path": "DSC06725.png"
        },
        {
            "file_path": "DSC07301.JPG",
            "transform_matrix": [
                [
                    -0.5293655079303126,
                    -0.25931895668529603,
                    0.8077907140573792,
                    1.7907369629457883
                ],
                [
                    -0.8481182604636726,
                    0.18602035616941667,
                    -0.4960764491070652,
                    1.9469877515975147
                ],
                [
                    -0.021623489120710992,
                    -0.9477078166788812,
                    -0.31840590277818764,
                    -1.3572669834096007
                ],
                [
                    0.0,
                    0.0,
                    0.0,
                    1.0
                ]
            ],
            "is_bad": false,
            "mask_path": "DSC07301.png"
        },
        {
            "file_path": "DSC07252.JPG",
            "transform_matrix": [
                [
                    -0.8945231568230528,
                    0.014587148727029497,
                    0.4467835460257411,
                    1.8830424838430075
                ],
                [
                    -0.44544103638143795,
                    0.05488686447176626,
                    -0.8936272798073526,
                    1.0477616572148012
                ],
                [
                    -0.03755802197601079,
                    -0.9983860211363506,
                    -0.04259985662858503,
                    -1.4843827651071158
                ],
                [
                    0.0,
                    0.0,
                    0.0,
                    1.0
                ]
            ],
            "is_bad": false,
            "mask_path": "DSC07252.png"
        },
        {
            "file_path": "DSC07189.JPG",
            "transform_matrix": [
                [
                    -0.9520297692424973,
                    0.11115216376398868,
                    -0.2851043931030551,
                    1.555318376643258
                ],
                [
                    0.30387954489756097,
                    0.233776646794744,
                    -0.923583077804188,
                    1.661154235082384
                ],
                [
                    -0.03600750850765692,
                    -0.9659159776626481,
                    -0.25633919604126515,
                    -1.3872384960420014
                ],
                [
                    0.0,
                    0.0,
                    0.0,
                    1.0
                ]
            ],
            "is_bad": false,
            "mask_path": "DSC07189.png"
        },
        {
            "file_path": "DSC06977.JPG",
            "transform_matrix": [
                [
                    0.6057916672580245,
                    -0.1161360540318501,
                    -0.7871015644976537,
                    1.524760476610064
                ],
                [
                    0.7938805256512852,
                    0.02278905602213995,
                    0.6076465830705037,
                    1.9475859966571694
                ],
                [
                    -0.05263237475529398,
                    -0.9929718404262685,
                    0.10600357186475995,
                    -1.5641574695748481
                ],
                [
                    0.0,
                    0.0,
                    0.0,
                    1.0
                ]
            ],
            "is_bad": false,
            "mask_path": "DSC06977.png"
        },
        {
            "file_path": "DSC07319.JPG",
            "transform_matrix": [
                [
                    -0.13836669914251598,
                    -0.33170824037213037,
                    0.9331796717876092,
                    1.8199459420366608
                ],
                [
                    -0.9883299875685382,
                    0.10685698612709338,
                    -0.10856067514808915,
                    2.2497083291807223
                ],
                [
                    -0.0637062967153109,
                    -0.9373106356939837,
                    -0.3426226495340933,
                    -1.351293228470031
                ],
                [
                    0.0,
                    0.0,
                    0.0,
                    1.0
                ]
            ],
            "is_bad": false,
            "mask_path": "DSC07319.png"
        },
        {
            "file_path": "DSC06689.JPG",
            "transform_matrix": [
                [
                    -0.37796041976782074,
                    0.05188243903879075,
                    0.9243668825787293,
                    2.233033953759282
                ],
                [
                    -0.9257646758048634,
                    -0.01009274073036817,
                    -0.3779654767521295,
                    0.8287556668139828
                ],
                [
                    -0.010280375520754153,
                    -0.9986021976262295,
                    0.05184558587977,
                    -1.4810122074133643
                ],
                [
                    0.0,
                    0.0,
                    0.0,
                    1.0
                ]
            ],
            "is_bad": false,
            "mask_path": "DSC06689.png"
        },
        {
            "file_path": "DSC06883.JPG",
            "transform_matrix": [
                [
                    0.9439820580938904,
                    -0.19081531634879131,
                    0.269234821380025,
                    1.9256798164162099
                ],
                [
                    -0.3198206512612069,
                    -0.3279626884101663,
                    0.888906758910986,
                    1.2599873754278714
                ],
                [
                    -0.08131804857275478,
                    -0.9252188876463164,
                    -0.37061757232871784,
                    -1.3474349076138532
                ],
                [
                    0.0,
                    0.0,
                    0.0,
                    1.0
                ]
            ],
            "is_bad": true,
            "mask_path": "DSC06883.png"
        },
        {
            "file_path": "DSC07227.JPG",
            "transform_matrix": [
                [
                    -0.995748846112657,
                    0.016414340532544335,
                    0.0906355608477999,
                    1.6364867122575826
                ],
                [
                    -0.08987048455275634,
                    0.04252634542813867,
                    -0.9950451275951161,
                    1.31134676804684
                ],
                [
                    -0.020187408738281076,
                    -0.9989604994039601,
                    -0.0408703946521844,
                    -1.4946042832288737
                ],
                [
                    0.0,
                    0.0,
                    0.0,
                    1.0
                ]
            ],
            "is_bad": false,
            "mask_path": "DSC07227.png"
        },
        {
            "file_path": "DSC07285.JPG",
            "transform_matrix": [
                [
                    -0.6139966955588559,
                    -0.08727278564012622,
                    0.7844689405766287,
                    1.8472124745482355
                ],
                [
                    -0.7890382922935046,
                    0.0938736210857767,
                    -0.6071295714744869,
                    1.7118838770412403
                ],
                [
                    -0.020655051134176563,
                    -0.9917515838912769,
                    -0.1264996628919932,
                    -1.447859213355062
                ],
                [
                    0.0,
                    0.0,
                    0.0,
                    1.0
                ]
            ],
            "is_bad": false,
            "mask_path": "DSC07285.png"
        },
        {
            "file_path": "DSC07466.JPG",
            "transform_matrix": [
                [
                    0.04298827494527779,
                    0.5043180407014047,
                    -0.8624472865284729,
                    1.5582071917141007
                ],
                [
                    0.9990297054674386,
                    -0.02997092802072505,
                    0.0322705913676736,
                    1.9592232860228325
                ],
                [
                    -0.009573704135393681,
                    -0.8629977156960922,
                    -0.5051171021579601,
                    -1.2856723797837506
                ],
                [
                    0.0,
                    0.0,
                    0.0,
                    1.0
                ]
            ],
            "is_bad": false,
            "mask_path": "DSC07466.png"
        },
        {
            "file_path": "DSC06781.JPG",
            "transform_matrix": [
                [
                    0.5195779762246779,
                    -0.193265008497648,
                    0.8322784168249663,
                    2.1034358082036575
                ],
                [
                    -0.8527358392450636,
                    -0.05610844586096711,
                    0.5193201621062719,
                    1.062355312342128
                ],
                [
                    -0.053668567050793585,
                    -0.9795409530966387,
                    -0.1939567119674996,
                    -1.3933731439439607
                ],
                [
                    0.0,
                    0.0,
                    0.0,
                    1.0
                ]
            ],
            "is_bad": true,
            "mask_path": "DSC06781.png"
        },
        {
            "file_path": "DSC06913.JPG",
            "transform_matrix": [
                [
                    0.9965572926565904,
                    -0.050219767682485275,
                    -0.06596618366165562,
                    2.0111462449222657
                ],
                [
                    0.045994274064191175,
                    -0.32710917401923517,
                    0.9438665769195141,
                    1.5658762707399172
                ],
                [
                    -0.06897890406692567,
                    -0.9436511872542578,
                    -0.323673211105514,
                    -1.3537383941714425
                ],
                [
                    0.0,
                    0.0,
                    0.0,
                    1.0
                ]
            ],
            "is_bad": false,
            "mask_path": "DSC06913.png"
        },
        {
            "file_path": "DSC07357.JPG",
            "transform_matrix": [
                [
                    0.6079211297694216,
                    -0.10986931495843559,
                    0.786359099655135,
                    1.8606484933338578
                ],
                [
                    -0.7933395490877678,
                    -0.043743720349205636,
                    0.6072057697216229,
                    2.41741807479827
                ],
                [
                    -0.03231500940875697,
                    -0.9929829910731477,
                    -0.1137564046827143,
                    -1.473706904761393
                ],
                [
                    0.0,
                    0.0,
                    0.0,
                    1.0
                ]
            ],
            "is_bad": false,
            "mask_path": "DSC07357.png"
        },
        {
            "file_path": "DSC06960.JPG",
            "transform_matrix": [
                [
                    0.8076605147130912,
                    -0.033399413934393045,
                    -0.5887010889426175,
                    1.7076021511404007
                ],
                [
                    0.5882698547160844,
                    -0.02257334642861692,
                    0.8083495667490214,
                    1.8422002641189321
                ],
                [
                    -0.040287355407143635,
                    -0.9991871312120933,
                    0.001416267787454078,
                    -1.5250018490851769
                ],
                [
                    0.0,
                    0.0,
                    0.0,
                    1.0
                ]
            ],
            "is_bad": false,
            "mask_path": "DSC06960.png"
        },
        {
            "file_path": "DSC06832.JPG",
            "transform_matrix": [
                [
                    0.8997524297208285,
                    -0.02117245581359299,
                    0.43588678842824136,
                    1.981115332864537
                ],
                [
                    -0.43307976421757133,
                    0.07966766643703645,
                    0.8978279237970541,
                    1.2156752191189533
                ],
                [
                    -0.05373530530961497,
                    -0.9965966034656638,
                    0.0625118142752548,
                    -1.5353722362872169
                ],
                [
                    0.0,
                    0.0,
                    0.0,
                    1.0
                ]
            ],
            "is_bad": true,
            "mask_path": "DSC06832.png"
        },
        {
            "file_path": "DSC07165.JPG",
            "transform_matrix": [
                [
                    -0.853735391148046,
                    0.24870004733589926,
                    -0.45747586641965476,
                    1.3855162599014978
                ],
                [
                    0.5202097556015963,
                    0.36898160981179823,
                    -0.7702171004318336,
                    1.7340268473887663
                ],
                [
                    -0.022752847694744924,
                    -0.8955450061698824,
                    -0.44438884982182464,
                    -1.3089218527931752
                ],
                [
                    0.0,
                    0.0,
                    0.0,
                    1.0
                ]
            ],
            "is_bad": false,
            "mask_path": "DSC07165.png"
        },
        {
            "file_path": "DSC07417.JPG",
            "transform_matrix": [
                [
                    0.9943302681470293,
                    -0.03915053113029989,
                    -0.09886634290228458,
                    1.644402788504223
                ],
                [
                    0.0883249837277676,
                    -0.21363787506804865,
                    0.9729118950788395,
                    2.3397783164875214
                ],
                [
                    -0.0592116128487163,
                    -0.976128113645245,
                    -0.20896863557775722,
                    -1.4411576689349934
                ],
                [
                    0.0,
                    0.0,
                    0.0,
                    1.0
                ]
            ],
            "is_bad": false,
            "mask_path": "DSC07417.png"
        },
        {
            "file_path": "DSC07208.JPG",
            "transform_matrix": [
                [
                    -0.9955154135563127,
                    0.05057765434284529,
                    -0.07994349412541144,
                    1.6371655543701267
                ],
                [
                    0.08453301078176434,
                    0.0962725873828032,
                    -0.9917589218185994,
                    1.501868564864449
                ],
                [
                    -0.0424644729152988,
                    -0.9940691574532406,
                    -0.10011632604240757,
                    -1.4635974284610833
                ],
                [
                    0.0,
                    0.0,
                    0.0,
                    1.0
                ]
            ],
            "is_bad": false,
            "mask_path": "DSC07208.png"
        },
        {
            "file_path": "DSC07448.JPG",
            "transform_matrix": [
                [
                    0.633513323152954,
                    0.3009443245743142,
                    -0.7128066939179311,
                    1.6768747971765448
                ],
                [
                    0.7737146380141645,
                    -0.24026803654682527,
                    0.5862055352319218,
                    2.101942423147513
                ],
                [
                    0.005150564076999842,
                    -0.9228779898342161,
                    -0.38505803143064743,
                    -1.3687552944434518
                ],
                [
                    0.0,
                    0.0,
                    0.0,
                    1.0
                ]
            ],
            "is_bad": false,
            "mask_path": "DSC07448.png"
        },
        {
            "file_path": "DSC07238.JPG",
            "transform_matrix": [
                [
                    -0.9681187057585469,
                    0.04889398600654015,
                    0.24567366503715393,
                    1.8005670045827404
                ],
                [
                    -0.24672229185254746,
                    -0.016617734473042173,
                    -0.9689437350042617,
                    1.2336212731020135
                ],
                [
                    -0.04329298168781701,
                    -0.9986657243709602,
                    0.028151175876021308,
                    -1.5238857604656213
                ],
                [
                    0.0,
                    0.0,
                    0.0,
                    1.0
                ]
            ],
            "is_bad": false,
            "mask_path": "DSC07238.png"
        },
        {
            "file_path": "DSC06712.JPG",
            "transform_matrix": [
                [
                    -0.09844093355462032,
                    0.13513432566732317,
                    0.9859249954369417,
                    2.37304429323337
                ],
                [
                    -0.9949481124778132,
                    0.006236248288114099,
                    -0.10019662012326966,
                    0.9437182771476599
                ],
                [
                    -0.019688475759505476,
                    -0.9908076620786335,
                    0.1338377401503043,
                    -1.533713150761835
                ],
                [
                    0.0,
                    0.0,
                    0.0,
                    1.0
                ]
            ],
            "is_bad": false,
            "mask_path": "DSC06712.png"
        },
        {
            "file_path": "DSC07002.JPG",
            "transform_matrix": [
                [
                    0.3299241618421401,
                    0.059261422969894326,
                    -0.9421454936369139,
                    1.3921363964288902
                ],
                [
                    0.9434575105903555,
                    -0.05476061768216325,
                    0.3269391387731317,
                    1.8974755273652353
                ],
                [
                    -0.03221759058977644,
                    -0.9967393633737209,
                    -0.0739774854799642,
                    -1.4567492025938888
                ],
                [
                    0.0,
                    0.0,
                    0.0,
                    1.0
                ]
            ],
            "is_bad": false,
            "mask_path": "DSC07002.png"
        },
        {
            "file_path": "DSC06665.JPG",
            "transform_matrix": [
                [
                    -0.4876457108679773,
                    -0.09488948998739843,
                    0.867869601588854,
                    2.3752102426492234
                ],
                [
                    -0.8730378013949881,
                    0.05006316373548387,
                    -0.4850759496946829,
                    0.7428476766327383
                ],
                [
                    0.0025803115062893035,
                    -0.9942281751825006,
                    -0.10725519878217948,
                    -1.408339671451709
                ],
                [
                    0.0,
                    0.0,
                    0.0,
                    1.0
                ]
            ],
            "is_bad": false,
            "mask_path": "DSC06665.png"
        },
        {
            "file_path": "DSC07480.JPG",
            "transform_matrix": [
                [
                    -0.29314326978740524,
                    0.5198915806412604,
                    -0.802358877159516,
                    1.4055274525371018
                ],
                [
                    0.9555436078480702,
                    0.13151230713033982,
                    -0.2638956736552318,
                    2.052050903025108
                ],
                [
                    -0.03167707181925189,
                    -0.8440481369279754,
                    -0.5353310243852591,
                    -1.2878088906292708
                ],
                [
                    0.0,
                    0.0,
                    0.0,
                    1.0
                ]
            ],
            "is_bad": false,
            "mask_path": "DSC07480.png"
        },
        {
            "file_path": "DSC06899.JPG",
            "transform_matrix": [
                [
                    0.986894354251046,
                    -0.13699587440845126,
                    0.08527405198813451,
                    1.9148151701075968
                ],
                [
                    -0.13072139605660923,
                    -0.36888659168807464,
                    0.9202361648434425,
                    1.4387270803084498
                ],
                [
                    -0.09461210366767275,
                    -0.9193230187849208,
                    -0.38196038665254056,
                    -1.3287624360114918
                ],
                [
                    0.0,
                    0.0,
                    0.0,
                    1.0
                ]
            ],
            "is_bad": false,
            "mask_path": "DSC06899.png"
        },
        {
            "file_path": "DSC07268.JPG",
            "transform_matrix": [
                [
                    -0.7300040828648401,
                    0.009610524485732855,
                    0.6833752093980092,
                    1.943647699245527
                ],
                [
                    -0.6831151574568027,
                    0.020696625667960926,
                    -0.7300173500258248,
                    1.3542753343575749
                ],
                [
                    -0.021159410517107978,
                    -0.9997396098510198,
                    -0.008543526291822832,
                    -1.4945496541059127
                ],
                [
                    0.0,
                    0.0,
                    0.0,
                    1.0
                ]
            ],
            "is_bad": false,
            "mask_path": "DSC07268.png"
        },
        {
            "file_path": "DSC06590.JPG",
            "transform_matrix": [
                [
                    -0.724470436031931,
                    0.06959647121464833,
                    0.6857834341176319,
                    2.2785000513193525
                ],
                [
                    -0.6887071972528692,
                    -0.03162752623704315,
                    -0.7243494295132854,
                    0.6318463777176037
                ],
                [
                    -0.02872253066498356,
                    -0.9970737338725725,
                    0.07084479835249283,
                    -1.448975532348361
                ],
                [
                    0.0,
                    0.0,
                    0.0,
                    1.0
                ]
            ],
            "is_bad": false,
            "mask_path": "DSC06590.png"
        },
        {
            "file_path": "DSC06770.JPG",
            "transform_matrix": [
                [
                    0.35427949734678144,
                    -0.22026823759464786,
                    0.9088277841630172,
                    2.2521172901131616
                ],
                [
                    -0.9341759707230152,
                    -0.03925470723686913,
                    0.3546467590200993,
                    1.0456153491846676
                ],
                [
                    -0.042441647981959346,
                    -0.9746491530118392,
                    -0.21967643262280118,
                    -1.37971335669919
                ],
                [
                    0.0,
                    0.0,
                    0.0,
                    1.0
                ]
            ],
            "is_bad": true,
            "mask_path": "DSC06770.png"
        },
        {
            "file_path": "DSC07294.JPG",
            "transform_matrix": [
                [
                    -0.5930988037604749,
                    -0.17291675706486176,
                    0.7863419129768326,
                    1.8796652278228827
                ],
                [
                    -0.8049180742248997,
                    0.14973635001873126,
                    -0.5741828273896264,
                    1.8373807081064366
                ],
                [
                    -0.01845813544135049,
                    -0.973487966340231,
                    -0.22799227317343224,
                    -1.3892857177203153
                ],
                [
                    0.0,
                    0.0,
                    0.0,
                    1.0
                ]
            ],
            "is_bad": false,
            "mask_path": "DSC07294.png"
        },
        {
            "file_path": "DSC07391.JPG",
            "transform_matrix": [
                [
                    0.9837079088674564,
                    -0.06830176434698282,
                    0.1662937732409286,
                    1.7860419128767842
                ],
                [
                    -0.17977251410583703,
                    -0.3777006188456829,
                    0.9083083648715644,
                    2.3997304753463595
                ],
                [
                    0.0007701971714313374,
                    -0.923405171910293,
                    -0.3838258658371526,
                    -1.3552612941786997
                ],
                [
                    0.0,
                    0.0,
                    0.0,
                    1.0
                ]
            ],
            "is_bad": false,
            "mask_path": "DSC07391.png"
        },
        {
            "file_path": "DSC06871.JPG",
            "transform_matrix": [
                [
                    0.9000361335549167,
                    -0.17458311087796005,
                    0.3993190399814286,
                    2.024436484364548
                ],
                [
                    -0.43153927779421075,
                    -0.2289716211782194,
                    0.8725513442863227,
                    1.1752855043973027
                ],
                [
                    -0.06090000013437417,
                    -0.9576495883626703,
                    -0.2814222022023872,
                    -1.3766777649193547
                ],
                [
                    0.0,
                    0.0,
                    0.0,
                    1.0
                ]
            ],
            "is_bad": true,
            "mask_path": "DSC06871.png"
        },
        {
            "file_path": "DSC07202.JPG",
            "transform_matrix": [
                [
                    -0.9716029509926455,
                    0.061429791028155226,
                    -0.22850401833801648,
                    1.5141125456711069
                ],
                [
                    0.2356385116092109,
                    0.1634575578747967,
                    -0.9579958865361602,
                    1.535548118264451
                ],
                [
                    -0.021498778313638337,
                    -0.9846359771752428,
                    -0.1732910701195433,
                    -1.4310307971781708
                ],
                [
                    0.0,
                    0.0,
                    0.0,
                    1.0
                ]
            ],
            "is_bad": false,
            "mask_path": "DSC07202.png"
        },
        {
            "file_path": "DSC06923.JPG",
            "transform_matrix": [
                [
                    0.9684121464570618,
                    -0.00626705943158632,
                    -0.24927622943334946,
                    1.8906063319283364
                ],
                [
                    0.23880933032030824,
                    -0.26434041739440295,
                    0.9343951238548491,
                    1.5940080563216457
                ],
                [
                    -0.07174969230869753,
                    -0.964409076947036,
                    -0.25449383873833475,
                    -1.3984343189225175
                ],
                [
                    0.0,
                    0.0,
                    0.0,
                    1.0
                ]
            ],
            "is_bad": false,
            "mask_path": "DSC06923.png"
        },
        {
            "file_path": "DSC07131.JPG",
            "transform_matrix": [
                [
                    -0.5371001733882599,
                    0.34087071566666544,
                    -0.7715766708158015,
                    1.4135073094730704
                ],
                [
                    0.8413893963439406,
                    0.15154839443721563,
                    -0.5187455714157772,
                    1.8555499018106596
                ],
                [
                    -0.059893968530062666,
                    -0.9278147656425806,
                    -0.3682016746150436,
                    -1.34210265614162
                ],
                [
                    0.0,
                    0.0,
                    0.0,
                    1.0
                ]
            ],
            "is_bad": false,
            "mask_path": "DSC07131.png"
        },
        {
            "file_path": "DSC07220.JPG",
            "transform_matrix": [
                [
                    -0.9925696539625529,
                    0.028039353291226483,
                    0.1184030265646461,
                    1.7200131498908393
                ],
                [
                    -0.11688834044031302,
                    0.050601401847393195,
                    -0.9918551376084053,
                    1.4006493356978043
                ],
                [
                    -0.03380233574426513,
                    -0.9983252439952067,
                    -0.046947942448456334,
                    -1.4918913447775275
                ],
                [
                    0.0,
                    0.0,
                    0.0,
                    1.0
                ]
            ],
            "is_bad": false,
            "mask_path": "DSC07220.png"
        },
        {
            "file_path": "DSC06802.JPG",
            "transform_matrix": [
                [
                    0.6619975122677686,
                    -0.09790554154144179,
                    0.7430839782196642,
                    1.9993478245096221
                ],
                [
                    -0.7478031974122265,
                    -0.019485304608566536,
                    0.6636344632735418,
                    1.0895645662409639
                ],
                [
                    -0.050494273847004605,
                    -0.9950049386007027,
                    -0.08611330018571649,
                    -1.4597077957546427
                ],
                [
                    0.0,
                    0.0,
                    0.0,
                    1.0
                ]
            ],
            "is_bad": true,
            "mask_path": "DSC06802.png"
        },
        {
            "file_path": "DSC07460.JPG",
            "transform_matrix": [
                [
                    0.20461554814507882,
                    0.4992858009135576,
                    -0.8419300246834035,
                    1.6817400517764265
                ],
                [
                    0.9786118410917013,
                    -0.08567703047485288,
                    0.18702489386207893,
                    2.0090554587396547
                ],
                [
                    0.021244809540207573,
                    -0.8621908927001715,
                    -0.5061378494170159,
                    -1.2911064795778922
                ],
                [
                    0.0,
                    0.0,
                    0.0,
                    1.0
                ]
            ],
            "is_bad": false,
            "mask_path": "DSC07460.png"
        },
        {
            "file_path": "DSC07044.JPG",
            "transform_matrix": [
                [
                    -0.060074874209813105,
                    0.440869962211333,
                    -0.8955583096082875,
                    1.2775699992388452
                ],
                [
                    0.9968181949667102,
                    -0.02058982170114881,
                    -0.07700354164338544,
                    1.810076627663804
                ],
                [
                    -0.05238793441227498,
                    -0.8973347957491079,
                    -0.4382302689978436,
                    -1.2849958112465774
                ],
                [
                    0.0,
                    0.0,
                    0.0,
                    1.0
                ]
            ],
            "is_bad": false,
            "mask_path": "DSC07044.png"
        },
        {
            "file_path": "DSC07311.JPG",
            "transform_matrix": [
                [
                    -0.2689270251582917,
                    -0.3354000627157844,
