{
    "fl_x": 621.2828839234869,
    "fl_y": 621.2123578833136,
    "cx": 876.0,
    "cy": 584.0,
    "w": 1752,
    "h": 1168,
    "k1": 0.0,
    "k2": 0.0,
    "k3": 0.0,
    "k4": 0.0,
    "camera_model": "PINHOLE",
    "has_mask": true,
    "aabb_range": [
        [
            0.01127299852669239,
            0.00035412466968409717,
            -2.676978588104248
        ],
        [
            4.501543998718262,
            6.267261981964111,
            -0.021741367876529694
        ]
    ],
    "frames": [
        {
            "file_path": "DSC09104.JPG",
            "transform_matrix": [
                [
                    -0.23631549445196767,
                    -0.3115116932832219,
                    0.920388750490651,
                    3.167362587211885
                ],
                [
                    -0.9709999514588034,
                    0.11104589079527676,
                    -0.2117260125834435,
                    1.4399880232899607
                ],
                [
                    -0.036250259984212864,
                    -0.943731569401651,
                    -0.3287197036470028,
                    -1.20627355193772
                ],
                [
                    0.0,
                    0.0,
                    0.0,
                    1.0
                ]
            ],
            "is_bad": false,
            "mask_path": "DSC09104.png"
        },
        {
            "file_path": "DSC09317.JPG",
            "transform_matrix": [
                [
                    0.729437310448424,
                    -0.33541833185286296,
                    0.5961675542855484,
                    2.3594313750548492
                ],
                [
                    -0.6715269913531786,
                    -0.18514213721150607,
                    0.7174774483653847,
                    5.063518146270147
                ],
                [
                    -0.1302793537361829,
                    -0.9236974243148014,
                    -0.3602920458520892,
                    -1.3796858698547916
                ],
                [
                    0.0,
                    0.0,
                    0.0,
                    1.0
                ]
            ],
            "is_bad": true,
            "mask_path": "DSC09317.png"
        },
        {
            "file_path": "DSC09238.JPG",
            "transform_matrix": [
                [
                    -0.45549916950819086,
                    -0.3019047765736877,
                    -0.837480753485917,
                    0.7169287982358898
                ],
                [
                    0.8902154869341884,
                    -0.1480507357539264,
                    -0.4308101280903767,
                    2.788756435799936
                ],
                [
                    0.006073993733464096,
                    -0.9417719923233605,
                    0.33619729486629296,
                    -1.7566499598317058
                ],
                [
                    0.0,
                    0.0,
                    0.0,
                    1.0
                ]
            ],
            "is_bad": true,
            "mask_path": "DSC09238.png"
        },
        {
            "file_path": "DSC09055.JPG",
            "transform_matrix": [
                [
                    0.7619923134964192,
                    -0.014329121854081748,
                    -0.647427517517803,
                    2.340808072532431
                ],
                [
                    0.6465312503445492,
                    -0.040205820914800884,
                    0.761827299519045,
                    3.318867884317848
                ],
                [
                    -0.03694667103120911,
                    -0.9990886688534993,
                    -0.021372301426232882,
                    -1.5234432767058286
                ],
                [
                    0.0,
                    0.0,
                    0.0,
                    1.0
                ]
            ],
            "is_bad": false,
            "mask_path": "DSC09055.png"
        },
        {
            "file_path": "DSC09278.JPG",
            "transform_matrix": [
                [
                    0.7154229349009139,
                    -0.2791874041192241,
                    0.6404876404732033,
                    1.3244965419063417
                ],
                [
                    -0.6950339358175434,
                    -0.37805348246337445,
                    0.6115581676825915,
                    3.0533148826331438
                ],
                [
                    0.07139924565243264,
                    -0.8826833847866873,
                    -0.46451285228912537,
                    -0.6126505263828029
                ],
                [
                    0.0,
                    0.0,
                    0.0,
                    1.0
                ]
            ],
            "is_bad": false,
            "mask_path": "DSC09278.png"
        },
        {
            "file_path": "DSC08981.JPG",
            "transform_matrix": [
                [
                    0.6415476108837302,
                    0.37068935154335164,
                    0.6715698531215856,
                    3.290541363111406
                ],
                [
                    -0.7670774179028083,
                    0.30661804057155695,
                    0.5635402489082925,
                    4.659285339618041
                ],
                [
                    0.0029829369653248537,
                    -0.8766839691978116,
                    0.48105750200847297,
                    -1.8614321018015847
                ],
                [
                    0.0,
                    0.0,
                    0.0,
                    1.0
                ]
            ],
            "is_bad": false,
            "mask_path": "DSC08981.png"
        },
        {
            "file_path": "DSC09169.JPG",
            "transform_matrix": [
                [
                    0.5547103297568821,
                    0.1431795839738489,
                    -0.8196316592189974,
                    2.2083049860916666
                ],
                [
                    0.8320297387302052,
                    -0.10112747418616129,
                    0.5454353745708777,
                    1.0940264945374636
                ],
                [
                    -0.004792069444150972,
                    -0.984516551764267,
                    -0.175226126398547,
                    -1.5190293066181064
                ],
                [
                    0.0,
                    0.0,
                    0.0,
                    1.0
                ]
            ],
            "is_bad": true,
            "mask_path": "DSC09169.png"
        },
        {
            "file_path": "DSC09064.JPG",
            "transform_matrix": [
                [
                    0.6843454050695243,
                    0.17176966934658053,
                    -0.7086371054727482,
                    2.833274204656209
                ],
                [
                    0.7291496698436134,
                    -0.15657000651346467,
                    0.6662031161945454,
                    2.4779473917577395
                ],
                [
                    0.003482172766847795,
                    -0.9726155529051239,
                    -0.23239376222240082,
                    -1.4384187562333521
                ],
                [
                    0.0,
                    0.0,
                    0.0,
                    1.0
                ]
            ],
            "is_bad": false,
            "mask_path": "DSC09064.png"
        },
        {
            "file_path": "DSC08941.JPG",
            "transform_matrix": [
                [
                    -0.5925585624589847,
                    -0.41713250349376896,
                    -0.6891116198306062,
                    2.150762335942372
                ],
                [
                    0.8028989443962145,
                    -0.2367957301692282,
                    -0.5470658710439413,
                    4.245150717878913
                ],
                [
                    0.06502026717867036,
                    -0.8774555582493292,
                    0.475230584194001,
                    -1.872527011442365
                ],
                [
                    0.0,
                    0.0,
                    0.0,
                    1.0
                ]
            ],
            "is_bad": false,
            "mask_path": "DSC08941.png"
        },
        {
            "file_path": "DSC09334.JPG",
            "transform_matrix": [
                [
                    0.9960451827671816,
                    -0.052746296823077216,
                    -0.07149700733418195,
                    1.4628964927191737
                ],
                [
                    0.08546537571200731,
                    0.3488719392469845,
                    0.9332652568056168,
                    3.5538273362268047
                ],
                [
                    -0.02428298665110272,
                    -0.9356848818793111,
                    0.35200019656500503,
                    -1.780431695735131
                ],
                [
                    0.0,
                    0.0,
                    0.0,
                    1.0
                ]
            ],
            "is_bad": false,
            "mask_path": "DSC09334.png"
        },
        {
            "file_path": "DSC09017.JPG",
            "transform_matrix": [
                [
                    -0.6391518776712056,
                    -0.2368610443021322,
                    0.7316978358321669,
                    3.3990917696365677
                ],
                [
                    -0.761292601166347,
                    0.32990344159938073,
                    -0.5582090062246071,
                    5.011158640490394
                ],
                [
                    -0.10917166609863421,
                    -0.9138164831698913,
                    -0.39117896468018537,
                    -0.9969698141064636
                ],
                [
                    0.0,
                    0.0,
                    0.0,
                    1.0
                ]
            ],
            "is_bad": false,
            "mask_path": "DSC09017.png"
        },
        {
            "file_path": "DSC09183.JPG",
            "transform_matrix": [
                [
                    0.9538753864241943,
                    -0.17403217325746262,
                    0.24461101742435418,
                    2.389984833556075
                ],
                [
                    -0.29447845192001965,
                    -0.3840689382043402,
                    0.8750848484926353,
                    1.577886587930272
                ],
                [
                    -0.058345424232595415,
                    -0.9067545717435753,
                    -0.41760263180832896,
                    -0.8750761010643556
                ],
                [
                    0.0,
                    0.0,
                    0.0,
                    1.0
                ]
            ],
            "is_bad": false,
            "mask_path": "DSC09183.png"
        },
        {
            "file_path": "DSC09097.JPG",
            "transform_matrix": [
                [
                    -0.4825120321220981,
                    0.4049393128685881,
                    0.7766635640680722,
                    3.2742087530390434
                ],
                [
                    -0.8752507699709337,
                    -0.2567645119787603,
                    -0.40988788107676266,
                    1.109466003101074
                ],
                [
                    0.03343992408323763,
                    -0.8775512168995188,
                    0.4783154118314416,
                    -1.9295900216760593
                ],
                [
                    0.0,
                    0.0,
                    0.0,
                    1.0
                ]
            ],
            "is_bad": false,
            "mask_path": "DSC09097.png"
        },
        {
            "file_path": "DSC08950.JPG",
            "transform_matrix": [
                [
                    -0.9324307704904137,
                    0.14184882569847285,
                    -0.33234284841202355,
                    2.700961116307094
                ],
                [
                    0.36100434323299957,
                    0.40582179617874986,
                    -0.8396335712161369,
                    4.005860011004183
                ],
                [
                    0.01577093559570517,
                    -0.9028773894578472,
                    -0.42960877225240474,
                    -1.349887202243813
                ],
                [
                    0.0,
                    0.0,
                    0.0,
                    1.0
                ]
            ],
            "is_bad": true,
            "mask_path": "DSC08950.png"
        },
        {
            "file_path": "DSC09122.JPG",
            "transform_matrix": [
                [
                    0.7863600153002257,
                    0.01518296159958328,
                    0.6175819006529367,
                    3.6639738578156456
                ],
                [
                    -0.6174645756000032,
                    -0.012037865360797194,
                    0.7865065719221059,
                    1.9045316799725769
                ],
                [
                    0.01937586684863856,
                    -0.9998122661153047,
                    -9.115504886052979e-05,
                    -1.5362219301931057
                ],
                [
                    0.0,
                    0.0,
                    0.0,
                    1.0
                ]
            ],
            "is_bad": false,
            "mask_path": "DSC09122.png"
        },
        {
            "file_path": "DSC09142.JPG",
            "transform_matrix": [
                [
                    0.8269601815202158,
                    0.33204459946490195,
                    0.45374358634171974,
                    2.8953412703689136
                ],
                [
                    -0.5554651194782293,
                    0.35737528194895146,
                    0.7508271498120888,
                    1.7975527517714844
                ],
                [
                    0.08715135812532813,
                    -0.8729428914986943,
                    0.47997432114521504,
                    -1.792488842713524
                ],
                [
                    0.0,
                    0.0,
                    0.0,
                    1.0
                ]
            ],
            "is_bad": false,
            "mask_path": "DSC09142.png"
        },
        {
            "file_path": "DSC09010.JPG",
            "transform_matrix": [
                [
                    -0.8391450938780438,
                    -0.21499029314059126,
                    0.49961453669377054,
                    2.7932616751720944
                ],
                [
                    -0.5427848179247262,
                    0.3899958749263394,
                    -0.7438332198623961,
                    4.623156663527336
                ],
                [
                    -0.03493068637787869,
                    -0.8953671824429131,
                    -0.4439565921950119,
                    -0.9556474092551273
                ],
                [
                    0.0,
                    0.0,
                    0.0,
                    1.0
                ]
            ],
            "is_bad": false,
            "mask_path": "DSC09010.png"
        },
        {
            "file_path": "DSC09153.JPG",
            "transform_matrix": [
                [
                    -0.9486851886203594,
                    -0.07609231635787772,
                    0.30693056589992096,
                    2.826118299812805
                ],
                [
                    -0.31607574074009714,
                    0.2577027648357226,
                    -0.9130637497522412,
                    0.7257138087417347
                ],
                [
                    -0.00961971974394485,
                    -0.9632233616287125,
                    -0.2685297313236118,
                    -1.487913259853468
                ],
                [
                    0.0,
                    0.0,
                    0.0,
                    1.0
                ]
            ],
            "is_bad": false,
            "mask_path": "DSC09153.png"
        },
        {
            "file_path": "DSC09217.JPG",
            "transform_matrix": [
                [
                    0.8216729747021316,
                    -0.3697698752681233,
                    0.4337323621639812,
                    1.818635585078687
                ],
                [
                    -0.5623910318221408,
                    -0.40239398191771897,
                    0.7223540756737176,
                    3.8269371922839506
                ],
                [
                    -0.0925734841635487,
                    -0.837466012839088,
                    -0.5385915218133522,
                    -1.2284519350835164
                ],
                [
                    0.0,
                    0.0,
                    0.0,
                    1.0
                ]
            ],
            "is_bad": true,
            "mask_path": "DSC09217.png"
        },
        {
            "file_path": "DSC09272.JPG",
            "transform_matrix": [
                [
                    0.6681243667963538,
                    -0.38182241750459933,
                    0.6386090133907555,
                    1.129561422189427
                ],
                [
                    -0.7433767206879192,
                    -0.3790440373219021,
                    0.5511049527177074,
                    3.0004962502582675
                ],
                [
                    0.031636713360355874,
                    -0.8429337217490207,
                    -0.5370864540333316,
                    -1.2492869774478683
                ],
                [
                    0.0,
                    0.0,
                    0.0,
                    1.0
                ]
            ],
            "is_bad": false,
            "mask_path": "DSC09272.png"
        },
        {
            "file_path": "DSC09323.JPG",
            "transform_matrix": [
                [
                    0.8726404876118975,
                    0.15184882144740572,
                    0.4641557010373815,
                    2.6631083855937123
                ],
                [
                    -0.4880656584466808,
                    0.237998513100527,
                    0.8397312789261487,
                    4.511595009968583
                ],
                [
                    0.017043838343429075,
                    -0.9593219705536675,
                    0.2817993335470314,
                    -1.7417054183603062
                ],
                [
                    0.0,
                    0.0,
                    0.0,
                    1.0
                ]
            ],
            "is_bad": false,
            "mask_path": "DSC09323.png"
        },
        {
            "file_path": "DSC08976.JPG",
            "transform_matrix": [
                [
                    0.5576073884973178,
                    -0.18358196842913513,
                    0.8095502832813323,
                    3.2031767504726827
                ],
                [
                    -0.8293366999692806,
                    -0.08125949058813235,
                    0.552808767363019,
                    4.438032995189154
                ],
                [
                    -0.03570207805246756,
                    -0.9796400135034508,
                    -0.19756215620835446,
                    -1.319770910795609
                ],
                [
                    0.0,
                    0.0,
                    0.0,
                    1.0
                ]
            ],
            "is_bad": false,
            "mask_path": "DSC08976.png"
        },
        {
            "file_path": "DSC09208.JPG",
            "transform_matrix": [
                [
                    0.564210784160582,
                    -0.487561373910094,
                    -0.6662958034595463,
                    2.030163976732491
                ],
                [
                    0.8256287989668336,
                    0.3314141793205602,
                    0.4566198945094962,
                    3.5736381700703284
                ],
                [
                    -0.0018103462334532164,
                    -0.8077428727114716,
                    0.5895321655603992,
                    -1.9102621097966828
                ],
                [
                    0.0,
                    0.0,
                    0.0,
                    1.0
                ]
            ],
            "is_bad": false,
            "mask_path": "DSC09208.png"
        },
        {
            "file_path": "DSC09203.JPG",
            "transform_matrix": [
                [
                    0.9256429532824254,
                    0.1575328253269449,
                    0.34404728160981135,
                    2.5911473506132667
                ],
                [
                    -0.3753922447388056,
                    0.49667255673994737,
                    0.7825580067773671,
                    3.7058515741587006
                ],
                [
                    -0.04760026920671297,
                    -0.8535219858480009,
                    0.518878053154625,
                    -1.8112485899422264
                ],
                [
                    0.0,
                    0.0,
                    0.0,
                    1.0
                ]
            ],
            "is_bad": false,
            "mask_path": "DSC09203.png"
        },
        {
            "file_path": "DSC09163.JPG",
            "transform_matrix": [
                [
                    -0.5255243764957969,
                    0.35125100702243744,
                    -0.7748850622991947,
                    2.671306438780793
                ],
                [
                    0.8498396244110227,
                    0.17394955276155613,
                    -0.4975079555896431,
                    1.3894094607581227
                ],
                [
                    -0.039959260373980864,
                    -0.9199805884690055,
                    -0.3899217541386812,
                    -1.3853211465863722
                ],
                [
                    0.0,
                    0.0,
                    0.0,
                    1.0
                ]
            ],
            "is_bad": false,
            "mask_path": "DSC09163.png"
        },
        {
            "file_path": "DSC08992.JPG",
            "transform_matrix": [
                [
                    0.7756872198854986,
                    0.12366348117329667,
                    -0.6188834141665196,
                    3.0995202394794714
                ],
                [
                    0.6310849959682767,
                    -0.14202628570246106,
                    0.7626009848100662,
                    4.989026371829827
                ],
                [
                    0.0064081799308686295,
                    -0.982107874723375,
                    -0.18821014222487858,
                    -1.504314905245135
                ],
                [
                    0.0,
                    0.0,
                    0.0,
                    1.0
                ]
            ],
            "is_bad": false,
            "mask_path": "DSC08992.png"
        },
        {
            "file_path": "DSC09110.JPG",
            "transform_matrix": [
                [
                    0.4044512795784931,
                    -0.27962281486851487,
                    0.8707641723522668,
                    3.3942570926200952
                ],
                [
                    -0.9137305916631084,
                    -0.16407608381670266,
                    0.3717195778787559,
                    1.0040767942092284
                ],
                [
                    0.03893030061925839,
                    -0.9459863213199136,
                    -0.3218607021202054,
                    -1.297675884044524
                ],
                [
                    0.0,
                    0.0,
                    0.0,
                    1.0
                ]
            ],
            "is_bad": false,
            "mask_path": "DSC09110.png"
        },
        {
            "file_path": "DSC08946.JPG",
            "transform_matrix": [
                [
                    -0.42378727197757704,
                    0.20396153521330612,
                    -0.8824987480236078,
                    2.268765677341033
                ],
                [
                    0.9042264835436647,
                    0.1519719410177621,
                    -0.399097726880964,
                    4.528730069047241
                ],
                [
                    0.052714462608110524,
                    -0.9671112765844093,
                    -0.2488311960651498,
                    -1.4480202713851413
                ],
                [
                    0.0,
                    0.0,
                    0.0,
                    1.0
                ]
            ],
            "is_bad": true,
            "mask_path": "DSC08946.png"
        },
        {
            "file_path": "DSC08930.JPG",
            "transform_matrix": [
                [
                    -0.8526159433237321,
                    0.2510721993321226,
                    -0.4582671752511992,
                    2.2957684254389448
                ],
                [
                    0.5189898193639759,
                    0.30485843898016035,
                    -0.7985680306518209,
                    3.767066343538011
                ],
                [
                    -0.060791616089146454,
                    -0.9187078332664367,
                    -0.3902310809099644,
                    -1.2387310487487078
                ],
                [
                    0.0,
                    0.0,
                    0.0,
                    1.0
                ]
            ],
            "is_bad": true,
            "mask_path": "DSC08930.png"
        },
        {
            "file_path": "DSC09076.JPG",
            "transform_matrix": [
                [
                    -0.8031459523661476,
                    0.2760402094966153,
                    0.5279757399151392,
                    3.447017668895644
                ],
                [
                    -0.5946008006669046,
                    -0.42716198981976183,
                    -0.6811626254423372,
                    1.5736364881025786
                ],
                [
                    0.03750289381034477,
                    -0.8610078032133547,
                    0.5072071527113586,
                    -1.8031557289089901
                ],
                [
                    0.0,
                    0.0,
                    0.0,
                    1.0
                ]
            ],
            "is_bad": true,
            "mask_path": "DSC09076.png"
        },
        {
            "file_path": "DSC09290.JPG",
            "transform_matrix": [
                [
                    0.9612091102351539,
                    0.190344159371878,
                    0.19961499791838344,
                    1.033050843674498
                ],
                [
                    -0.2692217732322295,
                    0.4901028827545639,
                    0.8290469233604087,
                    3.112671324119582
                ],
                [
                    0.059972353786033,
                    -0.8506281592497856,
                    0.5223361479666939,
                    -1.8869048658179433
                ],
                [
                    0.0,
                    0.0,
                    0.0,
                    1.0
                ]
            ],
            "is_bad": false,
            "mask_path": "DSC09290.png"
        },
        {
            "file_path": "DSC09144.JPG",
            "transform_matrix": [
                [
                    0.5737114142827505,
                    0.47141678170947626,
                    0.6697920804580827,
                    2.8524227638016346
                ],
                [
                    -0.8125969234355445,
                    0.22509189143618358,
                    0.5376056923366512,
                    1.33506615210633
                ],
                [
                    0.10267157905075253,
                    -0.8527015059986478,
                    0.5122096138524376,
                    -1.8343171958610756
                ],
                [
                    0.0,
                    0.0,
                    0.0,
                    1.0
                ]
            ],
            "is_bad": false,
            "mask_path": "DSC09144.png"
        },
        {
            "file_path": "DSC09221.JPG",
            "transform_matrix": [
                [
                    0.8401480374204314,
                    -0.22492273287354028,
                    0.49351903656829177,
                    1.3486545699535826
                ],
                [
                    -0.5409693285868818,
                    -0.2824742389542105,
                    0.7921871558258795,
                    3.423468532402015
                ],
                [
                    -0.03877448577163009,
                    -0.9325331460939804,
                    -0.35899647726573514,
                    -1.3572950746461485
                ],
                [
                    0.0,
                    0.0,
                    0.0,
                    1.0
                ]
            ],
            "is_bad": false,
            "mask_path": "DSC09221.png"
        },
        {
            "file_path": "DSC09061.JPG",
            "transform_matrix": [
                [
                    0.5762296894602478,
                    0.23770181422524647,
                    -0.7819572830395362,
                    2.4437132620180346
                ],
                [
                    0.8171247417086692,
                    -0.1866694709755558,
                    0.545400463048251,
                    2.8977235805632193
                ],
                [
                    -0.016324872804614577,
                    -0.9532325823846628,
                    -0.3017965248444399,
                    -1.4169000877709081
                ],
                [
                    0.0,
                    0.0,
                    0.0,
                    1.0
                ]
            ],
            "is_bad": false,
            "mask_path": "DSC09061.png"
        },
        {
            "file_path": "DSC09197.JPG",
            "transform_matrix": [
                [
                    0.7375684274947492,
                    -0.24544231526925062,
                    0.6290873426148333,
                    2.6482316668648935
                ],
                [
                    -0.6749879671338657,
                    -0.29500881871323165,
                    0.6762847337519279,
                    3.408512884894553
                ],
                [
                    0.019597422978926058,
                    -0.9234326541533463,
                    -0.3832597999476228,
                    -1.2206211193429908
                ],
                [
                    0.0,
                    0.0,
                    0.0,
                    1.0
                ]
            ],
            "is_bad": false,
            "mask_path": "DSC09197.png"
        },
        {
            "file_path": "DSC09331.JPG",
            "transform_matrix": [
                [
                    0.9098014444622086,
                    -0.006184015952853374,
                    -0.4149976983082829,
                    2.078462223611332
                ],
                [
                    0.4111069296141199,
                    -0.12396484648860469,
                    0.9031189341710798,
                    3.890279065339419
                ],
                [
                    -0.057030027860148054,
                    -0.992267340378464,
                    -0.11024110458680596,
                    -1.5962756444091695
                ],
                [
                    0.0,
                    0.0,
                    0.0,
                    1.0
                ]
            ],
            "is_bad": false,
            "mask_path": "DSC09331.png"
        },
        {
            "file_path": "DSC09136.JPG",
            "transform_matrix": [
                [
                    0.8126660569036378,
                    0.06658363466415614,
                    -0.5789132055425962,
                    3.016650414405487
                ],
                [
                    0.5796383373431832,
                    -0.1945577459228909,
                    0.7913069451125994,
                    2.0846179335135
                ],
                [
                    -0.05994395581477618,
                    -0.9786285828118421,
                    -0.19670490351021302,
                    -1.470887035686095
                ],
                [
                    0.0,
                    0.0,
                    0.0,
                    1.0
                ]
            ],
            "is_bad": true,
            "mask_path": "DSC09136.png"
        },
        {
            "file_path": "DSC09229.JPG",
            "transform_matrix": [
                [
                    0.5723369530046222,
                    0.4611437376256268,
                    -0.6780684814043872,
                    0.8020439273033501
                ],
                [
                    0.8199965061802129,
                    -0.3279116744783972,
                    0.4691264899715404,
                    2.689894488375918
                ],
                [
                    -0.00601182814366914,
                    -0.8245122115465849,
                    -0.5658122223255081,
                    -1.3578559927142346
                ],
                [
                    0.0,
                    0.0,
                    0.0,
                    1.0
                ]
            ],
            "is_bad": false,
            "mask_path": "DSC09229.png"
        },
        {
            "file_path": "DSC09008.JPG",
            "transform_matrix": [
                [
                    -0.46898730009770573,
                    -0.42172183435225163,
                    0.7760164990369964,
                    2.4920041887048887
                ],
                [
                    -0.8817906722359269,
                    0.2732811498136367,
                    -0.38439904203086755,
                    4.373053301625901
                ],
                [
                    -0.04996121200267748,
                    -0.8645623792342046,
                    -0.5000357684287342,
                    -1.079197823641148
                ],
                [
                    0.0,
                    0.0,
                    0.0,
                    1.0
                ]
            ],
            "is_bad": false,
            "mask_path": "DSC09008.png"
        },
        {
            "file_path": "DSC09000.JPG",
            "transform_matrix": [
                [
                    0.6413762155429815,
                    0.09611455780078274,
                    0.7611823315832563,
                    2.7182272559052256
                ],
                [
                    -0.7672265280564352,
                    0.08043804204160787,
                    0.6363121687025793,
                    5.060912505853447
                ],
                [
                    -6.915367111753593e-05,
                    -0.9921147681449322,
                    0.12533268546750817,
                    -1.6351307249030476
                ],
                [
                    0.0,
                    0.0,
                    0.0,
                    1.0
                ]
            ],
            "is_bad": false,
            "mask_path": "DSC09000.png"
        },
        {
            "file_path": "DSC08987.JPG",
            "transform_matrix": [
                [
                    0.9691305094499919,
                    -0.16603487483772358,
                    -0.18225936461762682,
                    3.0588748150148315
                ],
                [
                    0.24500341819213858,
                    0.5659336110570697,
                    0.7872054833079315,
                    4.986702399862733
                ],
                [
                    -0.027556863525581735,
                    -0.8075590184088883,
                    0.5891426406729574,
                    -1.9163372642885197
                ],
                [
                    0.0,
                    0.0,
                    0.0,
                    1.0
                ]
            ],
            "is_bad": false,
            "mask_path": "DSC08987.png"
        },
        {
            "file_path": "DSC09147.JPG",
            "transform_matrix": [
                [
                    -0.5074628021523907,
                    0.38883411714578275,
                    0.7689535316097492,
                    2.795166102155613
                ],
                [
                    -0.8584921785905059,
                    -0.3047645190392729,
                    -0.41244365340454703,
                    0.9488318326287971
                ],
                [
                    0.07397758938065759,
                    -0.8694404046731568,
                    0.4884677051670921,
                    -1.867965368686681
                ],
                [
                    0.0,
                    0.0,
                    0.0,
                    1.0
                ]
            ],
            "is_bad": true,
            "mask_path": "DSC09147.png"
        },
        {
            "file_path": "DSC09101.JPG",
            "transform_matrix": [
                [
                    -0.42766994017747884,
                    -0.06981721804820568,
                    0.9012346965871876,
                    3.1121014967226737
                ],
                [
                    -0.9038853939192778,
                    0.022588732662422756,
                    -0.42717788310737215,
                    1.1287636481870529
                ],
                [
                    0.009466621782970404,
                    -0.9973040184521038,
                    -0.07276728558427298,
                    -1.5292556821095822
                ],
                [
                    0.0,
                    0.0,
                    0.0,
                    1.0
                ]
            ],
            "is_bad": false,
            "mask_path": "DSC09101.png"
        },
        {
            "file_path": "DSC08997.JPG",
            "transform_matrix": [
                [
                    0.6953624680746405,
                    -0.39867877224977566,
                    0.5979350086343461,
                    2.7903327650215863
                ],
                [
