{
    "fl_x": 464.18864110466717,
    "fl_y": 464.92186826867453,
    "cx": 876.0,
    "cy": 584.0,
    "w": 1752,
    "h": 1168,
    "k1": 0.0,
    "k2": 0.0,
    "k3": 0.0,
    "k4": 0.0,
    "camera_model": "PINHOLE",
    "has_mask": false,
    "aabb_range": [
        [
            0.0,
            0.02374636009335518,
            -2.569859027862549
        ],
        [
            3.2481637001037598,
            6.318483829498291,
            -0.0
        ]
    ],
    "frames": [
        {
            "file_path": "f7226bb3_DSC02917.JPG",
            "transform_matrix": [
                [
                    -0.993937220320706,
                    0.03829527467428441,
                    -0.10306441674393778,
                    0.8640577720412457
                ],
                [
                    0.09134311743789496,
                    -0.23414803313828048,
                    -0.9679003737338883,
                    4.413565279114759
                ],
                [
                    -0.06119834113661949,
                    -0.9714464321387437,
                    0.22923043542913418,
                    -1.5574141091860834
                ],
                [
                    0.0,
                    0.0,
                    0.0,
                    1.0
                ]
            ],
            "is_bad": false,
            "mask_path": "f7226bb3_DSC02917.png"
        },
        {
            "file_path": "f7226bb3_DSC01990.JPG",
            "transform_matrix": [
                [
                    0.9466674661110956,
                    0.12487088348029131,
                    -0.29703193610392825,
                    1.5750739219756986
                ],
                [
                    0.32216865030556824,
                    -0.38198193009033643,
                    0.8661969555734709,
                    1.213436805981182
                ],
                [
                    -0.005298053141049857,
                    -0.9156948550381356,
                    -0.40183934985215375,
                    -1.3594942696851406
                ],
                [
                    0.0,
                    0.0,
                    0.0,
                    1.0
                ]
            ],
            "is_bad": false,
            "mask_path": "f7226bb3_DSC01990.png"
        },
        {
            "file_path": "f674dab1_DSC04086.JPG",
            "transform_matrix": [
                [
                    -0.12764957287329545,
                    0.3672411926367439,
                    -0.921324857461258,
                    2.1951022063674515
                ],
                [
                    0.9908741476770362,
                    0.00667514240206286,
                    -0.13462490831647445,
                    5.40386184690092
                ],
                [
                    -0.043289837266640194,
                    -0.9301017949152954,
                    -0.36474188282232356,
                    -1.355931796803676
                ],
                [
                    0.0,
                    0.0,
                    0.0,
                    1.0
                ]
            ],
            "is_bad": false,
            "mask_path": "f674dab1_DSC04086.png"
        },
        {
            "file_path": "f7226bb3_DSC02685.JPG",
            "transform_matrix": [
                [
                    -0.9650434261611097,
                    -0.04476672753892131,
                    -0.25823850551124755,
                    0.9424236458755978
                ],
                [
                    0.2619062475553304,
                    -0.12782759641082178,
                    -0.9565904155318086,
                    2.7476903546648552
                ],
                [
                    0.009813415038230562,
                    -0.9907855699904436,
                    0.13508386722328972,
                    -1.5229662362761112
                ],
                [
                    0.0,
                    0.0,
                    0.0,
                    1.0
                ]
            ],
            "is_bad": false,
            "mask_path": "f7226bb3_DSC02685.png"
        },
        {
            "file_path": "f7226bb3_DSC01553.JPG",
            "transform_matrix": [
                [
                    -0.8587954690252045,
                    -0.16796685464010697,
                    0.48400152698528526,
                    2.244614100752313
                ],
                [
                    -0.5119090291924909,
                    0.31910458190927243,
                    -0.7975721983843903,
                    2.382702987927179
                ],
                [
                    -0.02048141140106753,
                    -0.932716141999707,
                    -0.3600293185841985,
                    -1.418993833609172
                ],
                [
                    0.0,
                    0.0,
                    0.0,
                    1.0
                ]
            ],
            "is_bad": false,
            "mask_path": "f7226bb3_DSC01553.png"
        },
        {
            "file_path": "f7226bb3_DSC03522.JPG",
            "transform_matrix": [
                [
                    0.10695212581777304,
                    -0.044052621838701976,
                    0.9932877776818743,
                    2.0834774559591964
                ],
                [
                    -0.9926993616599201,
                    0.05129574048831947,
                    0.10916375024587355,
                    4.138724756133757
                ],
                [
                    -0.05576038148226497,
                    -0.997711438000433,
                    -0.03824482108810327,
                    -1.4472683388884795
                ],
                [
                    0.0,
                    0.0,
                    0.0,
                    1.0
                ]
            ],
            "is_bad": false,
            "mask_path": "f7226bb3_DSC03522.png"
        },
        {
            "file_path": "f7226bb3_DSC02412.JPG",
            "transform_matrix": [
                [
                    0.8974011718007845,
                    0.22872369660307823,
                    -0.37730174590478965,
                    0.6989362878204477
                ],
                [
                    0.44067259632661226,
                    -0.5070449769612363,
                    0.7407516818645383,
                    1.87411851476134
                ],
                [
                    -0.021881492118723766,
                    -0.8310179672850658,
                    -0.555815021704214,
                    -1.3109947653227878
                ],
                [
                    0.0,
                    0.0,
                    0.0,
                    1.0
                ]
            ],
            "is_bad": false,
            "mask_path": "f7226bb3_DSC02412.png"
        },
        {
            "file_path": "f7226bb3_DSC03734.JPG",
            "transform_matrix": [
                [
                    -0.3209008190749446,
                    -0.26260036906803536,
                    0.9099800604861414,
                    1.3797476980874628
                ],
                [
                    -0.9449490028369372,
                    0.15367998805438726,
                    -0.2888837885882176,
                    5.088735886802829
                ],
                [
                    -0.06398473532420254,
                    -0.9525877951333069,
                    -0.29745999093753245,
                    -1.3141533465443795
                ],
                [
                    0.0,
                    0.0,
                    0.0,
                    1.0
                ]
            ],
            "is_bad": false,
            "mask_path": "f7226bb3_DSC03734.png"
        },
        {
            "file_path": "f7226bb3_DSC02776.JPG",
            "transform_matrix": [
                [
                    -0.9980615459005381,
                    0.05970314095692634,
                    0.017569449465082012,
                    0.7670698216898543
                ],
                [
                    -0.009332193557466737,
                    0.13554445897961928,
                    -0.9907273135446145,
                    3.579929577684752
                ],
                [
                    -0.06153097397274502,
                    -0.9889707956253311,
                    -0.13472455100005246,
                    -1.4419126865148124
                ],
                [
                    0.0,
                    0.0,
                    0.0,
                    1.0
                ]
            ],
            "is_bad": false,
            "mask_path": "f7226bb3_DSC02776.png"
        },
        {
            "file_path": "f7226bb3_DSC01376.JPG",
            "transform_matrix": [
                [
                    -0.9390660706966106,
                    0.007169290439786189,
                    -0.3436619212845929,
                    2.1834493830873565
                ],
                [
                    0.34359140927477627,
                    -0.009487345674430048,
                    -0.9390713145148384,
                    1.7015743574138313
                ],
                [
                    -0.009992914439794415,
                    -0.9999292932736014,
                    0.006445937818121242,
                    -1.567564967373118
                ],
                [
                    0.0,
                    0.0,
                    0.0,
                    1.0
                ]
            ],
            "is_bad": false,
            "mask_path": "f7226bb3_DSC01376.png"
        },
        {
            "file_path": "f7226bb3_DSC02235.JPG",
            "transform_matrix": [
                [
                    0.4374985616504529,
                    -0.0637380595831057,
                    -0.8969573391830661,
                    1.3031624272593039
                ],
                [
                    0.8992114104212501,
                    0.026882381278984936,
                    0.4366877339071906,
                    1.7834582612609446
                ],
                [
                    -0.0037212796200850736,
                    -0.997604529529288,
                    0.06907499359853311,
                    -1.5574458345130633
                ],
                [
                    0.0,
                    0.0,
                    0.0,
                    1.0
                ]
            ],
            "is_bad": false,
            "mask_path": "f7226bb3_DSC02235.png"
        },
        {
            "file_path": "f7226bb3_DSC03788.JPG",
            "transform_matrix": [
                [
                    -0.39111225345726264,
                    -0.27675607261207846,
                    0.8777455676150805,
                    1.5418269866370637
                ],
                [
                    -0.9196231478082749,
                    0.15523221391489722,
                    -0.36082714113309006,
                    4.460092128668001
                ],
                [
                    -0.036393285243038906,
                    -0.948319058142046,
                    -0.3152245116639903,
                    -1.341700495203756
                ],
                [
                    0.0,
                    0.0,
                    0.0,
                    1.0
                ]
            ],
            "is_bad": false,
            "mask_path": "f7226bb3_DSC03788.png"
        },
        {
            "file_path": "f7226bb3_DSC03236.JPG",
            "transform_matrix": [
                [
                    0.46507489990532896,
                    0.45240930412157687,
                    -0.7609409694728485,
                    1.9846709284604553
                ],
                [
                    0.885079498020681,
                    -0.25551397029125156,
                    0.3890332802851974,
                    4.733238840305662
                ],
                [
                    -0.01842877265332104,
                    -0.854422865172879,
                    -0.5192513339494278,
                    -1.3199149904770457
                ],
                [
                    0.0,
                    0.0,
                    0.0,
                    1.0
                ]
            ],
            "is_bad": false,
            "mask_path": "f7226bb3_DSC03236.png"
        },
        {
            "file_path": "f7226bb3_DSC02525.JPG",
            "transform_matrix": [
                [
                    -0.3058949459405029,
                    0.12676426372565847,
                    -0.9435884184802972,
                    0.9987560379043324
                ],
                [
                    0.9520028770434271,
                    0.05207278537072319,
                    -0.30162716576059934,
                    2.247352308735556
                ],
                [
                    0.010899731606525105,
                    -0.9905651147026259,
                    -0.13660874563906739,
                    -1.471083156618565
                ],
                [
                    0.0,
                    0.0,
                    0.0,
                    1.0
                ]
            ],
            "is_bad": false,
            "mask_path": "f7226bb3_DSC02525.png"
        },
        {
            "file_path": "f7226bb3_DSC02853.JPG",
            "transform_matrix": [
                [
                    -0.9944063073994767,
                    -0.030032751054217734,
                    0.10126267658053233,
                    0.757575967496507
                ],
                [
                    -0.09876765340822573,
                    0.6041531262581341,
                    -0.7907236879421005,
                    4.033227431124107
                ],
                [
                    -0.037430554956756595,
                    -0.7963020996434951,
                    -0.6037399437332197,
                    -1.2800822343772782
                ],
                [
                    0.0,
                    0.0,
                    0.0,
                    1.0
                ]
            ],
            "is_bad": false,
            "mask_path": "f7226bb3_DSC02853.png"
        },
        {
            "file_path": "f7226bb3_DSC01794.JPG",
            "transform_matrix": [
                [
                    0.5085691117527973,
                    -0.091930219032177,
                    0.8560994646649805,
                    1.7605726730715996
                ],
                [
                    -0.8607142253017346,
                    -0.02773322753760819,
                    0.5083324605546858,
                    1.6042601828827292
                ],
                [
                    -0.022988713191579156,
                    -0.9953791754497592,
                    -0.09322991015093818,
                    -1.4795023064117818
                ],
                [
                    0.0,
                    0.0,
                    0.0,
                    1.0
                ]
            ],
            "is_bad": false,
            "mask_path": "f7226bb3_DSC01794.png"
        },
        {
            "file_path": "f7226bb3_DSC02723.JPG",
            "transform_matrix": [
                [
                    -0.9914582528254731,
                    0.0467345040180322,
                    -0.12176378377189136,
                    0.8123020483220611
                ],
                [
                    0.1303204418612243,
                    0.31770814872669173,
                    -0.9391901376535813,
                    3.143431745862837
                ],
                [
                    -0.005207238937743045,
                    -0.9470361230527831,
                    -0.32108482725877635,
                    -1.397624148266061
                ],
                [
                    0.0,
                    0.0,
                    0.0,
                    1.0
                ]
            ],
            "is_bad": false,
            "mask_path": "f7226bb3_DSC02723.png"
        },
        {
            "file_path": "f7226bb3_DSC03990.JPG",
            "transform_matrix": [
                [
                    -0.15597275645645006,
                    0.3222372318619509,
                    -0.9337214068689461,
                    1.7870368030589145
                ],
                [
                    0.9871058260250578,
                    0.01641587487881191,
                    -0.15922502089606247,
                    5.264774457241901
                ],
                [
                    -0.035980376189879655,
                    -0.9465166060106448,
                    -0.32064267818761155,
                    -1.3365719749131617
                ],
                [
                    0.0,
                    0.0,
                    0.0,
                    1.0
                ]
            ],
            "is_bad": false,
            "mask_path": "f7226bb3_DSC03990.png"
        },
        {
            "file_path": "f7226bb3_DSC02978.JPG",
            "transform_matrix": [
                [
                    -0.9662007817111812,
                    0.12010023036183907,
                    -0.22810520399091183,
                    1.1727789659197823
                ],
                [
                    0.2558944790542026,
                    0.33969922133428704,
                    -0.9050538407268693,
                    4.649587123816002
                ],
                [
                    -0.03121001458315287,
                    -0.9328345907458152,
                    -0.35895063908260005,
                    -1.3925244236086427
                ],
                [
                    0.0,
                    0.0,
                    0.0,
                    1.0
                ]
            ],
            "is_bad": false,
            "mask_path": "f7226bb3_DSC02978.png"
        },
        {
            "file_path": "f7226bb3_DSC01483.JPG",
            "transform_matrix": [
                [
                    -0.9844423975256373,
                    0.08558297552626948,
                    -0.15345592283794265,
                    2.136687945302997
                ],
                [
                    0.17357282781065708,
                    0.3379453925573563,
                    -0.925021829523534,
                    2.0302455730916997
                ],
                [
                    -0.027306398513657907,
                    -0.9372664860909751,
                    -0.3475426515564513,
                    -1.4368000523366957
                ],
                [
                    0.0,
                    0.0,
                    0.0,
                    1.0
                ]
            ],
            "is_bad": false,
            "mask_path": "f7226bb3_DSC01483.png"
        },
        {
            "file_path": "f7226bb3_DSC03661.JPG",
            "transform_matrix": [
                [
                    -0.48542574509472675,
                    -0.1875636047487111,
                    0.8539213899258519,
                    1.6037097533309403
                ],
                [
                    -0.8725013961194027,
                    0.1661624526397178,
                    -0.4594903188342998,
                    4.810826560349176
                ],
                [
                    -0.055706011963900535,
                    -0.9680960352704803,
                    -0.24430903938384035,
                    -1.3480952512457722
                ],
                [
                    0.0,
                    0.0,
                    0.0,
                    1.0
                ]
            ],
            "is_bad": false,
            "mask_path": "f7226bb3_DSC03661.png"
        },
        {
            "file_path": "f7226bb3_DSC03439.JPG",
            "transform_matrix": [
                [
                    0.9171634796943051,
                    -0.2609671129963573,
                    0.3011765552784285,
                    1.8693132019428762
                ],
                [
                    -0.39046662285750344,
                    -0.43739939360309404,
                    0.810072581260409,
                    4.365429331108424
                ],
                [
                    -0.07966786020278276,
                    -0.8605683798571686,
                    -0.503065697141753,
                    -1.3075254744594516
                ],
                [
                    0.0,
                    0.0,
                    0.0,
                    1.0
                ]
            ],
            "is_bad": false,
            "mask_path": "f7226bb3_DSC03439.png"
        },
        {
            "file_path": "f7226bb3_DSC02285.JPG",
            "transform_matrix": [
                [
                    0.4444195360813977,
                    0.3309278583422046,
                    -0.8324530188078108,
                    1.019267757121344
                ],
                [
                    0.895778742105431,
                    -0.17295241848095827,
                    0.40947271720298933,
                    1.8449780098681912
                ],
                [
                    -0.008468833521037123,
                    -0.9276713930668712,
                    -0.37330157425888755,
                    -1.3948374727936137
                ],
                [
                    0.0,
                    0.0,
                    0.0,
                    1.0
                ]
            ],
            "is_bad": false,
            "mask_path": "f7226bb3_DSC02285.png"
        },
        {
            "file_path": "f7226bb3_DSC02015.JPG",
            "transform_matrix": [
                [
                    0.7955702723060812,
                    -0.029747480948192635,
                    -0.6051305885509872,
                    1.491613258069924
                ],
                [
                    0.6057628904854588,
                    0.021052356597030055,
                    0.79536665682716,
                    1.4606450509097737
                ],
                [
                    -0.01092072953284747,
                    -0.9993357221969743,
                    0.03476854911442225,
                    -1.523890379205577
                ],
                [
                    0.0,
                    0.0,
                    0.0,
                    1.0
                ]
            ],
            "is_bad": false,
            "mask_path": "f7226bb3_DSC02015.png"
        },
        {
            "file_path": "f7226bb3_DSC02382.JPG",
            "transform_matrix": [
                [
                    0.9373153095542888,
                    5.47091110546803e-05,
                    -0.3484824349691979,
                    0.759270373597426
                ],
                [
                    0.34827013243591837,
                    -0.03504826241461577,
                    0.9367387758360302,
                    2.084389077910076
                ],
                [
                    -0.012162455681968457,
                    -0.999385619422568,
                    -0.03287032648384807,
                    -1.5178294118598408
                ],
                [
                    0.0,
                    0.0,
                    0.0,
                    1.0
                ]
            ],
            "is_bad": false,
            "mask_path": "f7226bb3_DSC02382.png"
        },
        {
            "file_path": "f7226bb3_DSC02211.JPG",
            "transform_matrix": [
                [
                    0.2905655572979182,
                    0.30887528620022076,
                    -0.9056311139127684,
                    1.5586236178489703
                ],
                [
                    0.9568078738763113,
                    -0.10319271217728339,
                    0.27179028062421434,
                    1.8027025579130667
                ],
                [
                    -0.009505230162550317,
                    -0.9454878749768438,
                    -0.3255185538050464,
                    -1.4048685027704433
                ],
                [
                    0.0,
                    0.0,
                    0.0,
                    1.0
                ]
            ],
            "is_bad": false,
            "mask_path": "f7226bb3_DSC02211.png"
        },
        {
            "file_path": "f7226bb3_DSC02808.JPG",
            "transform_matrix": [
                [
                    -0.9589012057655034,
                    0.06012726673325996,
                    0.27729621233736956,
                    0.8622350484417292
                ],
                [
                    -0.2780738982573596,
                    -0.004809344633249975,
                    -0.9605476444779587,
                    3.8499241782294344
                ],
                [
                    -0.056421491378905286,
                    -0.9981791332217814,
                    0.021331509819842567,
                    -1.4900418811781937
                ],
                [
                    0.0,
                    0.0,
                    0.0,
                    1.0
                ]
            ],
            "is_bad": false,
            "mask_path": "f7226bb3_DSC02808.png"
        },
        {
            "file_path": "f7226bb3_DSC03283.JPG",
            "transform_matrix": [
                [
                    0.8813797050485885,
                    -0.1406584375122737,
                    -0.4509822828948705,
                    1.849373160272761
                ],
                [
                    0.46880487238535196,
                    0.14273668292492728,
                    0.8716927388566126,
                    4.67181260748832
                ],
                [
                    -0.058239223520040524,
                    -0.9797149806470219,
                    0.1917465763438508,
                    -1.5658619927086816
                ],
                [
                    0.0,
                    0.0,
                    0.0,
                    1.0
                ]
            ],
            "is_bad": false,
            "mask_path": "f7226bb3_DSC03283.png"
        },
        {
            "file_path": "f7226bb3_DSC01771.JPG",
            "transform_matrix": [
                [
                    0.45240184784181503,
                    -0.32930536050111436,
                    0.8287886024883201,
                    1.9196112398832084
                ],
                [
                    -0.8918092296783984,
                    -0.17015278035001874,
                    0.4191948582694937,
                    1.8345024675488673
                ],
                [
                    0.002977571113144836,
                    -0.9287658536382513,
                    -0.3706549921232374,
                    -1.4157124032921033
                ],
                [
                    0.0,
                    0.0,
                    0.0,
                    1.0
                ]
            ],
            "is_bad": false,
            "mask_path": "f7226bb3_DSC01771.png"
        },
        {
            "file_path": "f7226bb3_DSC03605.JPG",
            "transform_matrix": [
                [
                    -0.45221004751165667,
                    0.2597440913894375,
                    0.8532520611857796,
                    2.0335433227648125
                ],
                [
                    -0.8899790642527459,
                    -0.06846855499839581,
                    -0.4508318113978192,
                    4.40558172375073
                ],
                [
                    -0.058679963542187616,
                    -0.9632471458378206,
                    0.2621289719088301,
                    -1.5344911735971236
                ],
                [
                    0.0,
                    0.0,
                    0.0,
                    1.0
                ]
            ],
            "is_bad": false,
            "mask_path": "f7226bb3_DSC03605.png"
        },
        {
            "file_path": "f7226bb3_DSC03053.JPG",
            "transform_matrix": [
                [
                    -0.6445155559367688,
                    0.009253371345472647,
                    -0.7645352008078238,
                    1.3648215546587121
                ],
                [
                    0.7641953231627875,
                    -0.02437679604624754,
                    -0.6445240723748352,
                    4.5358797843346705
                ],
                [
                    -0.024600939243050228,
                    -0.999660015671959,
                    0.008639841150005888,
                    -1.528911681097585
                ],
                [
                    0.0,
                    0.0,
                    0.0,
                    1.0
                ]
            ],
            "is_bad": false,
            "mask_path": "f7226bb3_DSC03053.png"
        },
        {
            "file_path": "f7226bb3_DSC02104.JPG",
            "transform_matrix": [
                [
                    0.4121645180662437,
                    0.44812424814344615,
                    -0.7932875066916739,
                    1.7579221267825444
                ],
                [
                    0.9108901372508902,
                    -0.2217743568660311,
                    0.3479874889930857,
                    1.3959891923495256
                ],
                [
                    -0.01998919473805109,
                    -0.8660258615437125,
                    -0.49959947881397454,
                    -1.323834992457912
                ],
                [
                    0.0,
                    0.0,
                    0.0,
                    1.0
                ]
            ],
            "is_bad": false,
            "mask_path": "f7226bb3_DSC02104.png"
        },
        {
            "file_path": "f7226bb3_DSC02645.JPG",
            "transform_matrix": [
                [
                    -0.7597687872450947,
                    0.10722409717864796,
                    -0.6412911841841754,
                    0.9137050885221898
                ],
                [
                    0.6499731635698585,
                    0.09958558089795333,
                    -0.753404007632165,
                    2.491238918839639
                ],
                [
                    -0.016919709427416586,
                    -0.9892349089379333,
                    -0.14535480168006404,
                    -1.463915289521795
                ],
                [
                    0.0,
                    0.0,
                    0.0,
                    1.0
                ]
            ],
            "is_bad": false,
            "mask_path": "f7226bb3_DSC02645.png"
        },
        {
            "file_path": "f7226bb3_DSC03640.JPG",
            "transform_matrix": [
                [
                    -0.541576353027751,
                    -0.24849899710033196,
                    0.8030836209768505,
                    1.7584394265586478
                ],
                [
                    -0.8356414508021918,
                    0.2632797796365929,
                    -0.48206547619147594,
                    4.594766994431919
                ],
                [
                    -0.09164289139026666,
                    -0.9321652246649389,
                    -0.3502421653413467,
                    -1.3316401624581873
                ],
                [
                    0.0,
                    0.0,
                    0.0,
                    1.0
                ]
            ],
            "is_bad": false,
            "mask_path": "f7226bb3_DSC03640.png"
        },
        {
            "file_path": "f7226bb3_DSC03401.JPG",
            "transform_matrix": [
                [
                    0.9930974087615733,
                    -0.07137697328574649,
                    -0.09307450991337535,
                    1.654380420951734
                ],
                [
                    0.10437694975448573,
                    0.1757986631042152,
                    0.9788770517336282,
                    4.513533545879872
                ],
                [
                    -0.053506906759770025,
                    -0.9818350970174862,
                    0.18203530754681846,
                    -1.562390579557098
                ],
                [
                    0.0,
                    0.0,
                    0.0,
                    1.0
                ]
            ],
            "is_bad": false,
            "mask_path": "f7226bb3_DSC03401.png"
        },
        {
            "file_path": "f7226bb3_DSC02872.JPG",
            "transform_matrix": [
                [
                    -0.9973967365115658,
                    0.056703363948848104,
                    0.044547486045376505,
                    0.8682043169849815
                ],
                [
                    -0.02527547788753844,
                    0.3036714821769677,
                    -0.9524414843600633,
                    4.230604108593878
                ],
                [
                    -0.06753443724230676,
                    -0.9510879872174438,
                    -0.30144774067329966,
                    -1.3923384790502327
                ],
                [
                    0.0,
                    0.0,
                    0.0,
                    1.0
                ]
            ],
            "is_bad": false,
            "mask_path": "f7226bb3_DSC02872.png"
        },
        {
            "file_path": "f7226bb3_DSC03498.JPG",
            "transform_matrix": [
                [
                    0.3887072256353046,
                    0.3051962752275918,
                    0.8693456886222595,
                    1.8573251616583821
                ],
                [
                    -0.9202846011138304,
                    0.1742092590407544,
                    0.3503246879927701,
                    4.135857562799922
                ],
                [
                    -0.044530278369496704,
                    -0.9362191878249864,
                    0.3485838301709632,
                    -1.544111288933814
                ],
                [
                    0.0,
                    0.0,
                    0.0,
                    1.0
                ]
            ],
            "is_bad": false,
            "mask_path": "f7226bb3_DSC03498.png"
        },
        {
            "file_path": "f7226bb3_DSC01318.JPG",
            "transform_matrix": [
                [
                    -0.9196265272278678,
                    0.2611457726411124,
                    -0.29341086525636295,
                    2.207635154837315
                ],
                [
                    0.3908124441576984,
                    0.5333862153716001,
                    -0.7501764983942423,
                    1.7527740848224982
                ],
                [
                    -0.03940411032237095,
                    -0.8045508254195235,
                    -0.5925751306007235,
                    -1.332440780641663
                ],
                [
                    0.0,
                    0.0,
                    0.0,
                    1.0
                ]
            ],
            "is_bad": false,
            "mask_path": "f7226bb3_DSC01318.png"
        },
        {
            "file_path": "f7226bb3_DSC03804.JPG",
            "transform_matrix": [
                [
                    -0.48918269214245197,
                    -0.44192916550800065,
                    0.7519301206772243,
                    1.3625266405208636
                ],
                [
                    -0.8694028684348533,
                    0.31583692276618686,
                    -0.3799811713425221,
                    4.593561151162891
                ],
                [
                    -0.06956253348974872,
                    -0.8396104161401214,
                    -0.5387164402944278,
                    -1.2503868998448702
                ],
                [
                    0.0,
                    0.0,
                    0.0,
                    1.0
                ]
            ],
            "is_bad": false,
            "mask_path": "f7226bb3_DSC03804.png"
        },
        {
            "file_path": "f7226bb3_DSC02754.JPG",
            "transform_matrix": [
                [
                    -0.999030438709949,
                    0.02022631511848615,
                    0.03910343600930813,
                    0.8395957111734744
                ],
                [
                    -0.02645212834094528,
                    0.4342277001388112,
                    -0.9004146763232995,
                    3.370771488354457
                ],
                [
                    -0.03519186606647206,
                    -0.9005760382160329,
                    -0.43327166068630996,
                    -1.3573656203347977
                ],
                [
                    0.0,
                    0.0,
                    0.0,
                    1.0
                ]
            ],
            "is_bad": false,
            "mask_path": "f7226bb3_DSC02754.png"
        },
        {
            "file_path": "f7226bb3_DSC02250.JPG",
            "transform_matrix": [
                [
                    0.5393114037132737,
                    -0.20250288094504404,
                    -0.817395738326164,
                    1.1179289623637876
                ],
                [
                    0.8421047799230523,
                    0.12777768694580438,
                    0.5239583975369869,
                    1.9179540689022958
                ],
                [
                    -0.001658148233913051,
                    -0.9709095971962253,
                    0.23944060770198755,
                    -1.5954973898202969
                ],
                [
                    0.0,
                    0.0,
                    0.0,
                    1.0
                ]
            ],
            "is_bad": false,
            "mask_path": "f7226bb3_DSC02250.png"
        },
        {
            "file_path": "f7226bb3_DSC02505.JPG",
            "transform_matrix": [
                [
                    -0.07430712970526519,
                    0.4844203814424854,
                    -0.8716738750921026,
                    0.9824464734056436
                ],
                [
                    0.9971549810445355,
                    0.04719353586505859,
                    -0.05877681473698267,
                    2.05807890792085
                ],
                [
                    0.0126646852719303,
                    -0.8735614827908055,
                    -0.4865490124656432,
                    -1.3218275032201212
                ],
                [
                    0.0,
                    0.0,
                    0.0,
                    1.0
                ]
            ],
            "is_bad": false,
            "mask_path": "f7226bb3_DSC02505.png"
        },
        {
            "file_path": "f7226bb3_DSC03681.JPG",
            "transform_matrix": [
                [
                    -0.5637013034772758,
                    0.05290578792724523,
                    0.824282608127709,
                    1.3990258020189268
                ],
                [
                    -0.8230625237627037,
                    0.0478053799475007,
