{
    "fl_x": 624.7977908784947,
    "fl_y": 625.9321393655624,
    "cx": 876.0,
    "cy": 584.0,
    "w": 1752,
    "h": 1168,
    "k1": 0.0,
    "k2": 0.0,
    "k3": 0.0,
    "k4": 0.0,
    "camera_model": "PINHOLE",
    "has_mask": true,
    "aabb_range": [
        [
            0.08210151642560959,
            0.010861416347324848,
            -2.45773983001709
        ],
        [
            3.6417436599731445,
            4.385362148284912,
            -0.007911118678748608
        ]
    ],
    "frames": [
        {
            "file_path": "DSC05605.JPG",
            "transform_matrix": [
                [
                    -0.9843836727944306,
                    -0.08124390810576629,
                    0.15616725691209668,
                    2.0896827745328292
                ],
                [
                    -0.11704305245763558,
                    -0.3605803347586471,
                    -0.9253554701068886,
                    1.2020830451600648
                ],
                [
                    0.1314903365542356,
                    -0.9291831087471636,
                    0.34544035926887606,
                    -1.5772309054685745
                ],
                [
                    0.0,
                    0.0,
                    0.0,
                    1.0
                ]
            ],
            "is_bad": true,
            "mask_path": "DSC05605.png"
        },
        {
            "file_path": "DSC05433.JPG",
            "transform_matrix": [
                [
                    0.7206858600476677,
                    0.16288649233247346,
                    -0.6738544959729633,
                    1.0437442249651603
                ],
                [
                    0.6932096030633007,
                    -0.18124207028486675,
                    0.6975756290035342,
                    3.8539234471415273
                ],
                [
                    -0.008505136575900593,
                    -0.9698552998125433,
                    -0.2435330779942363,
                    -1.247426355374569
                ],
                [
                    0.0,
                    0.0,
                    0.0,
                    1.0
                ]
            ],
            "is_bad": false,
            "mask_path": "DSC05433.png"
        },
        {
            "file_path": "DSC05484.JPG",
            "transform_matrix": [
                [
                    0.832445913242081,
                    0.250732473846462,
                    -0.49413260172284784,
                    3.073381273770716
                ],
                [
                    0.5527836800372633,
                    -0.3142032864120016,
                    0.771820249729403,
                    3.2587504517718298
                ],
                [
                    0.038262313194816044,
                    -0.9156470506514671,
                    -0.4001580612985959,
                    -1.0826621706427706
                ],
                [
                    0.0,
                    0.0,
                    0.0,
                    1.0
                ]
            ],
            "is_bad": false,
            "mask_path": "DSC05484.png"
        },
        {
            "file_path": "DSC05540.JPG",
            "transform_matrix": [
                [
                    0.9757096355510112,
                    0.07686640130569065,
                    -0.20513961938939163,
                    0.6510273523905181
                ],
                [
                    0.21797200175437562,
                    -0.43418905195068663,
                    0.8740526721069811,
                    2.0964460806288363
                ],
                [
                    -0.021884093403717827,
                    -0.8975363076313266,
                    -0.44039716499929993,
                    -1.1420295190603729
                ],
                [
                    0.0,
                    0.0,
                    0.0,
                    1.0
                ]
            ],
            "is_bad": false,
            "mask_path": "DSC05540.png"
        },
        {
            "file_path": "DSC05506.JPG",
            "transform_matrix": [
                [
                    0.8701515665079267,
                    0.03276389298580989,
                    -0.4916937854195594,
                    1.977120253812138
                ],
                [
                    0.4891212141652913,
                    0.06400786880276316,
                    0.8698640299407715,
                    3.090388160881649
                ],
                [
                    0.059972403297453916,
                    -0.9974114096238036,
                    0.03967103218955721,
                    -1.430765069363325
                ],
                [
                    0.0,
                    0.0,
                    0.0,
                    1.0
                ]
            ],
            "is_bad": false,
            "mask_path": "DSC05506.png"
        },
        {
            "file_path": "DSC05568.JPG",
            "transform_matrix": [
                [
                    0.41749477673679203,
                    0.5358749123519336,
                    -0.7338502501936637,
                    1.1385606370805008
                ],
                [
                    0.9084104878823692,
                    -0.2264926848201547,
                    0.35141350177287434,
                    1.0693679376797993
                ],
                [
                    0.022101966039520016,
                    -0.8133505652759853,
                    -0.581353903455049,
                    -1.0594696084341222
                ],
                [
                    0.0,
                    0.0,
                    0.0,
                    1.0
                ]
            ],
            "is_bad": true,
            "mask_path": "DSC05568.png"
        },
        {
            "file_path": "DSC05648.JPG",
            "transform_matrix": [
                [
                    0.44072257501060635,
                    0.25373351520523496,
                    -0.8610359546137519,
                    1.0962102238827947
                ],
                [
                    0.8959972121897659,
                    -0.06628367788985993,
                    0.4390848093404744,
                    2.9281793643052305
                ],
                [
                    0.05433790227997299,
                    -0.9650004027496507,
                    -0.2565572354637928,
                    -1.2671482726460996
                ],
                [
                    0.0,
                    0.0,
                    0.0,
                    1.0
                ]
            ],
            "is_bad": false,
            "mask_path": "DSC05648.png"
        },
        {
            "file_path": "DSC05624.JPG",
            "transform_matrix": [
                [
                    -0.3803437646218024,
                    -0.45413761261986657,
                    0.8056659664632999,
                    2.7199113537000428
                ],
                [
                    -0.9240712564947705,
                    0.22223927539725788,
                    -0.31096947983858153,
                    0.8884477409575012
                ],
                [
                    -0.03782768342750005,
                    -0.8627680645891048,
                    -0.5041828369665902,
                    -1.0470571715189443
                ],
                [
                    0.0,
                    0.0,
                    0.0,
                    1.0
                ]
            ],
            "is_bad": false,
            "mask_path": "DSC05624.png"
        },
        {
            "file_path": "DSC05466.JPG",
            "transform_matrix": [
                [
                    -0.1966305033220083,
                    0.5102800853470197,
                    -0.8372279735302521,
                    1.5134458943981468
                ],
                [
                    0.9794794397713978,
                    0.14075192646581222,
                    -0.1442529800776093,
                    3.433781592704491
                ],
                [
                    0.044232027179886634,
                    -0.8484121225527139,
                    -0.5274849742667149,
                    -1.0792996522943608
                ],
                [
                    0.0,
                    0.0,
                    0.0,
                    1.0
                ]
            ],
            "is_bad": false,
            "mask_path": "DSC05466.png"
        },
        {
            "file_path": "DSC05577.JPG",
            "transform_matrix": [
                [
                    0.6838405534408776,
                    0.3899846125136732,
                    -0.6166636842495542,
                    2.0605048986354997
                ],
                [
                    0.7268456867140527,
                    -0.43789894422456555,
                    0.5290934344255158,
                    0.9144961809825474
                ],
                [
                    -0.06369807826654718,
                    -0.8100348860694646,
                    -0.5829116898601174,
                    -1.0528061907928423
                ],
                [
                    0.0,
                    0.0,
                    0.0,
                    1.0
                ]
            ],
            "is_bad": false,
            "mask_path": "DSC05577.png"
        },
        {
            "file_path": "DSC05496.JPG",
            "transform_matrix": [
                [
                    0.6127848948274276,
                    0.17617668893383848,
                    -0.7703612444481149,
                    2.584260826204823
                ],
                [
                    0.7902089361478161,
                    -0.14651381218626708,
                    0.5950659963993777,
                    3.0216669269325385
                ],
                [
                    -0.008031805741892425,
                    -0.9733937934438236,
                    -0.2289978449277804,
                    -1.3295068475713407
                ],
                [
                    0.0,
                    0.0,
                    0.0,
                    1.0
                ]
            ],
            "is_bad": false,
            "mask_path": "DSC05496.png"
        },
        {
            "file_path": "DSC05548.JPG",
            "transform_matrix": [
                [
                    0.7397198149662648,
                    0.23474888004167582,
                    -0.6306405938927919,
                    0.761675225942514
                ],
                [
                    0.6723734730439355,
                    -0.29543687022417636,
                    0.6786979950309117,
                    1.516384966181015
                ],
                [
                    -0.026990889075964697,
                    -0.9260723616604274,
                    -0.3763794267432357,
                    -1.1764317712673555
                ],
                [
                    0.0,
                    0.0,
                    0.0,
                    1.0
                ]
            ],
            "is_bad": false,
            "mask_path": "DSC05548.png"
        },
        {
            "file_path": "DSC05538.JPG",
            "transform_matrix": [
                [
                    0.9973989566005477,
                    -0.002819129201581101,
                    -0.07202342592992908,
                    0.7246153538443819
                ],
                [
                    0.06378699892182807,
                    -0.4307791468200663,
                    0.9002002807339725,
                    2.5940549717597117
                ],
                [
                    -0.03356397087184201,
                    -0.9024529789277228,
                    -0.4294788477722668,
                    -1.133608335868937
                ],
                [
                    0.0,
                    0.0,
                    0.0,
                    1.0
                ]
            ],
            "is_bad": false,
            "mask_path": "DSC05538.png"
        },
        {
            "file_path": "DSC05532.JPG",
            "transform_matrix": [
                [
                    0.9997795216993484,
                    0.007078233981809757,
                    -0.019768828855570998,
                    0.8999493905706516
                ],
                [
                    0.020876139586867824,
                    -0.4362703835050937,
                    0.8995734207235492,
                    3.361805891441151
                ],
                [
                    -0.0022571633905681242,
                    -0.8997877811350947,
                    -0.4363219615529465,
                    -1.1353063773528178
                ],
                [
                    0.0,
                    0.0,
                    0.0,
                    1.0
                ]
            ],
            "is_bad": false,
            "mask_path": "DSC05532.png"
        },
        {
            "file_path": "DSC05597.JPG",
            "transform_matrix": [
                [
                    0.15556457553603092,
                    -0.10232707165704183,
                    0.9825114926780186,
                    1.6766881207818993
                ],
                [
                    -0.9859125414603331,
                    -0.07795628360864254,
                    0.1479840479144768,
                    1.035510465896021
                ],
                [
                    0.06145017029691466,
                    -0.9916914783600911,
                    -0.11301277944753195,
                    -1.3710642017810661
                ],
                [
                    0.0,
                    0.0,
                    0.0,
                    1.0
                ]
            ],
            "is_bad": false,
            "mask_path": "DSC05597.png"
        },
        {
            "file_path": "DSC05514.JPG",
            "transform_matrix": [
                [
                    0.9938095834114,
                    -0.009440214857596465,
                    0.11069505076154836,
                    1.5379374718751118
                ],
                [
                    -0.11063099922089237,
                    -0.17524383696126863,
                    0.9782895172792558,
                    3.0892330963884103
                ],
                [
                    0.010163362192025476,
                    -0.9844798016975946,
                    -0.17520338500844973,
                    -1.3683362958906706
                ],
                [
                    0.0,
                    0.0,
                    0.0,
                    1.0
                ]
            ],
            "is_bad": false,
            "mask_path": "DSC05514.png"
        },
        {
            "file_path": "DSC05616.JPG",
            "transform_matrix": [
                [
                    -0.7249798208107513,
                    0.04678814095538047,
                    -0.687179110045663,
                    2.4522027892209253
                ],
                [
                    0.6875189400794561,
                    0.10926660482416685,
                    -0.7178986809447558,
                    1.131988909192418
                ],
                [
                    0.041496583585057006,
                    -0.9929107104549424,
                    -0.11138381666395498,
                    -1.3799019094943574
                ],
                [
                    0.0,
                    0.0,
                    0.0,
                    1.0
                ]
            ],
            "is_bad": false,
            "mask_path": "DSC05616.png"
        },
        {
            "file_path": "DSC05483.JPG",
            "transform_matrix": [
                [
                    0.6409850846827336,
                    0.2737935853684015,
                    -0.7170601047509095,
                    2.6961614255022943
                ],
                [
                    0.7674759194749223,
                    -0.21535430891461396,
                    0.603823844062183,
                    3.3647811835293155
                ],
                [
                    0.010901111887842686,
                    -0.9373684410321405,
                    -0.348168883613375,
                    -1.1524279229627978
                ],
                [
                    0.0,
                    0.0,
                    0.0,
                    1.0
                ]
            ],
            "is_bad": false,
            "mask_path": "DSC05483.png"
        },
        {
            "file_path": "DSC05573.JPG",
            "transform_matrix": [
                [
                    0.6205889689056433,
                    0.4671463764398774,
                    -0.6297964708155505,
                    1.5271468704486408
                ],
                [
                    0.7834645188906294,
                    -0.40262983265836383,
                    0.4733630377342241,
                    0.97037798175367
                ],
                [
                    -0.03244501983517738,
                    -0.7871870685120469,
                    -0.6158602437690751,
                    -1.0325254807667494
                ],
                [
                    0.0,
                    0.0,
                    0.0,
                    1.0
                ]
            ],
            "is_bad": false,
            "mask_path": "DSC05573.png"
        },
        {
            "file_path": "DSC05643.JPG",
            "transform_matrix": [
                [
                    0.15609448353065347,
                    0.33846498130651714,
                    -0.9279417916229862,
                    0.9438117764162162
                ],
                [
                    0.9872693537916319,
                    -0.024399229869945784,
                    0.15717474557194983,
                    2.3330848274824234
                ],
                [
                    0.030557082242128008,
                    -0.9406626037059902,
                    -0.33796468856067685,
                    -1.2433266535142833
                ],
                [
                    0.0,
                    0.0,
                    0.0,
                    1.0
                ]
            ],
            "is_bad": false,
            "mask_path": "DSC05643.png"
        },
        {
            "file_path": "DSC05470.JPG",
            "transform_matrix": [
                [
                    -0.18872460829192828,
                    0.38219898344486186,
                    -0.9046032054325103,
                    1.925045005253742
                ],
                [
                    0.9814916454788161,
                    0.10390868661254019,
                    -0.16086371468340185,
                    3.3230563455579447
                ],
                [
                    0.03251418275682554,
                    -0.9182194301473756,
                    -0.3947352353407087,
                    -1.1712945938870145
                ],
                [
                    0.0,
                    0.0,
                    0.0,
                    1.0
                ]
            ],
            "is_bad": false,
            "mask_path": "DSC05470.png"
        },
        {
            "file_path": "DSC05588.JPG",
            "transform_matrix": [
                [
                    0.9930781267587495,
                    0.05372979039133583,
                    -0.10444588923378194,
                    1.8984858829877476
                ],
                [
                    0.07805563929655486,
                    0.36257912360625033,
                    0.9286784676619401,
                    0.8892248804355567
                ],
                [
                    0.08776759839108346,
                    -0.9304028636829457,
                    0.35587548373445904,
                    -1.5949818378212721
                ],
                [
                    0.0,
                    0.0,
                    0.0,
                    1.0
                ]
            ],
            "is_bad": false,
            "mask_path": "DSC05588.png"
        },
        {
            "file_path": "DSC05534.JPG",
            "transform_matrix": [
                [
                    0.9955014028401372,
                    0.027176375452972325,
                    -0.0907656408590723,
                    0.7795319176261882
                ],
                [
                    0.09373771396999168,
                    -0.4219426326160604,
                    0.901763636304275,
                    2.953775538745059
                ],
                [
                    -0.013791226305118401,
                    -0.9062151286522797,
                    -0.4225919339963007,
                    -1.1323907831970486
                ],
                [
                    0.0,
                    0.0,
                    0.0,
                    1.0
                ]
            ],
            "is_bad": false,
            "mask_path": "DSC05534.png"
        },
        {
            "file_path": "DSC05492.JPG",
            "transform_matrix": [
                [
                    0.6484947937321377,
                    0.2070723856629244,
                    -0.7325131600170587,
                    2.8757760840453157
                ],
                [
                    0.7611553924538785,
                    -0.18884203923696705,
                    0.6204684945710023,
                    3.1433034215890454
                ],
                [
                    -0.009847387506035367,
                    -0.9599269301945271,
                    -0.2800773422585573,
                    -1.3089878304469467
                ],
                [
                    0.0,
                    0.0,
                    0.0,
                    1.0
                ]
            ],
            "is_bad": false,
            "mask_path": "DSC05492.png"
        },
        {
            "file_path": "DSC05459.JPG",
            "transform_matrix": [
                [
                    0.1891535203704759,
                    0.40099606396698856,
                    -0.8963387208050527,
                    1.2906874474896208
                ],
                [
                    0.9804415511766564,
                    -0.026590232547824035,
                    0.19500595954832817,
                    3.6876751500342286
                ],
                [
                    0.05436276720115996,
                    -0.9156937895475948,
                    -0.39818283906541857,
                    -1.1537522936120643
                ],
                [
                    0.0,
                    0.0,
                    0.0,
                    1.0
                ]
            ],
            "is_bad": false,
            "mask_path": "DSC05459.png"
        },
        {
            "file_path": "DSC05558.JPG",
            "transform_matrix": [
                [
                    0.20186685051664793,
                    0.4207115609105297,
                    -0.8844498613142039,
                    1.0291620794041567
                ],
                [
                    0.9790408612601503,
                    -0.06178931037284127,
                    0.1940646106497312,
                    1.3265415179410933
                ],
                [
                    0.026995678273982915,
                    -0.9050877657110793,
                    -0.42436702241650825,
                    -1.1770812228085274
                ],
                [
                    0.0,
                    0.0,
                    0.0,
                    1.0
                ]
            ],
            "is_bad": true,
            "mask_path": "DSC05558.png"
        },
        {
            "file_path": "DSC05500.JPG",
            "transform_matrix": [
                [
                    0.8507015743720854,
                    0.11369957022004187,
                    -0.5132048704880275,
                    2.2615982190677126
                ],
                [
                    0.5250703510121356,
                    -0.13801007289705802,
                    0.8397942285268108,
                    3.0408336354290713
                ],
                [
                    0.02465680126959221,
                    -0.9838829338446351,
                    -0.17710565953809987,
                    -1.3459875179097207
                ],
                [
                    0.0,
                    0.0,
                    0.0,
                    1.0
                ]
            ],
            "is_bad": false,
            "mask_path": "DSC05500.png"
        },
        {
            "file_path": "DSC05638.JPG",
            "transform_matrix": [
                [
                    -0.810760519649379,
                    -0.2128318677038071,
                    0.5453163997786772,
                    1.933709899874881
                ],
                [
                    -0.5849357514685142,
                    0.25835032313659817,
                    -0.7688337123131246,
                    1.117730956497534
                ],
                [
                    0.02274964685074631,
                    -0.9423150782115951,
                    -0.3339532107095873,
                    -1.2291695244209444
                ],
                [
                    0.0,
                    0.0,
                    0.0,
                    1.0
                ]
            ],
            "is_bad": false,
            "mask_path": "DSC05638.png"
        },
        {
            "file_path": "DSC05640.JPG",
            "transform_matrix": [
                [
                    -0.21085201055387143,
                    0.3352174260648831,
                    -0.9182432721821736,
                    0.8836429781962077
                ],
                [
                    0.9773129770817964,
                    0.09152963304547086,
                    -0.19100175680364256,
                    1.971716502459448
                ],
                [
                    0.020019352459719017,
                    -0.9376841704630599,
                    -0.34691154779006345,
                    -1.2248935345916387
                ],
                [
                    0.0,
                    0.0,
                    0.0,
                    1.0
                ]
            ],
            "is_bad": false,
            "mask_path": "DSC05640.png"
        },
        {
            "file_path": "DSC05583.JPG",
            "transform_matrix": [
                [
                    0.8148608705117143,
                    -0.042404746316516424,
                    -0.578103450256719,
                    2.181851090496452
                ],
                [
                    0.5655525222557194,
                    0.27682531414970235,
                    0.7768642674342235,
                    0.9549922242981869
                ],
                [
                    0.12709093704542854,
                    -0.9599841576483178,
                    0.2495562277026251,
                    -1.565222423094854
                ],
                [
                    0.0,
                    0.0,
                    0.0,
                    1.0
                ]
            ],
            "is_bad": false,
            "mask_path": "DSC05583.png"
        },
        {
            "file_path": "DSC05622.JPG",
            "transform_matrix": [
                [
                    -0.9694968961600094,
                    -0.08294401792853817,
                    0.23064270685625,
                    2.1627892727678253
                ],
                [
                    -0.2424923520692127,
                    0.18759488351890977,
                    -0.9518432743185548,
                    1.2310980164748322
                ],
                [
                    0.03568231388305239,
                    -0.9787381925558015,
                    -0.20198594730464367,
                    -1.3286672896148204
                ],
                [
                    0.0,
                    0.0,
                    0.0,
                    1.0
                ]
            ],
            "is_bad": false,
            "mask_path": "DSC05622.png"
        },
        {
            "file_path": "DSC05645.JPG",
            "transform_matrix": [
                [
                    0.23357320525838807,
                    0.2909383092864936,
                    -0.9277922493612673,
                    1.0055845835580353
                ],
                [
                    0.9722837230494491,
                    -0.05969008796988911,
                    0.22605631000095835,
                    2.5824187188900876
                ],
                [
                    0.010388439653066928,
                    -0.9548779993212034,
                    -0.2968165877000662,
                    -1.235827780685829
                ],
                [
                    0.0,
                    0.0,
                    0.0,
                    1.0
                ]
            ],
            "is_bad": false,
            "mask_path": "DSC05645.png"
        },
        {
            "file_path": "DSC05447.JPG",
            "transform_matrix": [
                [
                    0.9923865520568869,
                    0.094594467726123,
                    -0.07887216221363609,
                    0.8457577504578433
                ],
                [
                    0.10492272701333136,
                    -0.3139542379960871,
                    0.9436227836378162,
                    3.717180748733792
                ],
                [
                    0.06449924536557644,
                    -0.9447140430415473,
                    -0.32148907326278314,
                    -1.236205382464231
                ],
                [
                    0.0,
                    0.0,
                    0.0,
                    1.0
                ]
            ],
            "is_bad": true,
            "mask_path": "DSC05447.png"
        },
        {
            "file_path": "DSC05476.JPG",
            "transform_matrix": [
                [
                    0.493051142156138,
                    0.23093029212792912,
                    -0.8387918522471698,
                    2.399872219260056
                ],
                [
                    0.8689583097521879,
                    -0.08354381523840591,
                    0.4877826225359324,
                    3.1978144995536457
                ],
                [
                    0.04256791198953229,
                    -0.9693769293278655,
                    -0.2418601698414417,
                    -1.247640741255576
                ],
                [
                    0.0,
                    0.0,
                    0.0,
                    1.0
                ]
            ],
            "is_bad": false,
            "mask_path": "DSC05476.png"
        },
        {
            "file_path": "DSC05635.JPG",
            "transform_matrix": [
                [
                    -0.6007746538198734,
                    -0.23524236386340894,
                    0.764022804353095,
                    2.5090706741036968
                ],
                [
                    -0.7993282368980648,
                    0.19112363006723843,
                    -0.5696895011559849,
                    1.035603157873429
                ],
                [
                    -0.012007706902014543,
                    -0.9529600139952766,
                    -0.30285809664111496,
                    -1.185425784799305
                ],
                [
                    0.0,
                    0.0,
                    0.0,
                    1.0
                ]
            ],
            "is_bad": false,
            "mask_path": "DSC05635.png"
        },
        {
            "file_path": "DSC05510.JPG",
            "transform_matrix": [
                [
                    0.9865476586159333,
                    0.046106104137310665,
                    -0.15683731839297504,
                    1.7326100422090032
                ],
                [
                    0.15281631702468662,
                    0.0806359759514688,
                    0.9849593964389419,
                    3.104848625305144
                ],
                [
                    0.058059370737465345,
                    -0.9956766877574434,
                    0.07250546824851183,
                    -1.450609296863469
                ],
                [
                    0.0,
                    0.0,
                    0.0,
                    1.0
                ]
            ],
            "is_bad": true,
            "mask_path": "DSC05510.png"
        },
        {
            "file_path": "DSC05609.JPG",
            "transform_matrix": [
                [
                    -0.9058215544205359,
                    -0.18002833075234664,
                    -0.3835063385052292,
                    2.286767891408151
                ],
                [
                    0.4172823962087401,
                    -0.22265272308374318,
                    -0.881079546191878,
                    1.149889469239274
                ],
                [
                    0.0732305493728937,
                    -0.9581312879923698,
                    0.2768062889614803,
                    -1.546992349716105
                ],
                [
                    0.0,
                    0.0,
                    0.0,
                    1.0
                ]
            ],
            "is_bad": true,
            "mask_path": "DSC05609.png"
        },
        {
            "file_path": "DSC05467.JPG",
            "transform_matrix": [
                [
                    -0.19460347420224766,
                    0.4551283425238353,
                    -0.8689002702611625,
                    1.7413561488659532
                ],
                [
                    0.9802440300885881,
                    0.12218097271990076,
                    -0.1555424423779631,
                    3.3915554556135996
                ],
                [
                    0.03537130622550197,
                    -0.8820034023385198,
                    -0.46991368245580634,
                    -1.1148800040065767
                ],
                [
                    0.0,
                    0.0,
                    0.0,
                    1.0
                ]
            ],
            "is_bad": false,
            "mask_path": "DSC05467.png"
        },
        {
            "file_path": "DSC05491.JPG",
            "transform_matrix": [
                [
                    0.7806153631725642,
                    0.4402327790268274,
                    -0.443660630492816,
                    3.0234314659393813
                ],
                [
                    0.6214394696846748,
                    -0.4709060453835463,
                    0.6261473324539999,
                    3.286415265444055
                ],
                [
                    0.06672810724871615,
                    -0.7644884542565352,
                    -0.6411745183734753,
                    -0.8898352913122246
                ],
                [
                    0.0,
                    0.0,
                    0.0,
                    1.0
                ]
            ],
            "is_bad": false,
            "mask_path": "DSC05491.png"
        },
        {
            "file_path": "DSC05582.JPG",
            "transform_matrix": [
                [
                    0.6784588062603415,
                    0.37995297856430776,
                    -0.6287522423720681,
                    2.2348984286999327
                ],
                [
                    0.733550947388922,
                    -0.3038256319812129,
                    0.6079416032284941,
                    0.9770297775061976
                ],
                [
                    0.0399581755415284,
                    -0.873685137467342,
                    -0.48484804297435824,
                    -1.1239481387658206
                ],
                [
                    0.0,
                    0.0,
                    0.0,
                    1.0
                ]
            ],
            "is_bad": true,
            "mask_path": "DSC05582.png"
        },
        {
            "file_path": "DSC05632.JPG",
            "transform_matrix": [
                [
                    -0.5496094226403704,
                    -0.19498215189918036,
                    0.8123493355605601,
                    2.7134032858484223
                ],
                [
                    -0.8335528991043972,
                    0.06298408889163169,
                    -0.5488374704237541,
                    0.9522231197723843
                ],
                [
                    0.05584842826412196,
                    -0.9787823889850368,
                    -0.19714458672043497,
                    -1.2314708116563036
                ],
                [
                    0.0,
                    0.0,
                    0.0,
                    1.0
                ]
            ],
            "is_bad": false,
            "mask_path": "DSC05632.png"
        },
        {
            "file_path": "DSC05592.JPG",
            "transform_matrix": [
                [
                    0.27384387071132915,
                    0.3234678565033303,
                    0.905747249669012,
                    1.7418097622811122
                ],
                [
                    -0.9598572841535798,
                    0.03248850441381052,
                    0.2786009532257035,
                    0.9978443453780622
                ],
                [
                    0.06069207964103423,
                    -0.9456812586120636,
                    0.31937975605656466,
                    -1.5583665847688313
                ],
                [
                    0.0,
                    0.0,
                    0.0,
                    1.0
                ]
            ],
            "is_bad": false,
            "mask_path": "DSC05592.png"
        },
        {
            "file_path": "DSC05522.JPG",
            "transform_matrix": [
                [
                    0.984800052710919,
                    0.104657895560228,
                    -0.13862027657408485,
                    0.9773502832955212
                ],
                [
                    0.17294920321860907,
                    -0.5171314949170565,
                    0.8382503146858333,
                    3.7542704615113554
                ],
                [
                    0.016044603037145836,
                    -0.8494832204709843,
                    -0.5273716231004714,
                    -1.0997015419609426
                ],
                [
                    0.0,
                    0.0,
                    0.0,
                    1.0
                ]
            ],
            "is_bad": true,
            "mask_path": "DSC05522.png"
        },
        {
            "file_path": "DSC05554.JPG",
            "transform_matrix": [
                [
                    0.32606204606257927,
                    0.43771698629138367,
                    -0.8379065473126899,
                    0.7994896914040679
                ],
