{
    "fl_x": 622.3894608103723,
    "fl_y": 621.908458224528,
    "cx": 876.0,
    "cy": 584.0,
    "w": 1752,
    "h": 1168,
    "k1": 0.0,
    "k2": 0.0,
    "k3": 0.0,
    "k4": 0.0,
    "camera_model": "PINHOLE",
    "has_mask": false,
    "aabb_range": [
        [
            -0.00033346531563438475,
            0.01846478506922722,
            -3.318652629852295
        ],
        [
            3.6289772987365723,
            6.9912824630737305,
            -0.0
        ]
    ],
    "frames": [
        {
            "file_path": "DSC05889.JPG",
            "transform_matrix": [
                [
                    -0.9837995807417101,
                    0.09199182803462322,
                    0.1538697127679251,
                    2.448685251696185
                ],
                [
                    -0.17700972060111028,
                    -0.36253903287782396,
                    -0.9150043761932122,
                    2.621038295989349
                ],
                [
                    -0.028389148369621437,
                    -0.9274173565417355,
                    0.37294919632570217,
                    -1.8123341379780586
                ],
                [
                    0.0,
                    0.0,
                    0.0,
                    1.0
                ]
            ],
            "is_bad": false,
            "mask_path": "DSC05889.png"
        },
        {
            "file_path": "DSC06180.JPG",
            "transform_matrix": [
                [
                    -0.6230332773300976,
                    -0.3847350287192626,
                    0.6810348691628835,
                    1.456859718915645
                ],
                [
                    -0.7790804298929512,
                    0.2276034627662138,
                    -0.5841492510434667,
                    5.987464713232038
                ],
                [
                    0.0697367843905363,
                    -0.894525360967042,
                    -0.4415440629083931,
                    -0.9840419516394949
                ],
                [
                    0.0,
                    0.0,
                    0.0,
                    1.0
                ]
            ],
            "is_bad": false,
            "mask_path": "DSC06180.png"
        },
        {
            "file_path": "DSC06044.JPG",
            "transform_matrix": [
                [
                    -0.3743347248587808,
                    -0.31754774074212894,
                    -0.8712272643314547,
                    0.9575787334484136
                ],
                [
                    0.9270074528035531,
                    -0.10480873734373121,
                    -0.3601004179712667,
                    4.101998576075147
                ],
                [
                    0.023036844653059153,
                    -0.9424322580037158,
                    0.3336026721452459,
                    -1.7925920542833411
                ],
                [
                    0.0,
                    0.0,
                    0.0,
                    1.0
                ]
            ],
            "is_bad": false,
            "mask_path": "DSC06044.png"
        },
        {
            "file_path": "DSC06115.JPG",
            "transform_matrix": [
                [
                    0.9996970063280692,
                    0.023537621970859804,
                    -0.007202491975219975,
                    3.266420424165661
                ],
                [
                    -0.00245617130357528,
                    0.38653369104959096,
                    0.9222720167640928,
                    5.704827576898053
                ],
                [
                    0.024492095892832553,
                    -0.9219748836251107,
                    0.3864743862188541,
                    -1.78119057264821
                ],
                [
                    0.0,
                    0.0,
                    0.0,
                    1.0
                ]
            ],
            "is_bad": false,
            "mask_path": "DSC06115.png"
        },
        {
            "file_path": "DSC05715.JPG",
            "transform_matrix": [
                [
                    0.9970691379093011,
                    0.011701329730940659,
                    -0.07560564206016508,
                    0.9287739255442368
                ],
                [
                    0.06240721575094846,
                    0.4472464892299237,
                    0.8922308654679693,
                    1.5922464457541414
                ],
                [
                    0.04425464553034687,
                    -0.8943341974642557,
                    0.44520542404035046,
                    -1.860822230782314
                ],
                [
                    0.0,
                    0.0,
                    0.0,
                    1.0
                ]
            ],
            "is_bad": false,
            "mask_path": "DSC05715.png"
        },
        {
            "file_path": "DSC05784.JPG",
            "transform_matrix": [
                [
                    0.4739321342501947,
                    -0.1870475832664453,
                    0.860465881786859,
                    2.244627031644192
                ],
                [
                    -0.8803074937236175,
                    -0.12410640325933045,
                    0.4578824272278574,
                    0.8304292099066295
                ],
                [
                    0.021143524282790767,
                    -0.9744797598022309,
                    -0.2234774018031533,
                    -1.536108843658987
                ],
                [
                    0.0,
                    0.0,
                    0.0,
                    1.0
                ]
            ],
            "is_bad": false,
            "mask_path": "DSC05784.png"
        },
        {
            "file_path": "DSC05865.JPG",
            "transform_matrix": [
                [
                    -0.9742728090897614,
                    0.03213611607583838,
                    -0.22306896581977648,
                    1.5639937314967984
                ],
                [
                    0.2252984597785905,
                    0.16414378404482788,
                    -0.9603631720244372,
                    2.7724810127640187
                ],
                [
                    0.005753041781486239,
                    -0.9859128197782012,
                    -0.1671610430311296,
                    -0.7321124264979567
                ],
                [
                    0.0,
                    0.0,
                    0.0,
                    1.0
                ]
            ],
            "is_bad": false,
            "mask_path": "DSC05865.png"
        },
        {
            "file_path": "DSC06203.JPG",
            "transform_matrix": [
                [
                    -0.9931711772578766,
                    0.005521781183278116,
                    -0.11653549929856952,
                    0.7334028294496139
                ],
                [
                    0.11517561455424859,
                    -0.11275948631006896,
                    -0.9869244530657553,
                    5.577207618697034
                ],
                [
                    -0.01859006391204984,
                    -0.9936069686650012,
                    0.11135349722434666,
                    -1.841892245295117
                ],
                [
                    0.0,
                    0.0,
                    0.0,
                    1.0
                ]
            ],
            "is_bad": false,
            "mask_path": "DSC06203.png"
        },
        {
            "file_path": "DSC05955.JPG",
            "transform_matrix": [
                [
                    -0.8774975407416356,
                    0.02157611597298147,
                    0.4790955407973466,
                    3.1518300749636174
                ],
                [
                    -0.4705713872227703,
                    0.1539942101758187,
                    -0.8688200922858332,
                    3.411299159924302
                ],
                [
                    -0.09252370247465946,
                    -0.9878361475729903,
                    -0.12497643789344641,
                    -1.620311702379896
                ],
                [
                    0.0,
                    0.0,
                    0.0,
                    1.0
                ]
            ],
            "is_bad": false,
            "mask_path": "DSC05955.png"
        },
        {
            "file_path": "DSC06160.JPG",
            "transform_matrix": [
                [
                    -0.35357505974404874,
                    -0.11887137738440957,
                    0.9278223282319332,
                    2.2749765323646116
                ],
                [
                    -0.9332350571391574,
                    -0.022712933061055568,
                    -0.3585476966851642,
                    5.944612379468492
                ],
                [
                    0.0636946249966575,
                    -0.9926498467790629,
                    -0.1029042100015242,
                    -1.6106998650716204
                ],
                [
                    0.0,
                    0.0,
                    0.0,
                    1.0
                ]
            ],
            "is_bad": false,
            "mask_path": "DSC06160.png"
        },
        {
            "file_path": "DSC05793.JPG",
            "transform_matrix": [
                [
                    0.9311748602016408,
                    0.047295741981494735,
                    -0.36149203659122914,
                    1.8211686727751137
                ],
                [
                    0.3645030341731578,
                    -0.1013701262488841,
                    0.925668210312338,
                    1.6973766913864412
                ],
                [
                    0.007135671448185184,
                    -0.9937239104976318,
                    -0.11163275459415299,
                    -1.5884508204338472
                ],
                [
                    0.0,
                    0.0,
                    0.0,
                    1.0
                ]
            ],
            "is_bad": false,
            "mask_path": "DSC05793.png"
        },
        {
            "file_path": "DSC06018.JPG",
            "transform_matrix": [
                [
                    -0.461941464684879,
                    0.30843587209339923,
                    -0.8315511986707571,
                    1.142252952311096
                ],
                [
                    0.8861334015881441,
                    0.12126837803741713,
                    -0.44728243323206746,
                    3.26190362307772
                ],
                [
                    -0.03711708224811761,
                    -0.9434835946078544,
                    -0.3293342206804938,
                    -1.4541708688241102
                ],
                [
                    0.0,
                    0.0,
                    0.0,
                    1.0
                ]
            ],
            "is_bad": false,
            "mask_path": "DSC06018.png"
        },
        {
            "file_path": "DSC06250.JPG",
            "transform_matrix": [
                [
                    0.9823763311592892,
                    0.06215027141205616,
                    -0.17627843810693883,
                    0.7272644461484812
                ],
                [
                    0.17041205091276698,
                    -0.6852573519329997,
                    0.7080833951770634,
                    4.883283379255491
                ],
                [
                    -0.0767885205074213,
                    -0.7256443380783595,
                    -0.6837717585079838,
                    -1.286754712935489
                ],
                [
                    0.0,
                    0.0,
                    0.0,
                    1.0
                ]
            ],
            "is_bad": false,
            "mask_path": "DSC06250.png"
        },
        {
            "file_path": "DSC06026.JPG",
            "transform_matrix": [
                [
                    -0.3585555400566691,
                    0.21019785794855003,
                    -0.9095354777074459,
                    1.1627961416716837
                ],
                [
                    0.9251877095122585,
                    0.20981392309010766,
                    -0.3162369678658699,
                    3.4694558606840196
                ],
                [
                    0.12436087351788411,
                    -0.9548795621393203,
                    -0.2697024192447841,
                    -0.6389210034645806
                ],
                [
                    0.0,
                    0.0,
                    0.0,
                    1.0
                ]
            ],
            "is_bad": false,
            "mask_path": "DSC06026.png"
        },
        {
            "file_path": "DSC05876.JPG",
            "transform_matrix": [
                [
                    -0.928606507996039,
                    0.017541221531687766,
                    -0.3706511282251528,
                    1.7094497648354907
                ],
                [
                    0.3709539927592957,
                    0.06842200933897986,
                    -0.9261271855927528,
                    2.7346988625447994
                ],
                [
                    0.009115292827923782,
                    -0.9975022477093438,
                    -0.07004410932739732,
                    -1.5446963053412064
                ],
                [
                    0.0,
                    0.0,
                    0.0,
                    1.0
                ]
            ],
            "is_bad": false,
            "mask_path": "DSC05876.png"
        },
        {
            "file_path": "DSC06098.JPG",
            "transform_matrix": [
                [
                    -0.2825743183095187,
                    0.4207755698046973,
                    -0.8620322931813188,
                    1.4215464136688696
                ],
                [
                    0.9592437175607,
                    0.12226416857158046,
                    -0.254760600179518,
                    5.408676399481893
                ],
                [
                    -0.0018013750966565348,
                    -0.8988878644964744,
                    -0.43817503592597407,
                    -1.4833434029700419
                ],
                [
                    0.0,
                    0.0,
                    0.0,
                    1.0
                ]
            ],
            "is_bad": false,
            "mask_path": "DSC06098.png"
        },
        {
            "file_path": "DSC06179.JPG",
            "transform_matrix": [
                [
                    -0.8717895947799865,
                    0.01103098676123672,
                    0.4897562860897458,
                    1.3041201344956175
                ],
                [
                    -0.48978660782968536,
                    -5.430689222009208e-05,
                    -0.8718423457491913,
                    5.972187111727865
                ],
                [
                    -0.009590684232001753,
                    -0.9999391553398812,
                    0.005450173770362078,
                    -1.8629995752388613
                ],
                [
                    0.0,
                    0.0,
                    0.0,
                    1.0
                ]
            ],
            "is_bad": false,
            "mask_path": "DSC06179.png"
        },
        {
            "file_path": "DSC06189.JPG",
            "transform_matrix": [
                [
                    -0.9771096805932559,
                    -0.17996375911913473,
                    0.1134447772912251,
                    0.9795926186161985
                ],
                [
                    -0.17847244612630536,
                    0.40323555341374906,
                    -0.8975236344725416,
                    5.330633312516747
                ],
                [
                    0.11577675960502022,
                    -0.8972257987077822,
                    -0.42612393510403024,
                    -0.8343325842956505
                ],
                [
                    0.0,
                    0.0,
                    0.0,
                    1.0
                ]
            ],
            "is_bad": false,
            "mask_path": "DSC06189.png"
        },
        {
            "file_path": "DSC05925.JPG",
            "transform_matrix": [
                [
                    -0.7524193396217949,
                    0.19562527089658463,
                    -0.6289641410682649,
                    2.5338527070275045
                ],
                [
                    0.6570123538530865,
                    0.29089110535643364,
                    -0.6954977582343015,
                    3.1579693329967213
                ],
                [
                    0.04690313686235496,
                    -0.9365431747715374,
                    -0.3474003130990545,
                    -1.4134481211165795
                ],
                [
                    0.0,
                    0.0,
                    0.0,
                    1.0
                ]
            ],
            "is_bad": false,
            "mask_path": "DSC05925.png"
        },
        {
            "file_path": "DSC05851.JPG",
            "transform_matrix": [
                [
                    -0.14405877626271768,
                    0.31590626107081504,
                    -0.9377901168160959,
                    2.0549542894613353
                ],
                [
                    0.9895676373152996,
                    0.04763637538156983,
                    -0.1359656828715311,
                    2.3448262015897745
                ],
                [
                    0.0017205115238922673,
                    -0.9475938000835405,
                    -0.319473050324017,
                    -1.131097627192748
                ],
                [
                    0.0,
                    0.0,
                    0.0,
                    1.0
                ]
            ],
            "is_bad": true,
            "mask_path": "DSC05851.png"
        },
        {
            "file_path": "DSC05811.JPG",
            "transform_matrix": [
                [
                    0.28174964737742136,
                    0.49535045101956054,
                    -0.8217329656752345,
                    1.3626820164488662
                ],
                [
                    0.9594853799763826,
                    -0.1434729662536148,
                    0.24249394542125294,
                    2.1012214955867687
                ],
                [
                    0.0022230191801246783,
                    -0.8567633504236198,
                    -0.5157049733681244,
                    -1.4946206233090447
                ],
                [
                    0.0,
                    0.0,
                    0.0,
                    1.0
                ]
            ],
            "is_bad": false,
            "mask_path": "DSC05811.png"
        },
        {
            "file_path": "DSC06076.JPG",
            "transform_matrix": [
                [
                    -0.7053860510589736,
                    -0.06526117070017498,
                    -0.7058126511832081,
                    1.0927466301242743
                ],
                [
                    0.7017776475531448,
                    -0.20434723794048404,
                    -0.6824590388740334,
                    4.991341451518855
                ],
                [
                    -0.09969278994090344,
                    -0.9767206284014572,
                    0.1899425220661797,
                    -1.7579781485522157
                ],
                [
                    0.0,
                    0.0,
                    0.0,
                    1.0
                ]
            ],
            "is_bad": false,
            "mask_path": "DSC06076.png"
        },
        {
            "file_path": "DSC05904.JPG",
            "transform_matrix": [
                [
                    -0.2718221194405261,
                    0.17679280606405096,
                    0.9459688362239309,
                    2.0812112695100238
                ],
                [
                    -0.9613506660624862,
                    -0.0946143631653766,
                    -0.25855950793583754,
                    2.2101268571149992
                ],
                [
                    0.0437907780711026,
                    -0.9796899642268506,
                    0.19567815858986057,
                    -1.7428597946911446
                ],
                [
                    0.0,
                    0.0,
                    0.0,
                    1.0
                ]
            ],
            "is_bad": false,
            "mask_path": "DSC05904.png"
        },
        {
            "file_path": "DSC06157.JPG",
            "transform_matrix": [
                [
                    -0.32015711576809686,
                    0.12853927672923954,
                    0.9386037905106583,
                    2.7908686069126833
                ],
                [
                    -0.9451509570864031,
                    -0.11102513334985517,
                    -0.30718575501364054,
                    5.9684993738665195
                ],
                [
                    0.06472317623314645,
                    -0.9854699762562882,
                    0.15703450689489426,
                    -1.7389141670847585
                ],
                [
                    0.0,
                    0.0,
                    0.0,
                    1.0
                ]
            ],
            "is_bad": false,
            "mask_path": "DSC06157.png"
        },
        {
            "file_path": "DSC06164.JPG",
            "transform_matrix": [
                [
                    -0.4839114034638876,
                    -0.28528267017815523,
                    0.827311036849885,
                    1.7052369552394784
                ],
                [
                    -0.8737118814558804,
                    0.10394801771826342,
                    -0.47520769965907317,
                    6.022683791410583
                ],
                [
                    0.04957117913097236,
                    -0.9527899074341966,
                    -0.29955648964944687,
                    -1.518097822994252
                ],
                [
                    0.0,
                    0.0,
                    0.0,
                    1.0
                ]
            ],
            "is_bad": false,
            "mask_path": "DSC06164.png"
        },
        {
            "file_path": "DSC06220.JPG",
            "transform_matrix": [
                [
                    -0.9957047774955817,
                    -0.090511943337895,
                    -0.019482920357917464,
                    0.6582357711182022
                ],
                [
                    -0.010243205292589066,
                    0.31683451136876367,
                    -0.9484255211407229,
                    4.386485066643213
                ],
                [
                    0.0920166985813405,
                    -0.9441522549456289,
                    -0.3164007690623979,
                    -1.4635112237922532
                ],
                [
                    0.0,
                    0.0,
                    0.0,
                    1.0
                ]
            ],
            "is_bad": false,
            "mask_path": "DSC06220.png"
        },
        {
            "file_path": "DSC06130.JPG",
            "transform_matrix": [
                [
                    0.8927010586074042,
                    -0.150884915586852,
                    0.42463933191541314,
                    3.158180446237583
                ],
                [
                    -0.4488927292823533,
                    -0.3808432168694898,
                    0.8083648692032197,
                    5.342782143076451
                ],
                [
                    0.03975094412287248,
                    -0.9122456831428949,
                    -0.40771028442816226,
                    -1.4271282520012474
                ],
                [
                    0.0,
                    0.0,
                    0.0,
                    1.0
                ]
            ],
            "is_bad": true,
            "mask_path": "DSC06130.png"
        },
        {
            "file_path": "DSC06195.JPG",
            "transform_matrix": [
                [
                    -0.9934576779261892,
                    -0.09618090382819104,
                    -0.06157171354036431,
                    0.9182753693486898
                ],
                [
                    0.042442736295970125,
                    0.18957613000245208,
                    -0.9809482682940037,
                    5.39644609650367
                ],
                [
                    0.10602101822381815,
                    -0.9771438607861619,
                    -0.18425368116458163,
                    -1.370884206616493
                ],
                [
                    0.0,
                    0.0,
                    0.0,
                    1.0
                ]
            ],
            "is_bad": false,
            "mask_path": "DSC06195.png"
        },
        {
            "file_path": "DSC05766.JPG",
            "transform_matrix": [
                [
                    0.8720831303024957,
                    0.008853943807021068,
                    0.489277652791197,
                    2.1036538544548637
                ],
                [
                    -0.48662422348004397,
                    -0.08984187009012569,
                    0.8689794609201961,
                    1.3051883182063797
                ],
                [
                    0.05165151463651072,
                    -0.9959166863035142,
                    -0.07404103577060021,
                    -1.6157503833681286
                ],
                [
                    0.0,
                    0.0,
                    0.0,
                    1.0
                ]
            ],
            "is_bad": false,
            "mask_path": "DSC05766.png"
        },
        {
            "file_path": "DSC05880.JPG",
            "transform_matrix": [
                [
                    -0.9641931960543967,
                    0.02076066652630865,
                    -0.2643869804052236,
                    2.136962672537733
                ],
                [
                    0.2651972423522871,
                    0.08066491118441448,
                    -0.9608140271417531,
                    2.9033183871945965
                ],
                [
                    0.0013796126814136615,
                    -0.996525045761016,
                    -0.08328223003651743,
                    -1.5779139626507297
                ],
                [
                    0.0,
                    0.0,
                    0.0,
                    1.0
                ]
            ],
            "is_bad": false,
            "mask_path": "DSC05880.png"
        },
        {
            "file_path": "DSC06037.JPG",
            "transform_matrix": [
                [
                    -0.35865107092841964,
                    -0.023145730015395643,
                    -0.9331847001017279,
                    1.088335412395585
                ],
                [
                    0.932231403893576,
                    -0.06039783751341364,
                    -0.3567866460762171,
                    3.6760155755229045
                ],
                [
                    -0.0481042505035692,
                    -0.9979059957760338,
                    0.043238925492340444,
                    -1.6808774373828586
                ],
                [
                    0.0,
                    0.0,
                    0.0,
                    1.0
                ]
            ],
            "is_bad": false,
            "mask_path": "DSC06037.png"
        },
        {
            "file_path": "DSC05930.JPG",
            "transform_matrix": [
                [
                    -0.5693315893340364,
                    0.11483722863544699,
                    -0.8140478808434493,
                    2.752150413243235
                ],
                [
                    0.8058510489664055,
                    0.27389979759405836,
                    -0.5249599868158312,
                    3.5155376779463134
                ],
                [
                    0.16268259976446198,
                    -0.9548776423172051,
                    -0.24848150823876605,
                    -1.3073545964442832
                ],
                [
                    0.0,
                    0.0,
                    0.0,
                    1.0
                ]
            ],
            "is_bad": true,
            "mask_path": "DSC05930.png"
        },
        {
            "file_path": "DSC05740.JPG",
            "transform_matrix": [
                [
                    0.9899723760542499,
                    0.06918177822932246,
                    -0.12316077383051709,
                    1.100587997200851
                ],
                [
                    0.14108559212609104,
                    -0.4407846760345122,
                    0.8864557095916188,
                    1.7756303360919006
                ],
                [
                    0.0070392005180397385,
                    -0.8949428757938572,
                    -0.44612520520800875,
                    -1.5118012603864017
                ],
                [
                    0.0,
                    0.0,
                    0.0,
                    1.0
                ]
            ],
            "is_bad": false,
            "mask_path": "DSC05740.png"
        },
        {
            "file_path": "DSC05847.JPG",
            "transform_matrix": [
                [
                    -0.5338146584798759,
                    0.19333368078033933,
                    -0.8232034974828156,
                    1.7320493129210803
                ],
                [
                    0.8455586349123221,
                    0.1318452981863335,
                    -0.5173465108332785,
                    2.27301232628294
                ],
                [
                    0.00851500541539119,
                    -0.9722339765828405,
                    -0.23385591602671338,
                    -1.4448068040626314
                ],
                [
                    0.0,
                    0.0,
                    0.0,
                    1.0
                ]
            ],
            "is_bad": true,
            "mask_path": "DSC05847.png"
        },
        {
            "file_path": "DSC05857.JPG",
            "transform_matrix": [
                [
                    -0.522756177804237,
                    0.11671738670743124,
                    -0.8444542795247666,
                    1.9135714577449852
                ],
                [
                    0.851668075228574,
                    0.028221708642482697,
                    -0.5233211488156723,
                    2.5572073560421225
                ],
                [
                    -0.03724873425985043,
                    -0.9927641143803934,
                    -0.11415754462387614,
                    -0.8120614678548671
                ],
                [
                    0.0,
                    0.0,
                    0.0,
                    1.0
                ]
            ],
            "is_bad": false,
            "mask_path": "DSC05857.png"
        },
        {
            "file_path": "DSC06023.JPG",
            "transform_matrix": [
                [
                    -0.41613136641835313,
                    0.2107131907800453,
                    -0.8845533545886792,
                    1.1024593788714587
                ],
                [
                    0.908095664316612,
                    0.14644554710324317,
                    -0.39232125379974375,
                    3.471943275238805
                ],
                [
                    0.04687163675577608,
                    -0.9665162455773431,
                    -0.25228832058363415,
                    -1.0366019685319117
                ],
                [
                    0.0,
                    0.0,
                    0.0,
                    1.0
                ]
            ],
            "is_bad": false,
            "mask_path": "DSC06023.png"
        },
        {
            "file_path": "DSC06108.JPG",
            "transform_matrix": [
                [
                    0.8202191038933826,
                    0.16870265042387828,
                    -0.5466077545628987,
                    2.5849435522419943
                ],
                [
                    0.5712139737486162,
                    -0.1899118845408557,
                    0.7985286922236766,
                    5.6946546937739315
                ],
                [
                    0.030906598043962293,
                    -0.9671984759345408,
                    -0.2521346670873513,
                    -1.538607002918372
                ],
                [
                    0.0,
                    0.0,
                    0.0,
                    1.0
                ]
            ],
            "is_bad": false,
            "mask_path": "DSC06108.png"
        },
        {
            "file_path": "DSC05937.JPG",
            "transform_matrix": [
                [
                    -0.7478629123558271,
                    0.12758076896249684,
                    -0.6514784813895226,
                    2.811788609128195
                ],
                [
                    0.6517427256139452,
                    -0.04549002626960509,
                    -0.7570746839772787,
                    3.2318124539102007
                ],
                [
                    -0.12622394357635228,
                    -0.9907844391697562,
                    -0.04912953457041076,
                    -1.713069799324905
                ],
                [
                    0.0,
                    0.0,
                    0.0,
                    1.0
                ]
            ],
            "is_bad": false,
            "mask_path": "DSC05937.png"
        },
        {
            "file_path": "DSC06014.JPG",
            "transform_matrix": [
                [
                    -0.7736633096580364,
                    0.17923664083748575,
                    -0.6077164716134217,
                    1.3894459850112142
                ],
                [
                    0.6326735943618217,
                    0.16677759785020527,
                    -0.7562468881606114,
                    2.945668465631789
                ],
                [
                    -0.034193658568021014,
                    -0.9695666348614769,
                    -0.24242799812959773,
                    -1.5294549283138743
                ],
                [
                    0.0,
                    0.0,
                    0.0,
                    1.0
                ]
            ],
            "is_bad": false,
            "mask_path": "DSC06014.png"
        },
        {
            "file_path": "DSC06102.JPG",
            "transform_matrix": [
                [
                    0.2649573516741865,
                    0.3920749880389411,
                    -0.8809510801106183,
                    1.9442587264417155
                ],
                [
                    0.9638717519140103,
                    -0.13361760844098616,
                    0.23042912267490873,
                    5.740638943244497
                ],
                [
                    -0.027365080961295845,
                    -0.9101777510293112,
                    -0.41331297327232075,
                    -1.4833362737802467
                ],
                [
                    0.0,
                    0.0,
                    0.0,
                    1.0
                ]
            ],
            "is_bad": false,
            "mask_path": "DSC06102.png"
        },
        {
            "file_path": "DSC05921.JPG",
            "transform_matrix": [
                [
                    -0.9989207447052721,
                    -0.04634013264783237,
                    0.003152444074997661,
                    2.202367100421903
                ],
                [
                    -0.026835688945358167,
                    0.5204159324349513,
                    -0.8534911265307265,
                    2.5987174421742325
                ],
                [
                    0.03791030989444294,
                    -0.8526545897220291,
                    -0.5210978401698342,
                    -1.3763933974987996
                ],
                [
                    0.0,
                    0.0,
                    0.0,
                    1.0
                ]
            ],
            "is_bad": false,
            "mask_path": "DSC05921.png"
        },
        {
            "file_path": "DSC06058.JPG",
            "transform_matrix": [
                [
                    -0.27104391618552576,
                    0.48368781892775176,
                    -0.8322146894400072,
                    0.9776331971072209
                ],
                [
                    0.9613274991017315,
                    0.09216200407366051,
                    -0.2595295830458196,
                    4.631937961485716
                ],
                [
                    -0.04883272437233136,
                    -0.8703747806698217,
                    -0.48996235182341813,
                    -1.38261793410301
                ],
                [
                    0.0,
                    0.0,
                    0.0,
                    1.0
                ]
            ],
            "is_bad": true,
            "mask_path": "DSC06058.png"
        },
        {
            "file_path": "DSC06111.JPG",
            "transform_matrix": [
                [
                    0.9536804156425617,
                    0.0313622565394113,
                    -0.29918234186627396,
                    2.953898326667641
                ],
                [
                    0.30053130353572344,
                    -0.05564447811341663,
                    0.9521473770643938,
                    5.674836166109437
                ],
                [
                    0.013213645028921988,
                    -0.9979579655076875,
                    -0.06249238885502802,
                    -1.5984042812730617
                ],
                [
                    0.0,
                    0.0,
                    0.0,
                    1.0
                ]
            ],
            "is_bad": false,
            "mask_path": "DSC06111.png"
        },
        {
            "file_path": "DSC05758.JPG",
            "transform_matrix": [
                [
                    0.8100414855987961,
                    0.013328526514102516,
                    -0.5862210692135332,
