{
    "fl_x": 463.21531122168227,
    "fl_y": 463.47190283834334,
    "cx": 876.0,
    "cy": 584.0,
    "w": 1752,
    "h": 1168,
    "k1": 0.0,
    "k2": 0.0,
    "k3": 0.0,
    "k4": 0.0,
    "camera_model": "PINHOLE",
    "has_mask": false,
    "aabb_range": [
        [
            0.024317802861332893,
            0.0724603533744812,
            -3.054910659790039
        ],
        [
            2.6625401973724365,
            5.687863349914551,
            -0.08206949383020401
        ]
    ],
    "frames": [
        {
            "file_path": "DSC02845.JPG",
            "transform_matrix": [
                [
                    0.6549767964645047,
                    -0.06186928496274684,
                    0.7531119356850574,
                    1.6095960281380755
                ],
                [
                    -0.7459971267968751,
                    0.10584300706321674,
                    0.6574842543107963,
                    1.3219392081416486
                ],
                [
                    -0.1203897126165802,
                    -0.9924562707918243,
                    0.02317040487524905,
                    -1.592264243681106
                ],
                [
                    0.0,
                    0.0,
                    0.0,
                    1.0
                ]
            ],
            "is_bad": false,
            "mask_path": "DSC02845.png"
        },
        {
            "file_path": "DSC02928.JPG",
            "transform_matrix": [
                [
                    -0.7223814132412756,
                    -0.2927507823814766,
                    0.626467934709008,
                    0.830932676427393
                ],
                [
                    -0.691225870560199,
                    0.28044244865663215,
                    -0.6660021237652064,
                    4.420902235506067
                ],
                [
                    0.01928444118533149,
                    -0.9141383989344857,
                    -0.404943326802237,
                    -1.0170518478197277
                ],
                [
                    0.0,
                    0.0,
                    0.0,
                    1.0
                ]
            ],
            "is_bad": false,
            "mask_path": "DSC02928.png"
        },
        {
            "file_path": "DSC02871.JPG",
            "transform_matrix": [
                [
                    -0.38848220316272564,
                    0.18618938060783896,
                    -0.9024494957473824,
                    0.6575415010156004
                ],
                [
                    0.9211219263310937,
                    0.10484700093359148,
                    -0.37488865443932373,
                    2.7440856835600074
                ],
                [
                    0.024818836756181184,
                    -0.9769035883566513,
                    -0.2122343148455718,
                    -1.5970059231799776
                ],
                [
                    0.0,
                    0.0,
                    0.0,
                    1.0
                ]
            ],
            "is_bad": false,
            "mask_path": "DSC02871.png"
        },
        {
            "file_path": "DSC02924.JPG",
            "transform_matrix": [
                [
                    -0.9609893384979435,
                    0.0846032543878503,
                    -0.26332827542873066,
                    2.3039651437602986
                ],
                [
                    0.26974919661227753,
                    0.4970528405786211,
                    -0.824726527159006,
                    4.323101349533536
                ],
                [
                    0.061113519128878226,
                    -0.863585990518436,
                    -0.5004841403680794,
                    -1.2222672797592593
                ],
                [
                    0.0,
                    0.0,
                    0.0,
                    1.0
                ]
            ],
            "is_bad": false,
            "mask_path": "DSC02924.png"
        },
        {
            "file_path": "DSC02811.JPG",
            "transform_matrix": [
                [
                    -0.8890400279252966,
                    0.1982154625559744,
                    -0.41269657031566104,
                    0.6797771533427835
                ],
                [
                    0.45773601577074047,
                    0.40304075692486097,
                    -0.7924871532862621,
                    1.0581551042890205
                ],
                [
                    0.009250330422014369,
                    -0.8934588847065973,
                    -0.44904972188603737,
                    -0.8004128773542025
                ],
                [
                    0.0,
                    0.0,
                    0.0,
                    1.0
                ]
            ],
            "is_bad": false,
            "mask_path": "DSC02811.png"
        },
        {
            "file_path": "DSC02838.JPG",
            "transform_matrix": [
                [
                    0.7505239360005668,
                    -0.15848037927040493,
                    0.6415588756119941,
                    2.2326383006917716
                ],
                [
                    -0.6581220453155883,
                    -0.26725726522762555,
                    0.7038813306607002,
                    1.418487163343215
                ],
                [
                    0.059909890334106784,
                    -0.9505038261729192,
                    -0.3048824059712143,
                    -0.6976214811429952
                ],
                [
                    0.0,
                    0.0,
                    0.0,
                    1.0
                ]
            ],
            "is_bad": false,
            "mask_path": "DSC02838.png"
        },
        {
            "file_path": "DSC02884.JPG",
            "transform_matrix": [
                [
                    -0.5505493532567124,
                    0.21310387253660404,
                    -0.8071444413105489,
                    0.5489575033663897
                ],
                [
                    0.83093361883038,
                    0.23286914012548393,
                    -0.5052932660096177,
                    3.603911187405252
                ],
                [
                    0.08027908025173369,
                    -0.9488723323435669,
                    -0.3052811264831403,
                    -0.7234953638559988
                ],
                [
                    0.0,
                    0.0,
                    0.0,
                    1.0
                ]
            ],
            "is_bad": false,
            "mask_path": "DSC02884.png"
        },
        {
            "file_path": "DSC02858.JPG",
            "transform_matrix": [
                [
                    -0.7627128608934739,
                    0.23603870806258215,
                    -0.6021252528534569,
                    0.5929168493003056
                ],
                [
                    0.6459958537819915,
                    0.23347981043780766,
                    -0.7267575489903091,
                    1.9750995168673164
                ],
                [
                    -0.030958823042359137,
                    -0.9432777461670938,
                    -0.3305580809203723,
                    -1.342052143345256
                ],
                [
                    0.0,
                    0.0,
                    0.0,
                    1.0
                ]
            ],
            "is_bad": false,
            "mask_path": "DSC02858.png"
        },
        {
            "file_path": "DSC02802.JPG",
            "transform_matrix": [
                [
                    -0.6426270050374974,
                    0.0695964213264348,
                    -0.7630117106146475,
                    0.6655460574201834
                ],
                [
                    0.7661479380261632,
                    0.04937819345956869,
                    -0.6407644895505116,
                    0.8319840921349586
                ],
                [
                    -0.0069187755271287125,
                    -0.9963524136314537,
                    -0.08505291527033292,
                    -1.5104441309882481
                ],
                [
                    0.0,
                    0.0,
                    0.0,
                    1.0
                ]
            ],
            "is_bad": false,
            "mask_path": "DSC02802.png"
        },
        {
            "file_path": "DSC02888.JPG",
            "transform_matrix": [
                [
                    -0.041419413949989915,
                    0.059021547747903275,
                    -0.9973970568682671,
                    1.0167296734835463
                ],
                [
                    0.9975677936682948,
                    -0.053569117211540306,
                    -0.044596487719848976,
                    3.882183946596387
                ],
                [
                    -0.056061833575167384,
                    -0.9968183418169121,
                    -0.05665919372504345,
                    -1.4579384624951628
                ],
                [
                    0.0,
                    0.0,
                    0.0,
                    1.0
                ]
            ],
            "is_bad": false,
            "mask_path": "DSC02888.png"
        },
        {
            "file_path": "DSC02840.JPG",
            "transform_matrix": [
                [
                    0.7559352017883152,
                    -0.14844014842161232,
                    0.6375950854843756,
                    2.2064608484720356
                ],
                [
                    -0.6541213759554001,
                    -0.21027038668093792,
                    0.7265752473097759,
                    1.5094971013843197
                ],
                [
                    0.026214427620532804,
                    -0.9663083808089518,
                    -0.2560486613183303,
                    -1.4860675197120872
                ],
                [
                    0.0,
                    0.0,
                    0.0,
                    1.0
                ]
            ],
            "is_bad": false,
            "mask_path": "DSC02840.png"
        },
        {
            "file_path": "DSC02826.JPG",
            "transform_matrix": [
                [
                    0.5914700167008061,
                    0.3145455515518765,
                    -0.7424448230965554,
                    1.1249932971774466
                ],
                [
                    0.8062948598252396,
                    -0.23894156896128885,
                    0.5411058358969298,
                    1.098572051200189
                ],
                [
                    -0.00719849729773869,
                    -0.9186773223614724,
                    -0.39494323518122326,
                    -1.1413014521773266
                ],
                [
                    0.0,
                    0.0,
                    0.0,
                    1.0
                ]
            ],
            "is_bad": false,
            "mask_path": "DSC02826.png"
        },
        {
            "file_path": "DSC02874.JPG",
            "transform_matrix": [
                [
                    -0.49635887952407476,
                    0.25178478379348257,
                    -0.8308021938871334,
                    0.5957206614959776
                ],
                [
                    0.8674598983097468,
                    0.10661178998872474,
                    -0.48594984418131426,
                    3.531104551156388
                ],
                [
                    -0.03378146743480209,
                    -0.9618931067875832,
                    -0.2713309115682953,
                    -1.365887715859049
                ],
                [
                    0.0,
                    0.0,
                    0.0,
                    1.0
                ]
            ],
            "is_bad": false,
            "mask_path": "DSC02874.png"
        },
        {
            "file_path": "DSC02921.JPG",
            "transform_matrix": [
                [
                    -0.7733263011932602,
                    0.18487416834463152,
                    0.6064552528930982,
                    2.0002553336593096
                ],
                [
                    -0.6301145616646211,
                    -0.32996193745255137,
                    -0.7029087842748595,
                    4.348352386870863
                ],
                [
                    0.07015747330793301,
                    -0.92571413606547,
                    0.3716601501743323,
                    -1.577960674091014
                ],
                [
                    0.0,
                    0.0,
                    0.0,
                    1.0
                ]
            ],
            "is_bad": false,
            "mask_path": "DSC02921.png"
        },
        {
            "file_path": "DSC02907.JPG",
            "transform_matrix": [
                [
                    0.9296106907446122,
                    -0.06414732954184316,
                    0.3629174613682475,
                    2.1418211370227005
                ],
                [
                    -0.36507318348501683,
                    -0.2950910746155175,
                    0.8829738548690853,
                    4.365659200773828
                ],
                [
                    0.05045328882677358,
                    -0.9533133680982911,
                    -0.2977382875138037,
                    -0.8137220421529106
                ],
                [
                    0.0,
                    0.0,
                    0.0,
                    1.0
                ]
            ],
            "is_bad": false,
            "mask_path": "DSC02907.png"
        },
        {
            "file_path": "DSC02832.JPG",
            "transform_matrix": [
                [
                    0.9691954024360228,
                    0.12602096949007327,
                    -0.2116104608606539,
                    1.6816814697548506
                ],
                [
                    0.24236856866022455,
                    -0.33524038157462716,
                    0.9104237274408509,
                    1.2498169277700457
                ],
                [
                    0.043792109134753725,
                    -0.9336662154166664,
                    -0.3554569585295096,
                    -1.1646806817776347
                ],
                [
                    0.0,
                    0.0,
                    0.0,
                    1.0
                ]
            ],
            "is_bad": false,
            "mask_path": "DSC02832.png"
        },
        {
            "file_path": "DSC02872.JPG",
            "transform_matrix": [
                [
                    -0.31018752921270204,
                    0.1840861717184577,
                    -0.9326821420521367,
                    0.7212287528262858
                ],
                [
                    0.9499496094763924,
                    0.0983463423069027,
                    -0.2965193693681798,
                    3.1528295609046313
                ],
                [
                    0.03714076165843519,
                    -0.9779776471560567,
                    -0.20537839586123782,
                    -1.5475262718204876
                ],
                [
                    0.0,
                    0.0,
                    0.0,
                    1.0
                ]
            ],
            "is_bad": false,
            "mask_path": "DSC02872.png"
        },
        {
            "file_path": "DSC02865.JPG",
            "transform_matrix": [
                [
                    -0.6897573217687291,
                    0.152142243432618,
                    -0.7078753949882137,
                    0.6109367885309439
                ],
                [
                    0.7240164998813937,
                    0.15291569209230116,
                    -0.6726194310391489,
                    2.3179558646736287
                ],
                [
                    0.005911426725066531,
                    -0.9764576431546953,
                    -0.21562821280818437,
                    -1.5498512674626175
                ],
                [
                    0.0,
                    0.0,
                    0.0,
                    1.0
                ]
            ],
            "is_bad": false,
            "mask_path": "DSC02865.png"
        },
        {
            "file_path": "DSC02833.JPG",
            "transform_matrix": [
                [
                    0.9700296588368922,
                    -0.039818177395340916,
                    0.2397018433923588,
                    2.04728312403562
                ],
                [
                    -0.2420707211425699,
                    -0.24392713333465085,
                    0.9390960119118038,
                    1.3768955281265878
                ],
                [
                    0.02107669192016854,
                    -0.9689757821390851,
                    -0.24625536884634505,
                    -1.2191755470176837
                ],
                [
                    0.0,
                    0.0,
                    0.0,
                    1.0
                ]
            ],
            "is_bad": false,
            "mask_path": "DSC02833.png"
        },
        {
            "file_path": "DSC02829.JPG",
            "transform_matrix": [
                [
                    0.8093128619880584,
                    0.22027247807858633,
                    -0.5445114570161192,
                    1.368229431035597
                ],
                [
                    0.5867161693402101,
                    -0.2591704230123048,
                    0.7671993407650799,
                    1.3411613668146896
                ],
                [
                    0.027871635320667866,
                    -0.9403779704122921,
                    -0.3389873813400877,
                    -1.1729063383706935
                ],
                [
                    0.0,
                    0.0,
                    0.0,
                    1.0
                ]
            ],
            "is_bad": false,
            "mask_path": "DSC02829.png"
        },
        {
            "file_path": "DSC02843.JPG",
            "transform_matrix": [
                [
                    0.7082286031179315,
                    -0.13552551645108615,
                    0.6928528560353128,
                    1.9141071579810995
                ],
                [
                    -0.6964447225483515,
                    0.026660162540557437,
                    0.7171150424916917,
                    1.4131193099539001
                ],
                [
                    -0.11565895624712011,
                    -0.9904150999070932,
                    -0.07550454102800289,
                    -1.563389521698788
                ],
                [
                    0.0,
                    0.0,
                    0.0,
                    1.0
                ]
            ],
            "is_bad": false,
            "mask_path": "DSC02843.png"
        },
        {
            "file_path": "DSC02880.JPG",
            "transform_matrix": [
                [
                    -0.48658250348481136,
                    0.2489670314498488,
                    -0.8374084335337822,
                    0.568552872039688
                ],
                [
                    0.8730714261901638,
                    0.17298896522331447,
                    -0.4558739986895943,
                    3.5998453682233738
                ],
                [
                    0.03136482221736509,
                    -0.9529376869250248,
                    -0.3015394049958582,
                    -1.0278682704429736
                ],
                [
                    0.0,
                    0.0,
                    0.0,
                    1.0
                ]
            ],
            "is_bad": false,
            "mask_path": "DSC02880.png"
        },
        {
            "file_path": "DSC02919.JPG",
            "transform_matrix": [
                [
                    -0.7036969802133461,
                    -0.1472526992599177,
                    0.6950735231608852,
                    1.953280867139761
                ],
                [
                    -0.7105001669819058,
                    0.14547130414513418,
                    -0.6884966320825383,
                    4.299172207121598
                ],
                [
                    0.0002697356145491958,
                    -0.9783428551540518,
                    -0.20699078484733624,
                    -1.2831056757980217
                ],
                [
                    0.0,
                    0.0,
                    0.0,
                    1.0
                ]
            ],
            "is_bad": false,
            "mask_path": "DSC02919.png"
        },
        {
            "file_path": "DSC02822.JPG",
            "transform_matrix": [
                [
                    0.23666301928790884,
                    0.4155575907175377,
                    -0.8782382957367355,
                    0.9556558239405194
                ],
                [
                    0.9705701707447005,
                    -0.14255749085836394,
                    0.19408994167851662,
                    0.8904146052112334
                ],
                [
                    -0.04454389926952299,
                    -0.8983258042587904,
                    -0.43706588798562596,
                    -1.1206443930820023
                ],
                [
                    0.0,
                    0.0,
                    0.0,
                    1.0
                ]
            ],
            "is_bad": false,
            "mask_path": "DSC02822.png"
        },
        {
            "file_path": "DSC02856.JPG",
            "transform_matrix": [
                [
                    0.6600875447484651,
                    -0.27385817896202,
                    0.6994899077781963,
                    1.4319906470417134
                ],
                [
                    -0.7475132478527775,
                    -0.14746675714187973,
                    0.6476708267497077,
                    1.2903165598158115
                ],
                [
                    -0.07421844482697783,
                    -0.9503974186379424,
                    -0.3020535864607484,
                    -1.4145832821648514
                ],
                [
                    0.0,
                    0.0,
                    0.0,
                    1.0
                ]
            ],
            "is_bad": false,
            "mask_path": "DSC02856.png"
        },
        {
            "file_path": "DSC02834.JPG",
            "transform_matrix": [
                [
                    0.785266848752107,
                    -0.11555522976680603,
                    0.6082786903422457,
                    2.218091662969563
                ],
                [
                    -0.6145847946158247,
                    -0.2646528541658424,
                    0.7431314802973294,
                    1.4358606878582418
                ],
                [
                    0.0751099625746308,
                    -0.9573953497147432,
                    -0.2788415999570796,
                    -0.9470611836569819
                ],
                [
                    0.0,
                    0.0,
                    0.0,
                    1.0
                ]
            ],
            "is_bad": false,
            "mask_path": "DSC02834.png"
        },
        {
            "file_path": "DSC02929.JPG",
            "transform_matrix": [
                [
                    -0.16049087418220057,
                    0.21966258037724187,
                    -0.9622842771687815,
                    0.7990957917270923
                ],
                [
                    0.9869005325033583,
                    0.051942408807651656,
                    -0.15273940261715951,
                    4.205948880895632
                ],
                [
                    0.016432232009712687,
                    -0.9741921458055749,
                    -0.225121400142031,
                    -1.1286549754282909
                ],
                [
                    0.0,
                    0.0,
                    0.0,
                    1.0
                ]
            ],
            "is_bad": false,
            "mask_path": "DSC02929.png"
        },
        {
            "file_path": "DSC02904.JPG",
            "transform_matrix": [
                [
                    0.8978230058263911,
                    -0.11845074125484543,
                    0.424126481258882,
                    2.1272946330850115
                ],
                [
                    -0.4393401352994097,
                    -0.17554634330274932,
                    0.8810015475968975,
                    4.328163458149833
                ],
                [
                    -0.029901433476659325,
                    -0.9773192432614891,
                    -0.20964971029512472,
                    -1.0564045055784639
                ],
                [
                    0.0,
                    0.0,
                    0.0,
                    1.0
                ]
            ],
            "is_bad": true,
            "mask_path": "DSC02904.png"
        },
        {
            "file_path": "DSC02820.JPG",
            "transform_matrix": [
                [
                    -0.9788788003680199,
                    0.04450505722132025,
                    -0.19953845261451195,
                    0.5874350993365409
                ],
                [
                    0.20405890908765933,
                    0.15301741669434255,
                    -0.9669258667602935,
                    1.14576482789908
                ],
                [
                    -0.012500232478682228,
                    -0.9872208314606805,
                    -0.15886715871463808,
                    -0.9923809278604488
                ],
                [
                    0.0,
                    0.0,
                    0.0,
                    1.0
                ]
            ],
            "is_bad": false,
            "mask_path": "DSC02820.png"
        },
        {
            "file_path": "DSC02923.JPG",
            "transform_matrix": [
                [
                    -0.993504139538548,
                    -0.07819870819818371,
                    -0.08267095472960212,
                    2.2152172530011844
                ],
                [
                    0.10327356392391362,
                    -0.314480397317771,
                    -0.9436295092340584,
                    4.381409615923047
                ],
                [
                    0.047792213949784335,
                    -0.9460375477426843,
                    0.3205134358288058,
                    -1.564891349208266
                ],
                [
                    0.0,
                    0.0,
                    0.0,
                    1.0
                ]
            ],
            "is_bad": true,
            "mask_path": "DSC02923.png"
        },
        {
            "file_path": "DSC02864.JPG",
            "transform_matrix": [
                [
                    -0.8413115411324283,
                    0.14278342824069326,
                    -0.5213518805732003,
                    0.5592863597047568
                ],
                [
                    0.5403143116446398,
                    0.1936195683283205,
                    -0.8188845507104976,
                    2.1811155185116595
                ],
                [
                    -0.01597921742004367,
                    -0.9706309058443322,
                    -0.24004230716782676,
                    -1.4102556632494965
                ],
                [
                    0.0,
                    0.0,
                    0.0,
                    1.0
                ]
            ],
            "is_bad": true,
            "mask_path": "DSC02864.png"
        },
        {
            "file_path": "DSC02868.JPG",
            "transform_matrix": [
                [
                    -0.6449927017249734,
                    0.14339592693062053,
                    -0.7506144302244844,
                    0.6582931979585636
                ],
                [
                    0.7641555826666908,
                    0.13017266364980687,
                    -0.6317604950593576,
                    2.4891568375985855
                ],
                [
                    0.007117597969118839,
                    -0.9810671158376588,
                    -0.19353721611392366,
                    -1.5972862731442545
                ],
                [
                    0.0,
                    0.0,
                    0.0,
                    1.0
                ]
            ],
            "is_bad": false,
            "mask_path": "DSC02868.png"
        },
        {
            "file_path": "DSC02910.JPG",
            "transform_matrix": [
                [
                    -0.9959562501870955,
                    0.08125837867744325,
                    -0.03831740607051329,
                    2.1295995542031565
                ],
                [
                    0.05885231161631761,
                    0.26786271950876944,
                    -0.9616579271834563,
                    4.343945681127285
                ],
                [
                    -0.06787895941066908,
                    -0.960024291042721,
                    -0.2715617931102332,
                    -1.2734768259680422
                ],
                [
                    0.0,
                    0.0,
                    0.0,
                    1.0
                ]
            ],
            "is_bad": false,
            "mask_path": "DSC02910.png"
        },
        {
            "file_path": "DSC02810.JPG",
            "transform_matrix": [
                [
                    -0.8938679049773118,
                    0.12531067447203742,
                    -0.43046184884938904,
                    0.5791065197658745
                ],
                [
                    0.44826254084410416,
                    0.2330952556204115,
                    -0.8629758376010551,
                    0.960691105350556
                ],
                [
                    -0.007801469570476358,
                    -0.964346326104174,
                    -0.2645284491352922,
                    -1.4348225051013377
                ],
                [
                    0.0,
                    0.0,
                    0.0,
                    1.0
                ]
            ],
            "is_bad": false,
            "mask_path": "DSC02810.png"
        },
        {
            "file_path": "DSC02894.JPG",
            "transform_matrix": [
                [
                    -0.387853207486872,
                    0.2829473928564027,
                    -0.8772175684047313,
                    1.0030430649372926
                ],
                [
                    0.91814729129669,
                    0.03487246111222984,
                    -0.39470173921649604,
                    4.016514677786804
                ],
                [
                    -0.08108909252603663,
                    -0.9585012698644377,
                    -0.2733127782259061,
                    -1.357016149867159
                ],
                [
                    0.0,
                    0.0,
                    0.0,
                    1.0
                ]
            ],
            "is_bad": true,
            "mask_path": "DSC02894.png"
        },
        {
            "file_path": "DSC02816.JPG",
            "transform_matrix": [
                [
                    -0.8419283871366245,
                    0.09877194126796615,
                    -0.5304721430496417,
                    0.7317112736214242
                ],
                [
                    0.539437637650857,
                    0.17737757203086943,
                    -0.8231307502615224,
                    1.0758284182311175
                ],
                [
                    0.012791638643469435,
                    -0.979173784656529,
                    -0.20262051579794113,
                    -0.9663525512966934
                ],
                [
                    0.0,
                    0.0,
                    0.0,
                    1.0
                ]
            ],
            "is_bad": true,
            "mask_path": "DSC02816.png"
        },
        {
            "file_path": "DSC02900.JPG",
            "transform_matrix": [
                [
                    0.9608135538603646,
                    0.02048264949972438,
                    -0.2764376526229532,
                    2.093041847825059
                ],
                [
                    0.276979419007604,
                    -0.11030573266087053,
                    0.9545234658133654,
                    4.353647239914805
                ],
                [
                    -0.010941488218109028,
                    -0.993686623846583,
                    -0.1116565153672325,
                    -1.4514881271525917
                ],
                [
                    0.0,
                    0.0,
                    0.0,
                    1.0
                ]
            ],
            "is_bad": false,
            "mask_path": "DSC02900.png"
        },
        {
            "file_path": "DSC02878.JPG",
            "transform_matrix": [
                [
                    -0.4882455877493731,
                    0.24529040500967253,
                    -0.8375254403619387,
                    0.5828829294574346
                ],
                [
                    0.872041852874986,
                    0.17456736443903328,
                    -0.4572409016122364,
                    3.5840592039741943
                ],
                [
                    0.034047802831170974,
                    -0.9536030895938833,
                    -0.2991352447294854,
                    -1.1809091452964442
                ],
                [
                    0.0,
                    0.0,
                    0.0,
                    1.0
                ]
            ],
            "is_bad": false,
            "mask_path": "DSC02878.png"
        },
        {
            "file_path": "DSC02839.JPG",
            "transform_matrix": [
                [
                    0.7155510562919478,
                    -0.228519099588759,
                    0.6601255236412396,
                    2.182418593877158
                ],
                [
                    -0.6983574479182241,
                    -0.21122983179728153,
                    0.6838704797664814,
                    1.41506168620129
                ],
                [
                    -0.016839262947737618,
                    -0.9503478201595642,
                    -0.3107337444522917,
                    -1.185997472154168
                ],
                [
                    0.0,
                    0.0,
                    0.0,
                    1.0
                ]
            ],
            "is_bad": false,
            "mask_path": "DSC02839.png"
        },
        {
            "file_path": "DSC02882.JPG",
            "transform_matrix": [
                [
                    -0.5238371420840883,
                    0.23005924504959638,
                    -0.820163027903833,
                    0.566238370551421
                ],
                [
                    0.84854074895584,
                    0.22531764296427514,
                    -0.478759393777799,
                    3.6095780722157285
                ],
                [
                    0.07465417560081164,
                    -0.9467337025458809,
                    -0.31324439425012846,
                    -0.8656388227773948
                ],
                [
                    0.0,
                    0.0,
                    0.0,
                    1.0
                ]
            ],
            "is_bad": false,
            "mask_path": "DSC02882.png"
        },
        {
            "file_path": "DSC02854.JPG",
            "transform_matrix": [
                [
                    0.9249519304638296,
                    -0.1247862549113742,
                    0.35901576137605457,
                    1.5559815610961736
                ],
                [
                    -0.36838221091432766,
                    -0.0617458207151704,
                    0.9276216902951772,
                    1.2215200092519434
                ],
                [
                    -0.09358671387064743,
                    -0.9902604931074468,
                    -0.10308095254454117,
                    -1.5134584609734616
                ],
                [
                    0.0,
                    0.0,
                    0.0,
                    1.0
                ]
            ],
            "is_bad": true,
            "mask_path": "DSC02854.png"
        },
        {
            "file_path": "DSC02849.JPG",
            "transform_matrix": [
                [
                    0.8261639020681609,
                    0.05638367032440143,
                    0.5606015417747782,
                    1.5285164202864716
                ],
                [
                    -0.5562950158277601,
                    0.23947106279266506,
                    0.7957320311826979,
                    1.2799774494051306
                ],
                [
                    -0.08938155449924083,
                    -0.969264923437189,
                    0.22920830244473883,
                    -1.672746540668521
                ],
                [
                    0.0,
                    0.0,
                    0.0,
                    1.0
                ]
            ],
            "is_bad": false,
            "mask_path": "DSC02849.png"
        },
        {
            "file_path": "DSC02861.JPG",
            "transform_matrix": [
                [
                    -0.7236394348381439,
                    0.14965158953841629,
                    -0.6737583914844824,
                    0.622582105646356
                ],
                [
                    0.6896705616419113,
                    0.11935631082015893,
                    -0.714218865245054,
                    2.0497158633812798
                ],
                [
                    -0.026466672470534143,
                    -0.9815082642627249,
                    -0.18958122911382994,
                    -1.4250488236604142
                ],
                [
                    0.0,
                    0.0,
                    0.0,
                    1.0
                ]
            ],
            "is_bad": false,
            "mask_path": "DSC02861.png"
        },
        {
            "file_path": "DSC02836.JPG",
            "transform_matrix": [
                [
                    0.7900665852192451,
                    -0.10414970719215513,
                    0.604108954917728,
                    2.235863702692091
