{
    "fl_x": 628.1640036888998,
    "fl_y": 631.4138825148826,
    "cx": 876.0,
    "cy": 584.0,
    "w": 1752,
    "h": 1168,
    "k1": 0.0,
    "k2": 0.0,
    "k3": 0.0,
    "k4": 0.0,
    "camera_model": "PINHOLE",
    "has_mask": false,
    "aabb_range": [
        [
            0.03477652743458748,
            0.0,
            -2.6427700519561768
        ],
        [
            4.5354156494140625,
            6.858199596405029,
            -0.08187505602836609
        ]
    ],
    "frames": [
        {
            "file_path": "DSC09995.JPG",
            "transform_matrix": [
                [
                    0.882429752101718,
                    0.02761143078834358,
                    -0.4696331988856003,
                    2.837467960765053
                ],
                [
                    0.46359727439389803,
                    -0.22073456517221846,
                    0.8581106099523423,
                    4.602324707041964
                ],
                [
                    -0.07997061823100886,
                    -0.974943003784351,
                    -0.2075833316807931,
                    -1.563440897865982
                ],
                [
                    0.0,
                    0.0,
                    0.0,
                    1.0
                ]
            ],
            "is_bad": false,
            "mask_path": "DSC09995.png"
        },
        {
            "file_path": "DSC00092.JPG",
            "transform_matrix": [
                [
                    -0.08305313159019233,
                    0.3312326730335207,
                    -0.9398867451177991,
                    2.6861966779722204
                ],
                [
                    0.9965203274708996,
                    0.020951746105943563,
                    -0.08067379545058646,
                    1.0673756301879185
                ],
                [
                    -0.007029528458807419,
                    -0.9433164583797852,
                    -0.3318201999268067,
                    -1.4302201171415594
                ],
                [
                    0.0,
                    0.0,
                    0.0,
                    1.0
                ]
            ],
            "is_bad": true,
            "mask_path": "DSC00092.png"
        },
        {
            "file_path": "DSC00117.JPG",
            "transform_matrix": [
                [
                    -0.3429981890523168,
                    -0.320860448330157,
                    0.8828367997564455,
                    1.7244321514638874
                ],
                [
                    -0.9373505810956899,
                    0.17798997844231718,
                    -0.2994886570367516,
                    2.860883383730575
                ],
                [
                    -0.06104203819012521,
                    -0.9302516542696789,
                    -0.36180896796807227,
                    -1.4448667595715394
                ],
                [
                    0.0,
                    0.0,
                    0.0,
                    1.0
                ]
            ],
            "is_bad": false,
            "mask_path": "DSC00117.png"
        },
        {
            "file_path": "DSC09969.JPG",
            "transform_matrix": [
                [
                    0.9641937389753411,
                    0.13085243531903787,
                    -0.23066875360964958,
                    2.902312653562017
                ],
                [
                    0.2583864406029292,
                    -0.6594041963528919,
                    0.7059904766671757,
                    6.172170794422969
                ],
                [
                    -0.059723370913746084,
                    -0.7403132755822189,
                    -0.6696038925838363,
                    -1.3688455358633878
                ],
                [
                    0.0,
                    0.0,
                    0.0,
                    1.0
                ]
            ],
            "is_bad": false,
            "mask_path": "DSC09969.png"
        },
        {
            "file_path": "DSC00130.JPG",
            "transform_matrix": [
                [
                    -0.9644013530413774,
                    0.07488312952307705,
                    -0.2536189014343967,
                    3.0233322855116707
                ],
                [
                    0.2620044260258182,
                    0.4005169968149122,
                    -0.8780317853046353,
                    3.289592557588626
                ],
                [
                    0.03582891283365616,
                    -0.9132243164607442,
                    -0.40587884501408117,
                    -1.416003453379264
                ],
                [
                    0.0,
                    0.0,
                    0.0,
                    1.0
                ]
            ],
            "is_bad": false,
            "mask_path": "DSC00130.png"
        },
        {
            "file_path": "DSC00052.JPG",
            "transform_matrix": [
                [
                    0.18909033038696102,
                    -0.10373325386389495,
                    0.9764651857577716,
                    2.790658508427059
                ],
                [
                    -0.9819014416697699,
                    -0.030805752058943342,
                    0.18687044840453415,
                    2.2588315165740145
                ],
                [
                    0.01069606474263645,
                    -0.9941279684642679,
                    -0.1076809013526998,
                    -1.5644289386952146
                ],
                [
                    0.0,
                    0.0,
                    0.0,
                    1.0
                ]
            ],
            "is_bad": true,
            "mask_path": "DSC00052.png"
        },
        {
            "file_path": "DSC00071.JPG",
            "transform_matrix": [
                [
                    0.9162693689269008,
                    -0.030805270458061605,
                    0.3993763624431284,
                    2.018803056095408
                ],
                [
                    -0.3977074730068098,
                    0.04886862212210985,
                    0.9162099233725994,
                    1.7136299767723677
                ],
                [
                    -0.04774106702658906,
                    -0.998330052179084,
                    0.03252533528298541,
                    -1.6347952478607048
                ],
                [
                    0.0,
                    0.0,
                    0.0,
                    1.0
                ]
            ],
            "is_bad": true,
            "mask_path": "DSC00071.png"
        },
        {
            "file_path": "DSC09984.JPG",
            "transform_matrix": [
                [
                    0.9583384375109602,
                    -0.04061236093761531,
                    -0.2827332228941686,
                    2.633958877066278
                ],
                [
                    0.28500828082900537,
                    0.07041731446664055,
                    0.9559349777480687,
                    5.415896405604196
                ],
                [
                    -0.018913462082490028,
                    -0.9966905427274699,
                    0.07905847829091538,
                    -1.6831961528237422
                ],
                [
                    0.0,
                    0.0,
                    0.0,
                    1.0
                ]
            ],
            "is_bad": true,
            "mask_path": "DSC09984.png"
        },
        {
            "file_path": "DSC00043.JPG",
            "transform_matrix": [
                [
                    0.998232607280016,
                    -0.05913745655398426,
                    0.005867111322203945,
                    2.4056869391539673
                ],
                [
                    -0.008829179100782425,
                    -0.04995169890695248,
                    0.9987126079972736,
                    2.8307245909567356
                ],
                [
                    -0.05876825128713491,
                    -0.9969992923812108,
                    -0.05038554983343352,
                    -1.5682323497694108
                ],
                [
                    0.0,
                    0.0,
                    0.0,
                    1.0
                ]
            ],
            "is_bad": true,
            "mask_path": "DSC00043.png"
        },
        {
            "file_path": "DSC00004.JPG",
            "transform_matrix": [
                [
                    0.9499478506056768,
                    -0.006727501120323348,
                    -0.31233607197749547,
                    2.8429253647832553
                ],
                [
                    0.3072033847898087,
                    -0.16162504213308904,
                    0.9378184398534516,
                    3.8851115433220893
                ],
                [
                    -0.05679050539782038,
                    -0.9868293097005952,
                    -0.15146865026303932,
                    -1.5795148226123183
                ],
                [
                    0.0,
                    0.0,
                    0.0,
                    1.0
                ]
            ],
            "is_bad": false,
            "mask_path": "DSC00004.png"
        },
        {
            "file_path": "DSC00085.JPG",
            "transform_matrix": [
                [
                    0.04811773035085629,
                    0.47067815547207686,
                    -0.8809919170953194,
                    2.6089228861273464
                ],
                [
                    0.9986394533042889,
                    -0.04041683248347083,
                    0.03295029523561176,
                    1.681623237797623
                ],
                [
                    -0.020097918548775236,
                    -0.8813787798746953,
                    -0.47198254210998125,
                    -1.3583201679697514
                ],
                [
                    0.0,
                    0.0,
                    0.0,
                    1.0
                ]
            ],
            "is_bad": true,
            "mask_path": "DSC00085.png"
        },
        {
            "file_path": "DSC00106.JPG",
            "transform_matrix": [
                [
                    -0.7921250310758399,
                    -0.09763738986246179,
                    0.6024988591225278,
                    2.3034839931861835
                ],
                [
                    -0.6081654609212849,
                    0.20986926789515578,
                    -0.7655649303197972,
                    2.164854592893245
                ],
                [
                    -0.05169823290504827,
                    -0.9728421405829413,
                    -0.22562238856217048,
                    -1.4723938078909355
                ],
                [
                    0.0,
                    0.0,
                    0.0,
                    1.0
                ]
            ],
            "is_bad": false,
            "mask_path": "DSC00106.png"
        },
        {
            "file_path": "DSC00144.JPG",
            "transform_matrix": [
                [
                    -0.8970171193539154,
                    -0.11704572110245334,
                    0.42621659606074697,
                    2.858755837866752
                ],
                [
                    -0.43357685783908545,
                    0.42032962139993446,
                    -0.7970784890587458,
                    5.094949764428703
                ],
                [
                    -0.08585683392944782,
                    -0.8997907026333372,
                    -0.4277911821464027,
                    -1.4022854780234972
                ],
                [
                    0.0,
                    0.0,
                    0.0,
                    1.0
                ]
            ],
            "is_bad": false,
            "mask_path": "DSC00144.png"
        },
        {
            "file_path": "DSC00110.JPG",
            "transform_matrix": [
                [
                    -0.8237619867199779,
                    -0.022364030162660028,
                    0.5664945184112888,
                    2.044221729049282
                ],
                [
                    -0.5666640972720419,
                    0.06341070177129808,
                    -0.8215052548606933,
                    2.51167752598343
                ],
                [
                    -0.01754964666356529,
                    -0.99773690573004,
                    -0.0649082186339206,
                    -1.5502615961694783
                ],
                [
                    0.0,
                    0.0,
                    0.0,
                    1.0
                ]
            ],
            "is_bad": true,
            "mask_path": "DSC00110.png"
        },
        {
            "file_path": "DSC09975.JPG",
            "transform_matrix": [
                [
                    0.9893219160934785,
                    -0.03372875844894034,
                    0.14179039879562338,
                    2.668753819628843
                ],
                [
                    -0.13246902085093862,
                    0.1976068627787236,
                    0.9712895996033031,
                    6.138600227676622
                ],
                [
                    -0.06077914816713525,
                    -0.9797009230557274,
                    0.19102878451121857,
                    -1.7366020149377617
                ],
                [
                    0.0,
                    0.0,
                    0.0,
                    1.0
                ]
            ],
            "is_bad": true,
            "mask_path": "DSC09975.png"
        },
        {
            "file_path": "DSC09980.JPG",
            "transform_matrix": [
                [
                    0.9990014618471977,
                    0.030092310777248787,
                    0.03302320486032599,
                    2.7091010405950353
                ],
                [
                    -0.013499477572038947,
                    -0.5012868897191437,
                    0.8651758308580915,
                    5.772279868056689
                ],
                [
                    0.04258923963213721,
                    -0.8647577157954661,
                    -0.5003801051598312,
                    -1.4457573552911276
                ],
                [
                    0.0,
                    0.0,
                    0.0,
                    1.0
                ]
            ],
            "is_bad": true,
            "mask_path": "DSC09980.png"
        },
        {
            "file_path": "DSC00033.JPG",
            "transform_matrix": [
                [
                    0.3418465642367043,
                    -0.29103833645243377,
                    0.8935533633950239,
                    2.049076626130171
                ],
                [
                    -0.9379926669502875,
                    -0.047452861538572304,
                    0.3433918791690985,
                    3.1428003415379147
                ],
                [
                    -0.05753853723413968,
                    -0.9555338364740413,
                    -0.2892134230739532,
                    -1.421029982086304
                ],
                [
                    0.0,
                    0.0,
                    0.0,
                    1.0
                ]
            ],
            "is_bad": false,
            "mask_path": "DSC00033.png"
        },
        {
            "file_path": "DSC00125.JPG",
            "transform_matrix": [
                [
                    -0.9601028945364388,
                    0.09759969476479126,
                    -0.2620624572207386,
                    2.77417773466385
                ],
                [
                    0.27957075563614947,
                    0.31311620289692105,
                    -0.9076334260462462,
                    2.681994913728156
                ],
                [
                    -0.006528743813640748,
                    -0.9446864787140937,
                    -0.32790979314284313,
                    -1.4403242362957813
                ],
                [
                    0.0,
                    0.0,
                    0.0,
                    1.0
                ]
            ],
            "is_bad": true,
            "mask_path": "DSC00125.png"
        },
        {
            "file_path": "DSC00088.JPG",
            "transform_matrix": [
                [
                    -0.12411542934205594,
                    -0.10387878293825988,
                    -0.9868153619874904,
                    2.6977302690498255
                ],
                [
                    0.992255186579207,
                    -0.007981497360192555,
                    -0.12395943048656041,
                    1.3945497172865666
                ],
                [
                    0.005000490565963027,
                    -0.9945579390639612,
                    0.10406488811767678,
                    -1.6429109935514847
                ],
                [
                    0.0,
                    0.0,
                    0.0,
                    1.0
                ]
            ],
            "is_bad": true,
            "mask_path": "DSC00088.png"
        },
        {
            "file_path": "DSC00015.JPG",
            "transform_matrix": [
                [
                    0.2963576065346637,
                    -0.012391550477114396,
                    0.9549966589081966,
                    2.7001694852607026
                ],
                [
                    -0.954097891205783,
                    -0.04910733502702442,
                    0.29544150629730576,
                    3.074958872941807
                ],
                [
                    0.04323636254037606,
                    -0.9987166360501444,
                    -0.026376084450889438,
                    -1.6336324761245662
                ],
                [
                    0.0,
                    0.0,
                    0.0,
                    1.0
                ]
            ],
            "is_bad": true,
            "mask_path": "DSC00015.png"
        },
        {
            "file_path": "DSC00008.JPG",
            "transform_matrix": [
                [
                    0.9622440094138328,
                    -0.12052795199808689,
                    0.2440481082375767,
                    2.7464224014737506
                ],
                [
                    -0.2721842664745029,
                    -0.4212094545341163,
                    0.8651579742999604,
                    3.5263417897042664
                ],
                [
                    -0.0014803482463557076,
                    -0.8989191332918778,
                    -0.4381120865381955,
                    -1.4658566538456939
                ],
                [
                    0.0,
                    0.0,
                    0.0,
                    1.0
                ]
            ],
            "is_bad": false,
            "mask_path": "DSC00008.png"
        },
        {
            "file_path": "DSC00075.JPG",
            "transform_matrix": [
                [
                    0.9990945296701269,
                    0.042452163814225154,
                    0.002816837006058626,
                    2.174382628220841
                ],
                [
                    0.019199181715562313,
                    -0.5089474552426563,
                    0.8605834527943688,
                    1.8573128607051312
                ],
                [
                    0.03796725173990472,
                    -0.859750139045941,
                    -0.509301665229758,
                    -1.3562540608005254
                ],
                [
                    0.0,
                    0.0,
                    0.0,
                    1.0
                ]
            ],
            "is_bad": true,
            "mask_path": "DSC00075.png"
        },
        {
            "file_path": "DSC09999.JPG",
            "transform_matrix": [
                [
                    0.994559197226756,
                    -0.04659636678726851,
                    0.0931707132842509,
                    2.7715102261256317
                ],
                [
                    -0.1036331565037875,
                    -0.3516283484834834,
                    0.930385765914246,
                    4.261968396010846
                ],
                [
                    -0.010591132363024254,
                    -0.93497929557023,
                    -0.35454413656167594,
                    -1.5208920715645222
                ],
                [
                    0.0,
                    0.0,
                    0.0,
                    1.0
                ]
            ],
            "is_bad": false,
            "mask_path": "DSC09999.png"
        },
        {
            "file_path": "DSC00140.JPG",
            "transform_matrix": [
                [
                    -0.9976716855711661,
                    0.045688715940331366,
                    -0.05063347751549605,
                    3.1172253176210947
                ],
                [
                    0.06589153501804287,
                    0.45422519891903124,
                    -0.8884468325566438,
                    4.650893385291338
                ],
                [
                    -0.01759299356432898,
                    -0.8897145665339478,
                    -0.45617811946076,
                    -1.395976563770879
                ],
                [
                    0.0,
                    0.0,
                    0.0,
                    1.0
                ]
            ],
            "is_bad": true,
            "mask_path": "DSC00140.png"
        },
        {
            "file_path": "DSC00041.JPG",
            "transform_matrix": [
                [
                    0.7226341917244652,
                    0.23014566134924463,
                    0.6517919909855049,
                    2.1135711536249597
                ],
                [
                    -0.6826884290502014,
                    0.08984350518749647,
                    0.7251652593833998,
                    2.9589663841893477
                ],
                [
                    0.108334361085014,
                    -0.9690000614745823,
                    0.22204176875209408,
                    -1.685552654579865
                ],
                [
                    0.0,
                    0.0,
                    0.0,
                    1.0
                ]
            ],
            "is_bad": true,
            "mask_path": "DSC00041.png"
        },
        {
            "file_path": "DSC00113.JPG",
            "transform_matrix": [
                [
                    -0.9598234282459782,
                    -0.14082565136784517,
                    0.2427078954359724,
                    2.1191087800275303
                ],
                [
                    -0.2792691845149643,
                    0.39512217240331565,
                    -0.8751498108641919,
                    2.829173176523446
                ],
                [
                    0.027344271255297863,
                    -0.9077701277262357,
                    -0.4185757829084355,
                    -1.3720670882515564
                ],
                [
                    0.0,
                    0.0,
                    0.0,
                    1.0
                ]
            ],
            "is_bad": true,
            "mask_path": "DSC00113.png"
        },
        {
            "file_path": "DSC00082.JPG",
            "transform_matrix": [
                [
                    0.6332629011129951,
                    -0.011120615795874344,
                    -0.7738568536740328,
                    2.398572995721665
                ],
                [
                    0.7736501059584969,
                    -0.01811549864199729,
                    0.6333540417960228,
                    1.6736164584194457
                ],
                [
                    -0.021062089743409847,
                    -0.999774054781015,
                    -0.002868407636337764,
                    -1.593183846470952
                ],
                [
                    0.0,
                    0.0,
                    0.0,
                    1.0
                ]
            ],
            "is_bad": true,
            "mask_path": "DSC00082.png"
        },
        {
            "file_path": "DSC09991.JPG",
            "transform_matrix": [
                [
                    0.9923656757427328,
                    0.02960565051267423,
                    0.11972414570749923,
                    2.659999875804519
                ],
                [
                    -0.11568909759598572,
                    -0.11292783949261592,
                    0.9868451427478153,
                    4.849582924090497
                ],
                [
                    0.04273638151616919,
                    -0.9931620253137204,
                    -0.10864066075670308,
                    -1.6273319204086412
                ],
                [
                    0.0,
                    0.0,
                    0.0,
                    1.0
                ]
            ],
            "is_bad": false,
            "mask_path": "DSC09991.png"
        },
        {
            "file_path": "DSC00104.JPG",
            "transform_matrix": [
                [
                    -0.9848301865691075,
                    -0.051656316735191284,
                    -0.1656536403572537,
                    2.516021284894846
                ],
                [
                    0.16659344696121792,
                    -0.014421975217858849,
                    -0.9859201945697204,
                    1.9949527294869467
                ],
                [
                    0.04853995315033438,
                    -0.9985607801091373,
                    0.022808800406735052,
                    -1.6051684174506573
                ],
                [
                    0.0,
                    0.0,
                    0.0,
                    1.0
                ]
            ],
            "is_bad": true,
            "mask_path": "DSC00104.png"
        },
        {
            "file_path": "DSC00146.JPG",
            "transform_matrix": [
                [
                    -0.999613401193462,
                    -0.02017162142273142,
                    0.019135146814621383,
                    2.8860665322047976
                ],
                [
                    -0.022961615909198884,
                    0.2108347320864096,
                    -0.9772520043166404,
                    5.416493056895179
                ],
                [
                    0.01567840391358625,
                    -0.9773135737496078,
                    -0.21121639665398298,
                    -1.5233311476896407
                ],
                [
                    0.0,
                    0.0,
                    0.0,
                    1.0
                ]
            ],
            "is_bad": false,
            "mask_path": "DSC00146.png"
        },
        {
            "file_path": "DSC00135.JPG",
            "transform_matrix": [
                [
                    -0.9726673524679416,
                    0.04446608243941688,
                    -0.2279056580155398,
                    3.0523160820978914
                ],
                [
                    0.2295749982916224,
                    0.3314016045188082,
                    -0.9151329393491205,
                    4.035083806189385
                ],
                [
                    0.03483592402114086,
                    -0.9424413743224829,
                    -0.3325518220710013,
                    -1.4463453660046819
                ],
                [
                    0.0,
                    0.0,
                    0.0,
                    1.0
                ]
            ],
            "is_bad": true,
            "mask_path": "DSC00135.png"
        },
        {
            "file_path": "DSC00054.JPG",
            "transform_matrix": [
                [
                    0.610850273563324,
                    -0.23430234400580727,
                    0.7562832504300202,
                    2.7878774788984115
                ],
                [
                    -0.7898150912843914,
                    -0.11365546972302148,
                    0.6027226192714756,
                    1.864388372594549
                ],
                [
                    -0.05526359440934908,
                    -0.9654972013400266,
                    -0.25448200199136944,
                    -1.4929541087279368
                ],
                [
                    0.0,
                    0.0,
                    0.0,
                    1.0
                ]
            ],
            "is_bad": false,
            "mask_path": "DSC00054.png"
        },
        {
            "file_path": "DSC00097.JPG",
            "transform_matrix": [
                [
                    -0.5145077756477031,
                    0.29701169020025614,
                    -0.8044040058841326,
                    2.60978027669664
                ],
                [
                    0.8568806237374971,
                    0.21332255809036804,
                    -0.4693070241036452,
                    1.3703328024814636
                ],
                [
                    0.03220784782146658,
                    -0.9307403193663464,
                    -0.364259677214677,
                    -1.369401490614568
                ],
                [
                    0.0,
                    0.0,
                    0.0,
                    1.0
                ]
            ],
            "is_bad": true,
            "mask_path": "DSC00097.png"
        },
        {
            "file_path": "DSC00123.JPG",
            "transform_matrix": [
                [
                    -0.8101164346207737,
                    -0.17689017187794887,
                    0.5589465354131062,
                    2.373370782636979
                ],
                [
                    -0.5798727879355979,
                    0.3822106200558045,
                    -0.7194877286850369,
                    2.616883954114143
                ],
                [
                    -0.08636499388711612,
                    -0.9069867193126625,
                    -0.41220890191907633,
                    -1.3796854123643583
                ],
                [
                    0.0,
                    0.0,
                    0.0,
                    1.0
                ]
            ],
            "is_bad": true,
            "mask_path": "DSC00123.png"
        },
        {
            "file_path": "DSC00050.JPG",
            "transform_matrix": [
                [
                    0.48578181148304417,
                    -0.4848753379913214,
                    0.7272633211155737,
                    2.628250807500592
                ],
                [
                    -0.8727238767100292,
                    -0.22272623057095944,
                    0.43444914689278674,
                    2.3554619819863527
                ],
                [
                    -0.04867305879509233,
                    -0.845747558567835,
                    -0.5313586364444228,
                    -1.3513955752433278
                ],
                [
                    0.0,
                    0.0,
                    0.0,
                    1.0
                ]
            ],
            "is_bad": true,
            "mask_path": "DSC00050.png"
        },
        {
            "file_path": "DSC00047.JPG",
            "transform_matrix": [
                [
                    0.8441101164697868,
                    -0.015947711464708515,
                    0.5359326280162459,
                    2.6081790807650256
                ],
                [
                    -0.5361480233199042,
                    -0.03412566895656505,
                    0.843433895340011,
                    2.541178923176314
                ],
                [
                    0.004838219044267187,
                    -0.9992903027735753,
                    -0.037356156375814346,
                    -1.582958776625084
                ],
                [
                    0.0,
                    0.0,
                    0.0,
                    1.0
                ]
            ],
            "is_bad": true,
            "mask_path": "DSC00047.png"
        },
        {
            "file_path": "DSC00094.JPG",
            "transform_matrix": [
                [
                    -0.6352195731385221,
                    -0.03585776783716046,
                    -0.7714987455514429,
                    2.5406408098355096
                ],
                [
                    0.7707934584594015,
                    -0.09244556336716019,
                    -0.6303421786695884,
                    1.1930300423084017
                ],
                [
                    -0.04871897266885654,
                    -0.9950718759463884,
                    0.08636216418447695,
                    -1.6324842248358882
                ],
                [
                    0.0,
                    0.0,
                    0.0,
                    1.0
                ]
            ],
            "is_bad": true,
            "mask_path": "DSC00094.png"
        },
        {
            "file_path": "DSC00022.JPG",
            "transform_matrix": [
                [
                    -0.41119425531701953,
                    -0.029984771289650616,
                    0.9110544428764875,
                    2.6554783708459477
                ],
                [
                    -0.9113983520271975,
                    -0.004570136351467078,
                    -0.4114998879414599,
                    2.8324717698636053
                ],
                [
                    0.016502373053196604,
                    -0.9995399078298148,
                    -0.025448857325559564,
                    -1.6344155141874717
                ],
                [
                    0.0,
                    0.0,
                    0.0,
                    1.0
                ]
            ],
            "is_bad": true,
            "mask_path": "DSC00022.png"
        },
        {
            "file_path": "DSC00028.JPG",
            "transform_matrix": [
                [
                    -0.09238465614759493,
                    -0.31928408386203244,
                    0.9431451368166376,
                    2.272484208453194
                ],
                [
                    -0.994849578416258,
                    -0.010075792172026546,
                    -0.10086027333446287,
                    3.0546876739794695
                ],
                [
                    0.04170601435629018,
                    -0.9476054834183314,
                    -0.31670878762993776,
                    -1.4644042979767895
                ],
                [
                    0.0,
                    0.0,
                    0.0,
                    1.0
                ]
            ],
            "is_bad": false,
            "mask_path": "DSC00028.png"
        },
        {
            "file_path": "DSC00142.JPG",
            "transform_matrix": [
                [
                    -0.9668882983311443,
                    0.09239156560227972,
                    0.23788824509812093,
                    2.93457184203808
                ],
                [
                    -0.23937521058205774,
                    -0.005197951319942603,
                    -0.9709132246812127,
                    4.822768567185073
                ],
                [
                    -0.08846766137464857,
                    -0.9957091844045806,
                    0.027142088778599083,
                    -1.5929413985496084
                ],
                [
                    0.0,
                    0.0,
                    0.0,
                    1.0
                ]
            ],
            "is_bad": true,
            "mask_path": "DSC00142.png"
        },
        {
            "file_path": "DSC09972.JPG",
            "transform_matrix": [
                [
                    0.9257702661375548,
                    -0.1149279852858549,
                    0.3601957419705787,
                    2.6528210152513876
                ],
                [
                    -0.3714370291586148,
                    -0.4543461800393778,
                    0.8096938199427286,
                    6.143378650205378
                ],
                [
                    0.07059708000635623,
                    -0.8833804994914477,
                    -0.46330869343539915,
                    -1.4980423530169766
                ],
                [
                    0.0,
                    0.0,
                    0.0,
                    1.0
                ]
            ],
            "is_bad": false,
            "mask_path": "DSC09972.png"
        },
        {
            "file_path": "DSC00078.JPG",
            "transform_matrix": [
                [
                    0.6492812771845623,
                    -0.04540171355596429,
                    -0.7591920096416754,
                    2.248746469820844
                ],
                [
                    0.7547798070831501,
                    -0.08424592793710318,
                    0.6505459756585539,
                    1.9079933091957393
                ],
                [
                    -0.0934947373765321,
                    -0.9954101205192757,
                    -0.020431007089585805,
                    -1.576779334940309
                ],
                [
                    0.0,
                    0.0,
                    0.0,
                    1.0
                ]
            ],
            "is_bad": true,
            "mask_path": "DSC00078.png"
        },
        {
            "file_path": "DSC00068.JPG",
            "transform_matrix": [
                [
                    0.931616799850261,
                    -0.25539097530357596,
                    0.25858381227417876,
                    2.223087169701217
                ],
                [
                    -0.3370790415675765,
                    -0.34112622363956907,
                    0.8775024896154378,
                    1.6394140956795407
                ],
                [
                    -0.13589649727878914,
                    -0.9046592448424409,
                    -0.40388586599243814,
                    -1.4132452684481547
                ],
                [
                    0.0,
                    0.0,
                    0.0,
                    1.0
                ]
            ],
            "is_bad": true,
            "mask_path": "DSC00068.png"
        },
        {
            "file_path": "DSC00002.JPG",
            "transform_matrix": [
                [
                    0.9974159284476232,
                    -0.008796131537843612,
                    -0.07130283128273415,
                    2.717945342163501
