{
    "fl_x": 465.4172386720942,
    "fl_y": 466.33359758641933,
    "cx": 876.0,
    "cy": 584.0,
    "w": 1752,
    "h": 1168,
    "k1": 0.0,
    "k2": 0.0,
    "k3": 0.0,
    "k4": 0.0,
    "camera_model": "PINHOLE",
    "has_mask": false,
    "aabb_range": [
        [
            0.021224023774266243,
            0.05741601809859276,
            -2.945559024810791
        ],
        [
            3.8594040870666504,
            5.204086780548096,
            -0.07985950261354446
        ]
    ],
    "frames": [
        {
            "file_path": "DSC09244.JPG",
            "transform_matrix": [
                [
                    0.3009701101952191,
                    -0.2897460498601141,
                    0.9085506146382482,
                    2.835446058019659
                ],
                [
                    -0.9517785334686213,
                    -0.0318709932595055,
                    0.3051259789283338,
                    4.191923409286542
                ],
                [
                    -0.05945263658913,
                    -0.9565727710838906,
                    -0.2853662867675301,
                    -1.475898622006271
                ],
                [
                    0.0,
                    0.0,
                    0.0,
                    1.0
                ]
            ],
            "is_bad": false,
            "mask_path": "DSC09244.png"
        },
        {
            "file_path": "DSC00012.JPG",
            "transform_matrix": [
                [
                    0.09024201710852266,
                    -0.3900690531039255,
                    0.9163528316968259,
                    2.6465323742526263
                ],
                [
                    -0.9952753389695038,
                    -0.00222475777041025,
                    0.09706724520660995,
                    0.8066124162119642
                ],
                [
                    -0.035824265342393906,
                    -0.9207829191853362,
                    -0.3884268756783018,
                    -1.3580729553967419
                ],
                [
                    0.0,
                    0.0,
                    0.0,
                    1.0
                ]
            ],
            "is_bad": false,
            "mask_path": "DSC00012.png"
        },
        {
            "file_path": "DSC09700.JPG",
            "transform_matrix": [
                [
                    0.2643168436632227,
                    0.12172450736545826,
                    -0.9567234451305916,
                    0.7613555194896919
                ],
                [
                    0.9641554431696819,
                    -0.057272326915621286,
                    0.259083310878845,
                    2.6182686726873263
                ],
                [
                    -0.023256989534019452,
                    -0.9909102002080243,
                    -0.13249938702313988,
                    -1.557526552833136
                ],
                [
                    0.0,
                    0.0,
                    0.0,
                    1.0
                ]
            ],
            "is_bad": false,
            "mask_path": "DSC09700.png"
        },
        {
            "file_path": "DSC09929.JPG",
            "transform_matrix": [
                [
                    0.8080890105647166,
                    0.18284811395153625,
                    -0.5599631400627222,
                    0.7213772031343051
                ],
                [
                    0.5889298212906593,
                    -0.2707947395882942,
                    0.7614669228573623,
                    4.427905822624434
                ],
                [
                    -0.0124022820113798,
                    -0.9451120442760607,
                    -0.32651096025284704,
                    -1.3979909687526038
                ],
                [
                    0.0,
                    0.0,
                    0.0,
                    1.0
                ]
            ],
            "is_bad": false,
            "mask_path": "DSC09929.png"
        },
        {
            "file_path": "DSC08829.JPG",
            "transform_matrix": [
                [
                    0.007192304947917621,
                    -0.17575002435062928,
                    0.984408553239096,
                    3.3195498236254584
                ],
                [
                    -0.9996263881230744,
                    0.02469614524308165,
                    0.011712582044585773,
                    2.4651099771524576
                ],
                [
                    -0.026369583188869276,
                    -0.9841250069736498,
                    -0.1755067398465362,
                    -1.535504517533973
                ],
                [
                    0.0,
                    0.0,
                    0.0,
                    1.0
                ]
            ],
            "is_bad": false,
            "mask_path": "DSC08829.png"
        },
        {
            "file_path": "DSC09549.JPG",
            "transform_matrix": [
                [
                    0.5183769992029221,
                    0.14241213750489987,
                    -0.8432105726262327,
                    1.2713119565910307
                ],
                [
                    0.8544248726852125,
                    -0.12691329950419827,
                    0.5038364331266805,
                    1.2411578238320433
                ],
                [
                    -0.035262212554404586,
                    -0.9816373044563066,
                    -0.18746940781238108,
                    -1.5360729138166336
                ],
                [
                    0.0,
                    0.0,
                    0.0,
                    1.0
                ]
            ],
            "is_bad": false,
            "mask_path": "DSC09549.png"
        },
        {
            "file_path": "DSC09419.JPG",
            "transform_matrix": [
                [
                    -0.8982743960735021,
                    0.17252080891320562,
                    -0.40415304013544057,
                    2.1231681882935605
                ],
                [
                    0.43682650904250464,
                    0.2505048094135708,
                    -0.8639617708315627,
                    1.8919840872569318
                ],
                [
                    -0.04780910328090282,
                    -0.9526194995655949,
                    -0.3003837190842278,
                    -1.2759278781162156
                ],
                [
                    0.0,
                    0.0,
                    0.0,
                    1.0
                ]
            ],
            "is_bad": false,
            "mask_path": "DSC09419.png"
        },
        {
            "file_path": "DSC08957.JPG",
            "transform_matrix": [
                [
                    -0.6514001502833785,
                    -0.08647464425054634,
                    0.7537904086100681,
                    3.2809066717445474
                ],
                [
                    -0.7548788460602746,
                    0.1738919568251732,
                    -0.6323918999498809,
                    3.389380807561815
                ],
                [
                    -0.07639222461415858,
                    -0.9809606124882146,
                    -0.17855112647431368,
                    -1.5383969775675956
                ],
                [
                    0.0,
                    0.0,
                    0.0,
                    1.0
                ]
            ],
            "is_bad": false,
            "mask_path": "DSC08957.png"
        },
        {
            "file_path": "DSC09768.JPG",
            "transform_matrix": [
                [
                    -0.7543190603829464,
                    -0.06613180646960531,
                    -0.6531686913164587,
                    0.7245074365840823
                ],
                [
                    0.6559287399923467,
                    -0.11770264536322356,
                    -0.7455894147092965,
                    3.5461897187594986
                ],
                [
                    -0.027572507957040457,
                    -0.9908444234326426,
                    0.1321631013459999,
                    -1.6418761963314907
                ],
                [
                    0.0,
                    0.0,
                    0.0,
                    1.0
                ]
            ],
            "is_bad": false,
            "mask_path": "DSC09768.png"
        },
        {
            "file_path": "DSC09622.JPG",
            "transform_matrix": [
                [
                    0.9483077329552073,
                    -0.015309594286662995,
                    -0.3169827439153955,
                    0.6994582465487824
                ],
                [
                    0.3171275870155463,
                    0.008139021204844518,
                    0.948347958234489,
                    1.7458399713723627
                ],
                [
                    -0.011938893208858032,
                    -0.9998496750295042,
                    0.01257339144155681,
                    -1.623023546797061
                ],
                [
                    0.0,
                    0.0,
                    0.0,
                    1.0
                ]
            ],
            "is_bad": false,
            "mask_path": "DSC09622.png"
        },
        {
            "file_path": "DSC08709.JPG",
            "transform_matrix": [
                [
                    0.06839369175390209,
                    -0.2264727257723798,
                    0.9716133013753468,
                    3.1954931100727912
                ],
                [
                    -0.997254555254543,
                    0.012188565440690094,
                    0.0730396529055409,
                    1.7295928829801763
                ],
                [
                    -0.028384061589844734,
                    -0.9739412422491033,
                    -0.22501733642974595,
                    -1.5476504213988922
                ],
                [
                    0.0,
                    0.0,
                    0.0,
                    1.0
                ]
            ],
            "is_bad": false,
            "mask_path": "DSC08709.png"
        },
        {
            "file_path": "DSC09343.JPG",
            "transform_matrix": [
                [
                    -0.7044662412671361,
                    -0.3663481515506767,
                    0.6078785625191567,
                    2.741920395859254
                ],
                [
                    -0.7081520157420352,
                    0.4200316983406811,
                    -0.5675333426236178,
                    2.7759812438003517
                ],
                [
                    -0.047413473986273685,
                    -0.8302785100461448,
                    -0.555328333727092,
                    -1.3681464039674551
                ],
                [
                    0.0,
                    0.0,
                    0.0,
                    1.0
                ]
            ],
            "is_bad": false,
            "mask_path": "DSC09343.png"
        },
        {
            "file_path": "DSC09380.JPG",
            "transform_matrix": [
                [
                    -0.8796205894385668,
                    -0.13270333300977327,
                    0.45679037210064455,
                    2.5149504720391476
                ],
                [
                    -0.47345093510970615,
                    0.3370208405106097,
                    -0.8137943014701358,
                    1.427353401314441
                ],
                [
                    -0.045954658953066295,
                    -0.9320980519610685,
                    -0.3592789874886754,
                    -1.431323474738819
                ],
                [
                    0.0,
                    0.0,
                    0.0,
                    1.0
                ]
            ],
            "is_bad": false,
            "mask_path": "DSC09380.png"
        },
        {
            "file_path": "DSC09459.JPG",
            "transform_matrix": [
                [
                    -0.5855515328555322,
                    -0.16090590607528893,
                    -0.794505312606925,
                    1.845601350788651
                ],
                [
                    0.8105876570274265,
                    -0.12683446162762563,
                    -0.5717172986874001,
                    1.4439057535358766
                ],
                [
                    -0.008777963620574798,
                    -0.9787861404483215,
                    0.2046964548324059,
                    -1.5987476513556735
                ],
                [
                    0.0,
                    0.0,
                    0.0,
                    1.0
                ]
            ],
            "is_bad": false,
            "mask_path": "DSC09459.png"
        },
        {
            "file_path": "DSC09359.JPG",
            "transform_matrix": [
                [
                    0.1098576519162272,
                    -0.23636213389624114,
                    0.9654347404022027,
                    2.7973232470190585
                ],
                [
                    -0.9938685071270328,
                    -0.013889816874113184,
                    0.10969258647824283,
                    2.174742560494048
                ],
                [
                    -0.012517462064501848,
                    -0.9715657541552289,
                    -0.23643878382415345,
                    -1.499948191297592
                ],
                [
                    0.0,
                    0.0,
                    0.0,
                    1.0
                ]
            ],
            "is_bad": false,
            "mask_path": "DSC09359.png"
        },
        {
            "file_path": "DSC09123.JPG",
            "transform_matrix": [
                [
                    0.05886154389172569,
                    -0.44877199616245766,
                    0.8917056768413252,
                    3.317296137542317
                ],
                [
                    -0.9958000418597108,
                    0.036352849165062213,
                    0.08402825114080606,
                    3.924274369883288
                ],
                [
                    -0.07012556796834227,
                    -0.8929065829178021,
                    -0.4447473877373233,
                    -1.3113834353677671
                ],
                [
                    0.0,
                    0.0,
                    0.0,
                    1.0
                ]
            ],
            "is_bad": true,
            "mask_path": "DSC09123.png"
        },
        {
            "file_path": "DSC09302.JPG",
            "transform_matrix": [
                [
                    0.7618063244721489,
                    -0.28979027777816074,
                    0.5793726942991799,
                    2.799837805632004
                ],
                [
                    -0.6465376101715881,
                    -0.28420686537729634,
                    0.7079658016500667,
                    3.4186918100617687
                ],
                [
                    -0.04049990898564233,
                    -0.9139190623778821,
                    -0.40387090114848134,
                    -1.4032114466036458
                ],
                [
                    0.0,
                    0.0,
                    0.0,
                    1.0
                ]
            ],
            "is_bad": false,
            "mask_path": "DSC09302.png"
        },
        {
            "file_path": "DSC09725.JPG",
            "transform_matrix": [
                [
                    -0.17191376077416276,
                    0.4775102699921993,
                    -0.8616435463162601,
                    0.7377115688038358
                ],
                [
                    0.9845954870267297,
                    0.054967137529988566,
                    -0.1659829530956604,
                    3.0922861776800543
                ],
                [
                    -0.03189648543461842,
                    -0.876905100819773,
                    -0.47960406417500573,
                    -1.4689504905733248
                ],
                [
                    0.0,
                    0.0,
                    0.0,
                    1.0
                ]
            ],
            "is_bad": true,
            "mask_path": "DSC09725.png"
        },
        {
            "file_path": "DSC08899.JPG",
            "transform_matrix": [
                [
                    -0.8141071899089252,
                    0.006078198691263096,
                    0.5806828212021278,
                    3.275562732050832
                ],
                [
                    -0.5805596978826968,
                    0.014578117541704008,
                    -0.8140871671284909,
                    2.9218248613684166
                ],
                [
                    -0.013413445975747501,
                    -0.999875259214673,
                    -0.008339393110167667,
                    -1.5980252110525204
                ],
                [
                    0.0,
                    0.0,
                    0.0,
                    1.0
                ]
            ],
            "is_bad": false,
            "mask_path": "DSC08899.png"
        },
        {
            "file_path": "DSC09987.JPG",
            "transform_matrix": [
                [
                    0.8207171505688592,
                    0.09918696840565512,
                    -0.5626591366543587,
                    1.088591076675042
                ],
                [
                    0.5700830774557802,
                    -0.20732079560165384,
                    0.7949989764205009,
                    4.20905064743273
                ],
                [
                    -0.03779740150697292,
                    -0.9732317468155225,
                    -0.22669654481206333,
                    -1.5359755631908267
                ],
                [
                    0.0,
                    0.0,
                    0.0,
                    1.0
                ]
            ],
            "is_bad": false,
            "mask_path": "DSC09987.png"
        },
        {
            "file_path": "DSC09667.JPG",
            "transform_matrix": [
                [
                    0.9638129137879018,
                    -0.008278571244893628,
                    -0.2664509945070925,
                    0.6988207025353099
                ],
                [
                    0.2645249164135909,
                    -0.09415736459799738,
                    0.9597713057225369,
                    2.182380562101453
                ],
                [
                    -0.03303385857053233,
                    -0.9955229057887637,
                    -0.0885601955612065,
                    -1.5207174882777272
                ],
                [
                    0.0,
                    0.0,
                    0.0,
                    1.0
                ]
            ],
            "is_bad": false,
            "mask_path": "DSC09667.png"
        },
        {
            "file_path": "DSC00034.JPG",
            "transform_matrix": [
                [
                    0.9377335542695021,
                    -0.08392998088018312,
                    0.33706310908573045,
                    1.557966010356901
                ],
                [
                    -0.34481099881127325,
                    -0.10768448480925871,
                    0.9324748934047163,
                    1.7203323912209096
                ],
                [
                    -0.04196613272460488,
                    -0.9906360633657637,
                    -0.12991933521737342,
                    -1.432914232322568
                ],
                [
                    0.0,
                    0.0,
                    0.0,
                    1.0
                ]
            ],
            "is_bad": false,
            "mask_path": "DSC00034.png"
        },
        {
            "file_path": "DSC09287.JPG",
            "transform_matrix": [
                [
                    0.7399743364208595,
                    -0.002743876075763024,
                    0.6726295061789891,
                    2.9396601574756795
                ],
                [
                    -0.6726189301331233,
                    -0.009952902233895519,
                    0.7399221003346885,
                    3.7853140900978666
                ],
                [
                    0.004664361165595811,
                    -0.9999467040203718,
                    -0.009210475216486935,
                    -1.5752136741517806
                ],
                [
                    0.0,
                    0.0,
                    0.0,
                    1.0
                ]
            ],
            "is_bad": false,
            "mask_path": "DSC09287.png"
        },
        {
            "file_path": "DSC09859.JPG",
            "transform_matrix": [
                [
                    0.4338514442766874,
                    0.09637463569921097,
                    -0.8958151895859308,
                    0.7404786578692384
                ],
                [
                    0.9000056224800578,
                    -0.09268941995587972,
                    0.4259090876378742,
                    3.978962939510048
                ],
                [
                    -0.041985757148303,
                    -0.9910199801326346,
                    -0.12695115271078397,
                    -1.5508611267290653
                ],
                [
                    0.0,
                    0.0,
                    0.0,
                    1.0
                ]
            ],
            "is_bad": false,
            "mask_path": "DSC09859.png"
        },
        {
            "file_path": "DSC09577.JPG",
            "transform_matrix": [
                [
                    0.7383930715530883,
                    -0.04055258976803864,
                    -0.6731501759232492,
                    0.9685197889000048
                ],
                [
                    0.6737794433551751,
                    0.08614911540500224,
                    0.7338934470527216,
                    1.4541845657136598
                ],
                [
                    0.028230012298728596,
                    -0.995456587389948,
                    0.09093541129600086,
                    -1.6556943282976126
                ],
                [
                    0.0,
                    0.0,
                    0.0,
                    1.0
                ]
            ],
            "is_bad": false,
            "mask_path": "DSC09577.png"
        },
        {
            "file_path": "DSC08732.JPG",
            "transform_matrix": [
                [
                    -0.0528985268914592,
                    -0.34829149381302676,
                    0.9358925051469339,
                    3.2501996191147233
                ],
                [
                    -0.9972932830400235,
                    0.06635327113302095,
                    -0.03167571645913481,
                    2.0840802889751333
                ],
                [
                    -0.05106714654222678,
                    -0.9350349077694577,
                    -0.3508587576170739,
                    -1.4942029691020144
                ],
                [
                    0.0,
                    0.0,
                    0.0,
                    1.0
                ]
            ],
            "is_bad": false,
            "mask_path": "DSC08732.png"
        },
        {
            "file_path": "DSC09404.JPG",
            "transform_matrix": [
                [
                    -0.9976219820547056,
                    0.024462844032764646,
                    0.06443562821195863,
                    2.2687335614237307
                ],
                [
                    -0.05873523150296522,
                    0.1874250016023162,
                    -0.9805213110150466,
                    1.662273019537538
                ],
                [
                    -0.03606318762303516,
                    -0.9819742552817771,
                    -0.18554247077762415,
                    -1.4953954259479063
                ],
                [
                    0.0,
                    0.0,
                    0.0,
                    1.0
                ]
            ],
            "is_bad": false,
            "mask_path": "DSC09404.png"
        },
        {
            "file_path": "DSC09322.JPG",
            "transform_matrix": [
                [
                    -0.07522371026879039,
                    -0.5050512675265039,
                    0.8598049840418868,
                    2.852022109726314
                ],
                [
                    -0.9953235008694993,
                    0.09043120756443809,
                    -0.03396064362349755,
                    3.095378373159536
                ],
                [
                    -0.060601336868766904,
                    -0.8583387523980899,
                    -0.5094919666701421,
                    -1.3655112522058444
                ],
                [
                    0.0,
                    0.0,
                    0.0,
                    1.0
                ]
            ],
            "is_bad": false,
            "mask_path": "DSC09322.png"
        },
        {
            "file_path": "DSC09893.JPG",
            "transform_matrix": [
                [
                    0.06204659312040362,
                    -0.3164976954472894,
                    -0.9465618992219714,
                    0.6844157310724089
                ],
                [
                    0.9980652852007419,
                    0.023465145428228737,
                    0.05757667433252536,
                    4.28728251981368
                ],
                [
                    0.003988327884300594,
                    -0.9483030083926691,
                    0.3173412950028729,
                    -1.6769462624015172
                ],
                [
                    0.0,
                    0.0,
                    0.0,
                    1.0
                ]
            ],
            "is_bad": true,
            "mask_path": "DSC09893.png"
        },
        {
            "file_path": "DSC09043.JPG",
            "transform_matrix": [
                [
                    0.12251264588338462,
                    -0.21114049096095686,
                    0.9697475675016768,
                    3.258396935927269
                ],
                [
                    -0.9921110082643897,
                    0.00011248700900670769,
                    0.12536241313603605,
                    3.700787341262518
                ],
                [
                    -0.026578165460952787,
                    -0.9774557178836489,
                    -0.20946102429161287,
                    -1.5593676050590002
                ],
                [
                    0.0,
                    0.0,
                    0.0,
                    1.0
                ]
            ],
            "is_bad": false,
            "mask_path": "DSC09043.png"
        },
        {
            "file_path": "DSC09532.JPG",
            "transform_matrix": [
                [
                    0.5857829124447493,
                    0.24565909986608492,
                    -0.7723405894686182,
                    1.564059147865537
                ],
                [
                    0.8099512589062436,
                    -0.21146627258367517,
                    0.5470475059405334,
                    1.296220898008285
                ],
                [
                    -0.028936787726669078,
                    -0.9460093140199797,
                    -0.3228452262362106,
                    -1.4640627879929895
                ],
                [
                    0.0,
                    0.0,
                    0.0,
                    1.0
                ]
            ],
            "is_bad": false,
            "mask_path": "DSC09532.png"
        },
        {
            "file_path": "DSC09165.JPG",
            "transform_matrix": [
                [
                    0.04428447574336029,
                    -0.09220717147478782,
                    0.9947546042802493,
                    3.111017974387391
                ],
                [
                    -0.9984321777688522,
                    0.030037915911488446,
                    0.047232510026919264,
                    4.027426530647827
                ],
                [
                    -0.034235531307172884,
                    -0.9952866728417065,
                    -0.09073239366291568,
                    -1.5080521669301072
                ],
                [
                    0.0,
                    0.0,
                    0.0,
                    1.0
                ]
            ],
            "is_bad": false,
            "mask_path": "DSC09165.png"
        },
        {
            "file_path": "DSC09650.JPG",
            "transform_matrix": [
                [
                    0.9703578056727321,
                    0.011741621201194692,
                    -0.24138737187675655,
                    0.8995497499865764
                ],
                [
                    0.24007359871236036,
                    0.06788125866693767,
                    0.9683784394146168,
                    1.9587442043751906
                ],
                [
                    0.02775601144430899,
                    -0.9976243125813242,
                    0.06305025594986469,
                    -1.5633766175875325
                ],
                [
                    0.0,
                    0.0,
                    0.0,
                    1.0
                ]
            ],
            "is_bad": false,
            "mask_path": "DSC09650.png"
        },
        {
            "file_path": "DSC08929.JPG",
            "transform_matrix": [
                [
                    -0.734867349019265,
                    -0.1375815243789497,
                    0.6641094062689983,
                    3.0940415066127502
                ],
                [
                    -0.6779852524542522,
                    0.17428064762698942,
                    -0.7141164144012232,
                    3.1519449927707455
                ],
                [
                    -0.017492192542386816,
                    -0.975037219808701,
                    -0.22135140204610876,
                    -1.527816283982513
                ],
                [
                    0.0,
                    0.0,
                    0.0,
                    1.0
                ]
            ],
            "is_bad": false,
            "mask_path": "DSC08929.png"
        },
        {
            "file_path": "DSC09436.JPG",
            "transform_matrix": [
                [
                    -0.912349881220027,
                    0.08908638727227196,
                    -0.39960143873687104,
                    1.9912972620333473
                ],
                [
                    0.407256197253684,
                    0.09746184419674457,
                    -0.9080988815785636,
                    1.6509552815827664
                ],
                [
                    -0.04195335548285701,
                    -0.9912440691013209,
                    -0.1252002852839591,
                    -1.4889502875216853
                ],
                [
                    0.0,
                    0.0,
                    0.0,
                    1.0
                ]
            ],
            "is_bad": false,
            "mask_path": "DSC09436.png"
        },
        {
            "file_path": "DSC09742.JPG",
            "transform_matrix": [
                [
                    -0.6687745215534519,
                    0.19073959813030672,
                    -0.7185812723875014,
                    0.640466446199957
                ],
                [
                    0.7425958927419563,
                    0.12464813274974682,
                    -0.6580381319382475,
                    3.3343333792645633
                ],
                [
                    -0.0359441150082799,
                    -0.9736946383271763,
                    -0.22500393749706013,
                    -1.535666443532867
                ],
                [
                    0.0,
                    0.0,
                    0.0,
                    1.0
                ]
            ],
            "is_bad": false,
            "mask_path": "DSC09742.png"
        },
        {
            "file_path": "DSC09708.JPG",
            "transform_matrix": [
                [
                    0.009822966503475306,
                    0.12453003261548484,
                    -0.9921672138837574,
                    0.7151483472598946
                ],
                [
                    0.9999359301297833,
                    -0.006805155881308595,
                    0.009045744243353887,
                    2.8684103349523618
                ],
                [
                    -0.005625385725146419,
                    -0.9921925019018321,
                    -0.12458890081073011,
                    -1.558541378262376
                ],
                [
                    0.0,
                    0.0,
                    0.0,
                    1.0
                ]
            ],
            "is_bad": false,
            "mask_path": "DSC09708.png"
        },
        {
            "file_path": "DSC09020.JPG",
            "transform_matrix": [
                [
                    -0.2977313570629224,
                    0.03547763284867158,
                    0.9539902392524389,
                    3.1175105221640598
                ],
                [
                    -0.9546434307576538,
                    -0.007444537478745767,
                    -0.2976583594878276,
                    3.527566776854215
                ],
                [
                    -0.003458197901774541,
                    -0.9993427422206969,
                    0.03608496138406867,
                    -1.6384658368993283
                ],
                [
                    0.0,
                    0.0,
                    0.0,
                    1.0
                ]
            ],
            "is_bad": false,
            "mask_path": "DSC09020.png"
        },
        {
            "file_path": "DSC08852.JPG",
            "transform_matrix": [
                [
                    -0.3923629679467283,
                    -0.12848998984977777,
                    0.9107917566010568,
                    3.3417647703106512
                ],
                [
                    -0.9191046780525592,
                    0.0935508630837441,
                    -0.38274642623829774,
                    2.7036637351677686
                ],
                [
                    -0.03602627049719063,
                    -0.987288487993601,
                    -0.15480164504737276,
                    -1.544268321810465
                ],
                [
                    0.0,
                    0.0,
                    0.0,
                    1.0
                ]
            ],
            "is_bad": false,
            "mask_path": "DSC08852.png"
        },
        {
            "file_path": "DSC09273.JPG",
            "transform_matrix": [
                [
                    0.3550860403499061,
                    0.13246097282545768,
                    0.9254015315671134,
                    2.88915441458805
                ],
                [
                    -0.9348302230598908,
                    0.047643562600666156,
                    0.35188427784786414,
                    4.0091149828309485
                ],
                [
                    0.00252150796574148,
                    -0.9900425150572327,
                    0.14074608476518513,
                    -1.6141700666740126
                ],
                [
                    0.0,
                    0.0,
                    0.0,
                    1.0
                ]
            ],
            "is_bad": false,
            "mask_path": "DSC09273.png"
        },
        {
            "file_path": "DSC09964.JPG",
            "transform_matrix": [
                [
                    0.5123336277302922,
                    0.01474224660157589,
                    -0.8586599560139373,
                    0.8902098796857012
                ],
                [
                    0.8584406856235149,
                    -0.03716315273006003,
                    0.5115647459954525,
                    4.362157531332029
                ],
                [
                    -0.024368897450395104,
                    -0.9992004634928372,
                    -0.03169527713637431,
                    -1.5424550831137298
                ],
                [
                    0.0,
                    0.0,
                    0.0,
                    1.0
                ]
            ],
            "is_bad": false,
            "mask_path": "DSC09964.png"
        },
        {
            "file_path": "DSC09680.JPG",
            "transform_matrix": [
                [
                    0.9884303194227532,
                    -0.005987890598347606,
                    -0.15155741094389094,
                    0.7133234858063993
                ],
                [
                    0.14528677846021665,
                    -0.24957356224585536,
                    0.9573947926704873,
                    2.4066720382806643
                ],
                [
                    -0.04355749821196402,
                    -0.9683373287207799,
                    -0.24581611451533883,
                    -1.4717585737628456
                ],
                [
                    0.0,
                    0.0,
                    0.0,
                    1.0
                ]
            ],
            "is_bad": false,
            "mask_path": "DSC09680.png"
        },
        {
            "file_path": "DSC09808.JPG",
            "transform_matrix": [
                [
                    0.05085254553032584,
                    0.06947234380281817,
                    -0.9962869125204995,
                    0.6801622220729017
                ],
                [
                    0.9983997448940145,
                    -0.028246369506114963,
                    0.048990733871728996,
                    3.758761741256909
                ],
                [
                    -0.024737987158471336,
                    -0.9971839028264884,
                    -0.07079757012129906,
                    -1.5696712424739816
                ],
                [
                    0.0,
                    0.0,
                    0.0,
                    1.0
                ]
            ],
            "is_bad": false,
            "mask_path": "DSC09808.png"
        },
        {
            "file_path": "DSC08651.JPG",
            "transform_matrix": [
                [
                    -0.6469118680406046,
                    -0.00799167690853269,
