{
    "fl_x": 624.3630439937987,
    "fl_y": 625.1560341060883,
    "cx": 876.0,
    "cy": 584.0,
    "w": 1752,
    "h": 1168,
    "k1": 0.0,
    "k2": 0.0,
    "k3": 0.0,
    "k4": 0.0,
    "camera_model": "PINHOLE",
    "has_mask": false,
    "aabb_range": [
        [
            0.06386695057153702,
            0.16340592503547668,
            -3.3130080699920654
        ],
        [
            7.518050193786621,
            9.885103225708008,
            -0.002344476990401745
        ]
    ],
    "frames": [
        {
            "file_path": "DSC03183.JPG",
            "transform_matrix": [
                [
                    0.5694868544034051,
                    -0.035903809290470795,
                    -0.8212159515865167,
                    3.627721283476515
                ],
                [
                    0.821563862036908,
                    -0.007695306743076112,
                    0.5700645602465833,
                    2.5235197222703514
                ],
                [
                    -0.026786997904114693,
                    -0.9993256219734202,
                    0.025114896191732107,
                    -1.5216742754450427
                ],
                [
                    0.0,
                    0.0,
                    0.0,
                    1.0
                ]
            ],
            "is_bad": false,
            "mask_path": "DSC03183.png"
        },
        {
            "file_path": "DSC03029.JPG",
            "transform_matrix": [
                [
                    0.5264439225781946,
                    -0.20774388671810506,
                    0.8244387629846975,
                    5.97768702145547
                ],
                [
                    -0.8498485302073293,
                    -0.1003114339826977,
                    0.5173925897389484,
                    8.997405055793694
                ],
                [
                    -0.024784513005598523,
                    -0.9730262554235573,
                    -0.2293591815722342,
                    -1.5022123952786273
                ],
                [
                    0.0,
                    0.0,
                    0.0,
                    1.0
                ]
            ],
            "is_bad": false,
            "mask_path": "DSC03029.png"
        },
        {
            "file_path": "DSC03236.JPG",
            "transform_matrix": [
                [
                    -0.5507123039900175,
                    -0.1769640885913046,
                    0.8157203378505746,
                    1.1598948205150639
                ],
                [
                    -0.8341881386006496,
                    0.15074221403334706,
                    -0.5304780243575683,
                    8.061501637103282
                ],
                [
                    -0.02908792966147251,
                    -0.9726050052602927,
                    -0.2306369356600021,
                    -1.455289647118792
                ],
                [
                    0.0,
                    0.0,
                    0.0,
                    1.0
                ]
            ],
            "is_bad": false,
            "mask_path": "DSC03236.png"
        },
        {
            "file_path": "DSC03092.JPG",
            "transform_matrix": [
                [
                    -0.9890592013141404,
                    0.03538486913368567,
                    -0.14321245522728324,
                    6.360971030680436
                ],
                [
                    0.1458700760454035,
                    0.37934196970003264,
                    -0.9136857178147242,
                    5.1723806047875085
                ],
                [
                    0.021995845297303633,
                    -0.9245796780486208,
                    -0.3803532591278344,
                    -1.0005002121999556
                ],
                [
                    0.0,
                    0.0,
                    0.0,
                    1.0
                ]
            ],
            "is_bad": false,
            "mask_path": "DSC03092.png"
        },
        {
            "file_path": "DSC03074.JPG",
            "transform_matrix": [
                [
                    0.08945626592348044,
                    0.39943064257878846,
                    -0.9123884799010366,
                    -0.2600861739904191
                ],
                [
                    0.9916412096792614,
                    -0.12123700786698163,
                    0.04415086850009449,
                    5.156070790074074
                ],
                [
                    -0.09298003954010105,
                    -0.9087115877397834,
                    -0.4069372956053102,
                    -1.2781201871511148
                ],
                [
                    0.0,
                    0.0,
                    0.0,
                    1.0
                ]
            ],
            "is_bad": false,
            "mask_path": "DSC03074.png"
        },
        {
            "file_path": "DSC03267.JPG",
            "transform_matrix": [
                [
                    0.8989235919149078,
                    -0.17177670455498592,
                    0.4030249864103088,
                    4.165793837650617
                ],
                [
                    -0.43809516328642334,
                    -0.34614988293968424,
                    0.8296100809692979,
                    6.790160275454063
                ],
                [
                    -0.003000633906804845,
                    -0.9223193711036712,
                    -0.38641683954388606,
                    -1.2978926957189496
                ],
                [
                    0.0,
                    0.0,
                    0.0,
                    1.0
                ]
            ],
            "is_bad": false,
            "mask_path": "DSC03267.png"
        },
        {
            "file_path": "DSC03142.JPG",
            "transform_matrix": [
                [
                    0.20588711350779107,
                    -0.28860443430834976,
                    0.935049718993053,
                    6.647484482473257
                ],
                [
                    -0.9721029106881146,
                    0.04940087247801013,
                    0.22929344698465803,
                    2.544708262155953
                ],
                [
                    -0.1123673774861938,
                    -0.9561731194171738,
                    -0.27038220758937936,
                    -1.21975310484426
                ],
                [
                    0.0,
                    0.0,
                    0.0,
                    1.0
                ]
            ],
            "is_bad": false,
            "mask_path": "DSC03142.png"
        },
        {
            "file_path": "DSC03365.JPG",
            "transform_matrix": [
                [
                    -0.745608509143717,
                    0.10588150534962765,
                    -0.657918732000679,
                    1.6904800968460045
                ],
                [
                    0.6654762792313461,
                    0.16982908190687274,
                    -0.7268420768771388,
                    1.5466168075694502
                ],
                [
                    0.03477460097380815,
                    -0.9797689471317031,
                    -0.1970876387893137,
                    -1.3069642612854087
                ],
                [
                    0.0,
                    0.0,
                    0.0,
                    1.0
                ]
            ],
            "is_bad": false,
            "mask_path": "DSC03365.png"
        },
        {
            "file_path": "DSC03318.JPG",
            "transform_matrix": [
                [
                    -0.06424468032206336,
                    -0.22510031340201064,
                    0.9722152384922963,
                    4.2942557512392066
                ],
                [
                    -0.9975871023907292,
                    -0.011205613947255423,
                    -0.06851574534173778,
                    4.233311674365903
                ],
                [
                    0.026317184385581054,
                    -0.9742711548241494,
                    -0.22383726830810305,
                    -1.1994232434182537
                ],
                [
                    0.0,
                    0.0,
                    0.0,
                    1.0
                ]
            ],
            "is_bad": false,
            "mask_path": "DSC03318.png"
        },
        {
            "file_path": "DSC03054.JPG",
            "transform_matrix": [
                [
                    -0.6806532287460975,
                    0.2874524712993948,
                    -0.6738562598517458,
                    6.133549597266686
                ],
                [
                    0.731418110077921,
                    0.21428177463622294,
                    -0.6473877271842532,
                    6.872587870056735
                ],
                [
                    -0.04169808685725211,
                    -0.9335172188035,
                    -0.35609952506261994,
                    -1.482980997581811
                ],
                [
                    0.0,
                    0.0,
                    0.0,
                    1.0
                ]
            ],
            "is_bad": false,
            "mask_path": "DSC03054.png"
        },
        {
            "file_path": "DSC03256.JPG",
            "transform_matrix": [
                [
                    0.9226006700433265,
                    0.08419478271431846,
                    -0.37645616238719326,
                    2.9725491230397605
                ],
                [
                    0.3857563524867643,
                    -0.20085889331519927,
                    0.9004708443321751,
                    8.05258936275718
                ],
                [
                    0.00020037892034818167,
                    -0.9759953604089935,
                    -0.21779122183505478,
                    -1.4435760338483865
                ],
                [
                    0.0,
                    0.0,
                    0.0,
                    1.0
                ]
            ],
            "is_bad": false,
            "mask_path": "DSC03256.png"
        },
        {
            "file_path": "DSC03158.JPG",
            "transform_matrix": [
                [
                    0.33948734427328897,
                    -0.22983273085487044,
                    0.9120993689867696,
                    5.173452912237897
                ],
                [
                    -0.9405157732717987,
                    -0.09671384367320875,
                    0.3256938941228518,
                    2.53614418327115
                ],
                [
                    0.013357518677606465,
                    -0.9684127984851026,
                    -0.2489944345262185,
                    -1.3906165467727423
                ],
                [
                    0.0,
                    0.0,
                    0.0,
                    1.0
                ]
            ],
            "is_bad": false,
            "mask_path": "DSC03158.png"
        },
        {
            "file_path": "DSC03288.JPG",
            "transform_matrix": [
                [
                    0.6760605553818793,
                    0.21187179979554555,
                    -0.7057283230168252,
                    4.9955904044186195
                ],
                [
                    0.7368274990410063,
                    -0.1875894954489456,
                    0.6495347703196385,
                    5.459102337171847
                ],
                [
                    0.005230880778651443,
                    -0.9591248728130272,
                    -0.2829348268376893,
                    -1.3524207758623261
                ],
                [
                    0.0,
                    0.0,
                    0.0,
                    1.0
                ]
            ],
            "is_bad": false,
            "mask_path": "DSC03288.png"
        },
        {
            "file_path": "DSC03312.JPG",
            "transform_matrix": [
                [
                    -0.07963597113910086,
                    -0.26700841069804837,
                    0.9603981573895456,
                    5.610094975992009
                ],
                [
                    -0.996079247593839,
                    -0.015921063246977597,
                    -0.0870209874569139,
                    4.2128670272195405
                ],
                [
                    0.038525895364325075,
                    -0.9635626748487033,
                    -0.2646936474960984,
                    -1.1975956912116394
                ],
                [
                    0.0,
                    0.0,
                    0.0,
                    1.0
                ]
            ],
            "is_bad": false,
            "mask_path": "DSC03312.png"
        },
        {
            "file_path": "DSC03209.JPG",
            "transform_matrix": [
                [
                    -0.9905505114014949,
                    -0.03247780256866853,
                    0.13324742662636485,
                    2.1958828506805084
                ],
                [
                    -0.13713072224583958,
                    0.21893993522683514,
                    -0.9660540718713444,
                    2.6545772615208243
                ],
                [
                    0.0022021304621775302,
                    -0.9751976707843291,
                    -0.22132476932835154,
                    -1.4340747884680354
                ],
                [
                    0.0,
                    0.0,
                    0.0,
                    1.0
                ]
            ],
            "is_bad": true,
            "mask_path": "DSC03209.png"
        },
        {
            "file_path": "DSC03049.JPG",
            "transform_matrix": [
                [
                    0.6826506375061875,
                    0.2645198406051313,
                    -0.6811881979590011,
                    5.568025838514442
                ],
                [
                    0.7307257100134494,
                    -0.2538593244485151,
                    0.6337155356434647,
                    7.928939096851049
                ],
                [
                    -0.0052956432787685075,
                    -0.9303680440109597,
                    -0.36658867801049794,
                    -1.3569864794171025
                ],
                [
                    0.0,
                    0.0,
                    0.0,
                    1.0
                ]
            ],
            "is_bad": false,
            "mask_path": "DSC03049.png"
        },
        {
            "file_path": "DSC03330.JPG",
            "transform_matrix": [
                [
                    0.966640353831511,
                    -0.04565110588822154,
                    0.2520365109972624,
                    3.3918537108965814
                ],
                [
                    -0.2558562396761519,
                    -0.1259925712971637,
                    0.9584693300240276,
                    3.7713144459305172
                ],
                [
                    -0.01200045679422851,
                    -0.9909802462759341,
                    -0.1334696239884502,
                    -1.2972279117157979
                ],
                [
                    0.0,
                    0.0,
                    0.0,
                    1.0
                ]
            ],
            "is_bad": true,
            "mask_path": "DSC03330.png"
        },
        {
            "file_path": "DSC03245.JPG",
            "transform_matrix": [
                [
                    -0.5608746160621522,
                    -0.2832805773885178,
                    0.7779278755331764,
                    1.542296460449424
                ],
                [
                    -0.8240460628218091,
                    0.28158763397658393,
                    -0.49158569012873465,
                    8.975672822377444
                ],
                [
                    -0.07979819174021667,
                    -0.9167663382050507,
                    -0.39137160056536324,
                    -1.3777371154438924
                ],
                [
                    0.0,
                    0.0,
                    0.0,
                    1.0
                ]
            ],
            "is_bad": false,
            "mask_path": "DSC03245.png"
        },
        {
            "file_path": "DSC03280.JPG",
            "transform_matrix": [
                [
                    0.5651276537755189,
                    -0.31076315754823175,
                    0.7642362166561001,
                    4.236326116948606
                ],
                [
                    -0.8225398705233227,
                    -0.2837724299250771,
                    0.49285025049592024,
                    6.0016019931139
                ],
                [
                    0.0637094681947002,
                    -0.9071380644229794,
                    -0.41598273490287785,
                    -0.7782437009634898
                ],
                [
                    0.0,
                    0.0,
                    0.0,
                    1.0
                ]
            ],
            "is_bad": false,
            "mask_path": "DSC03280.png"
        },
        {
            "file_path": "DSC03119.JPG",
            "transform_matrix": [
                [
                    0.10884904307367728,
                    -0.32802905526968457,
                    0.938375630928693,
                    6.546885564519552
                ],
                [
                    -0.9940462647768193,
                    -0.03127523062062318,
                    0.10437376793466421,
                    4.209190949144501
                ],
                [
                    -0.004889714224477516,
                    -0.9441497756439412,
                    -0.3294803360540618,
                    -1.3143873665029375
                ],
                [
                    0.0,
                    0.0,
                    0.0,
                    1.0
                ]
            ],
            "is_bad": false,
            "mask_path": "DSC03119.png"
        },
        {
            "file_path": "DSC03072.JPG",
            "transform_matrix": [
                [
                    -0.9974301783074407,
                    0.07110286776161082,
                    -0.008798954350461997,
                    5.9848844532237075
                ],
                [
                    0.037120608266202545,
                    0.4078302973225367,
                    -0.9123028603636832,
                    5.951883857061799
                ],
                [
                    -0.06127886947010216,
                    -0.9102850272205327,
                    -0.4094216278783764,
                    -1.4242032570234502
                ],
                [
                    0.0,
                    0.0,
                    0.0,
                    1.0
                ]
            ],
            "is_bad": true,
            "mask_path": "DSC03072.png"
        },
        {
            "file_path": "DSC03251.JPG",
            "transform_matrix": [
                [
                    0.9821195562096986,
                    0.05975341445854967,
                    -0.17852368686258274,
                    2.1383026232708024
                ],
                [
                    0.18612963945968472,
                    -0.1660014882287512,
                    0.9684003630835994,
                    8.339974575977235
                ],
                [
                    0.028230030553872167,
                    -0.9843134842957221,
                    -0.17415518943902542,
                    -1.4912622452768118
                ],
                [
                    0.0,
                    0.0,
                    0.0,
                    1.0
                ]
            ],
            "is_bad": true,
            "mask_path": "DSC03251.png"
        },
        {
            "file_path": "DSC03264.JPG",
            "transform_matrix": [
                [
                    0.9970675702095075,
                    -0.06203160577207813,
                    0.044814510170768186,
                    3.811173654539152
                ],
                [
                    -0.06089817010641825,
                    -0.2885279839894433,
                    0.955532843670314,
                    7.585225356566381
                ],
                [
                    -0.04634299638778334,
                    -0.9554599323573567,
                    -0.2914595072140842,
                    -1.3733905128652082
                ],
                [
                    0.0,
                    0.0,
                    0.0,
                    1.0
                ]
            ],
            "is_bad": false,
            "mask_path": "DSC03264.png"
        },
        {
            "file_path": "DSC03338.JPG",
            "transform_matrix": [
                [
                    0.977432234272748,
                    0.0378844645495421,
                    -0.2078244325154746,
                    4.98803879420025
                ],
                [
                    0.20984654071182404,
                    -0.2873054547640519,
                    0.9345694222550309,
                    3.356456717006554
                ],
                [
                    -0.02430343094843294,
                    -0.9570895167164961,
                    -0.28877153640121644,
                    -1.2755673667450285
                ],
                [
                    0.0,
                    0.0,
                    0.0,
                    1.0
                ]
            ],
            "is_bad": false,
            "mask_path": "DSC03338.png"
        },
        {
            "file_path": "DSC03153.JPG",
            "transform_matrix": [
                [
                    0.20561771620993025,
                    -0.25241287115967037,
                    0.9455205430097984,
                    5.920167722010292
                ],
                [
                    -0.9784475581569421,
                    -0.03424682060606419,
                    0.20363578078297886,
                    2.451795134822308
                ],
                [
                    -0.019019219682467968,
                    -0.9670133906783854,
                    -0.2540145104740323,
                    -1.3732198980991244
                ],
                [
                    0.0,
                    0.0,
                    0.0,
                    1.0
                ]
            ],
            "is_bad": false,
            "mask_path": "DSC03153.png"
        },
        {
            "file_path": "DSC03165.JPG",
            "transform_matrix": [
                [
                    0.4713208984013216,
                    -0.17011776088349154,
                    0.8653996522775809,
                    4.3624841756641315
                ],
                [
                    -0.8817473460214788,
                    -0.06925206205517483,
                    0.4666109403830813,
                    2.569855948151086
                ],
                [
                    -0.0194480979596562,
                    -0.9829873342689075,
                    -0.1826408282741237,
                    -1.4334768041904895
                ],
                [
                    0.0,
                    0.0,
                    0.0,
                    1.0
                ]
            ],
            "is_bad": false,
            "mask_path": "DSC03165.png"
        },
        {
            "file_path": "DSC03204.JPG",
            "transform_matrix": [
                [
                    -0.9266217233137022,
                    -0.039483824129772714,
                    0.3739160460788403,
                    3.0674251186274977
                ],
                [
                    -0.3759539386923523,
                    0.11197829828301509,
                    -0.9198475399191688,
                    2.9156194362875847
                ],
                [
                    -0.005551384048249601,
                    -0.9929259228893812,
                    -0.1186056229249672,
                    -1.4830098786038313
                ],
                [
                    0.0,
                    0.0,
                    0.0,
                    1.0
                ]
            ],
            "is_bad": false,
            "mask_path": "DSC03204.png"
        },
        {
            "file_path": "DSC03116.JPG",
            "transform_matrix": [
                [
                    0.4360528397568629,
                    -0.15974976483077455,
                    0.8856285528236361,
                    6.054281162019663
                ],
                [
                    -0.8998233820919326,
                    -0.06289809769626444,
                    0.43169631727271807,
                    4.784992436861147
                ],
                [
                    -0.013259033924525812,
                    -0.9851516847382964,
                    -0.17117346779417936,
                    -1.4605452406287738
                ],
                [
                    0.0,
                    0.0,
                    0.0,
                    1.0
                ]
            ],
            "is_bad": false,
            "mask_path": "DSC03116.png"
        },
        {
            "file_path": "DSC03223.JPG",
            "transform_matrix": [
                [
                    -0.9601187837621328,
                    0.04566604974084606,
                    0.275837874426607,
                    1.7571655638359667
                ],
                [
                    -0.27862578300408136,
                    -0.07430823078328558,
                    -0.9575207360069127,
                    2.1686797290752784
                ],
                [
                    -0.02322916512672037,
                    -0.9961891882262746,
                    0.08406846702891127,
                    -1.5800159099163145
                ],
                [
                    0.0,
                    0.0,
                    0.0,
                    1.0
                ]
            ],
            "is_bad": false,
            "mask_path": "DSC03223.png"
        },
        {
            "file_path": "DSC03286.JPG",
            "transform_matrix": [
                [
                    0.9992275784243577,
                    0.010795486178058105,
                    -0.03778497048263832,
                    4.286366501804145
                ],
                [
                    0.039284024738121204,
                    -0.2990273911636924,
                    0.9534355692621346,
                    5.710108279203768
                ],
                [
                    -0.0010059406389822509,
                    -0.9541834607726208,
                    -0.29922050610112866,
                    -1.3705716662108147
                ],
                [
                    0.0,
                    0.0,
                    0.0,
                    1.0
                ]
            ],
            "is_bad": true,
            "mask_path": "DSC03286.png"
        },
        {
            "file_path": "DSC03040.JPG",
            "transform_matrix": [
                [
                    0.9627548177518498,
                    0.07828909286163875,
                    -0.25879331296326624,
                    5.9257800377030385
                ],
                [
                    0.2692020093185793,
                    -0.366659701227613,
                    0.8905565347997376,
                    8.392471058635586
                ],
                [
                    -0.025168215559339024,
                    -0.9270552742067638,
                    -0.37407897493841996,
                    -1.3562555416761468
                ],
                [
                    0.0,
                    0.0,
                    0.0,
                    1.0
                ]
            ],
            "is_bad": false,
            "mask_path": "DSC03040.png"
        },
        {
            "file_path": "DSC03317.JPG",
            "transform_matrix": [
                [
                    -0.1441890482886117,
                    -0.2810413546560278,
                    0.9488020211438891,
                    5.040272778739256
                ],
                [
                    -0.9887499319050405,
                    0.0023653740540764715,
                    -0.14955927642029299,
                    4.213287789134861
                ],
                [
                    0.03978806996326537,
                    -0.9596927435271608,
                    -0.2782206813123514,
                    -1.180828303148785
                ],
                [
                    0.0,
                    0.0,
                    0.0,
                    1.0
                ]
            ],
            "is_bad": false,
            "mask_path": "DSC03317.png"
        },
        {
            "file_path": "DSC03107.JPG",
            "transform_matrix": [
                [
                    -0.30667977912286093,
                    -0.17692510173764095,
                    0.9352245834302473,
                    6.1190423527300295
                ],
                [
                    -0.9518123815239212,
                    0.05787213394598665,
                    -0.3011710585204048,
                    5.315752263856698
                ],
                [
                    -0.0008387221926990738,
                    -0.9825214117196956,
                    -0.18614771569219055,
                    -1.462927522201345
                ],
                [
                    0.0,
                    0.0,
                    0.0,
                    1.0
                ]
            ],
            "is_bad": false,
            "mask_path": "DSC03107.png"
        },
        {
            "file_path": "DSC03359.JPG",
            "transform_matrix": [
                [
                    0.9283564512004474,
                    0.13661899620162135,
                    -0.34567260434025193,
                    2.144068651008275
                ],
                [
                    0.371690900040909,
                    -0.3401822665120814,
                    0.8637834800327465,
                    1.7986903911052687
                ],
                [
                    0.0004175419620162873,
                    -0.9303823275554866,
                    -0.3665904393613469,
                    -1.2295442791358016
                ],
                [
                    0.0,
                    0.0,
                    0.0,
                    1.0
                ]
            ],
            "is_bad": false,
            "mask_path": "DSC03359.png"
        },
        {
            "file_path": "DSC03355.JPG",
            "transform_matrix": [
                [
                    0.7719690508692963,
                    -0.2688575584513413,
                    0.5760029494399672,
                    2.729628087532953
                ],
                [
                    -0.6345250907038729,
                    -0.271800837551332,
                    0.7235345285289686,
                    2.6387705654947835
                ],
                [
                    -0.03796964270572021,
                    -0.9240345869987652,
                    -0.3804187012527408,
                    -1.212770688991042
                ],
                [
                    0.0,
                    0.0,
                    0.0,
                    1.0
                ]
            ],
            "is_bad": false,
            "mask_path": "DSC03355.png"
        },
        {
            "file_path": "DSC03337.JPG",
            "transform_matrix": [
                [
                    0.3338293431437789,
                    0.18621559672208823,
                    -0.9240572066672225,
                    4.679474208896671
                ],
                [
                    0.942593310462179,
                    -0.07499997432832342,
                    0.325411823575452,
                    3.8839328647197187
                ],
                [
                    -0.008707509870418234,
                    -0.9796421568043033,
                    -0.20056276793978775,
                    -1.3194211305488734
                ],
                [
                    0.0,
                    0.0,
                    0.0,
                    1.0
                ]
            ],
            "is_bad": false,
            "mask_path": "DSC03337.png"
        },
        {
            "file_path": "DSC03174.JPG",
            "transform_matrix": [
                [
                    0.9621305267232875,
                    -0.03750233676643042,
                    0.2699970819920592,
                    3.1392669078669857
                ],
                [
                    -0.27246004426822523,
                    -0.10182324428928691,
                    0.9567641042596449,
                    2.394679923421675
                ],
                [
                    -0.00838891080690525,
                    -0.9940953684931146,
                    -0.10818513999626893,
                    -1.4745702043894122
                ],
                [
                    0.0,
                    0.0,
                    0.0,
                    1.0
                ]
            ],
            "is_bad": false,
            "mask_path": "DSC03174.png"
        },
        {
            "file_path": "DSC03240.JPG",
            "transform_matrix": [
                [
                    -0.8359466437210721,
                    -0.14839098571678905,
                    0.5283685496029029,
                    1.4103252588426805
                ],
                [
                    -0.5436265628875464,
                    0.35591034786288644,
                    -0.760130241739659,
                    8.500268236503183
                ],
                [
                    -0.07525535844408852,
                    -0.9226635029316588,
                    -0.3781913422902922,
                    -1.3602164037555593
                ],
                [
                    0.0,
                    0.0,
                    0.0,
                    1.0
                ]
            ],
            "is_bad": false,
            "mask_path": "DSC03240.png"
        },
        {
            "file_path": "DSC03322.JPG",
            "transform_matrix": [
                [
                    0.01789313752621009,
                    -0.2121640716794842,
                    0.9770702340762669,
                    3.8080071983336765
                ],
                [
                    -0.9998084804703093,
                    0.0039509887757879225,
                    0.019167474203595106,
                    4.161309040766974
                ],
                [
                    -0.007927042898838025,
                    -0.9772260722965166,
                    -0.21205274253072945,
                    -1.2238199257461566
                ],
                [
                    0.0,
                    0.0,
                    0.0,
                    1.0
                ]
            ],
            "is_bad": false,
            "mask_path": "DSC03322.png"
        },
        {
            "file_path": "DSC03342.JPG",
            "transform_matrix": [
                [
                    0.20074533163648614,
                    -0.2830954602169514,
                    0.9378476807193744,
                    4.729392775587599
                ],
                [
                    -0.9784672127013097,
                    -0.01104224817258947,
                    0.20610672580928685,
                    2.851341630629936
                ],
                [
                    -0.04799193155819828,
                    -0.9590281691169699,
                    -0.2792163056582937,
                    -1.2683173806981307
                ],
                [
                    0.0,
                    0.0,
                    0.0,
                    1.0
                ]
            ],
            "is_bad": false,
            "mask_path": "DSC03342.png"
        },
        {
            "file_path": "DSC03272.JPG",
            "transform_matrix": [
                [
                    0.777808952885446,
                    -0.21064982478632013,
                    0.5921485321511308,
                    4.219093214992032
                ],
                [
                    -0.6267211104736997,
                    -0.3308056490459848,
                    0.7055411201665556,
                    6.313014377935354
                ],
                [
                    0.04726396616725301,
                    -0.9198881855295011,
                    -0.3893222876042206,
                    -1.1995889546425964
                ],
                [
                    0.0,
                    0.0,
                    0.0,
                    1.0
                ]
            ],
            "is_bad": false,
            "mask_path": "DSC03272.png"
        },
        {
            "file_path": "DSC03060.JPG",
            "transform_matrix": [
                [
                    -0.8346064733602412,
                    0.1609138730250908,
                    -0.5268194758104963,
                    6.16857771432748
                ],
                [
                    0.549657638077487,
                    0.18047544831679194,
                    -0.8156623648654703,
                    6.3732705672294045
                ],
                [
                    -0.03617340913239079,
                    -0.9703274385602617,
                    -0.2390735168286583,
                    -1.506707009613933
                ],
                [
                    0.0,
                    0.0,
                    0.0,
                    1.0
                ]
            ],
            "is_bad": true,
            "mask_path": "DSC03060.png"
        },
        {
            "file_path": "DSC03260.JPG",
            "transform_matrix": [
                [
                    0.9787415770853166,
                    0.06467198759382756,
                    -0.19463416787709892,
                    3.3760668510854273
                ],
                [
                    0.20479269633225955,
                    -0.2564557764270409,
                    0.9446112355176419,
                    7.871581199761581
                ],
                [
                    0.011174829462234982,
                    -0.9643899464209832,
                    -0.2642482817893475,
                    -1.429165462040134
                ],
                [
                    0.0,
                    0.0,
                    0.0,
                    1.0
                ]
            ],
            "is_bad": false,
            "mask_path": "DSC03260.png"
        },
        {
            "file_path": "DSC03357.JPG",
            "transform_matrix": [
                [
                    0.99558063570654,
                    0.02584101433946785,
                    -0.09028532430061341,
