{
    "fl_x": 622.4052073004173,
    "fl_y": 622.3668371644364,
    "cx": 876.0,
    "cy": 584.0,
    "w": 1752,
    "h": 1168,
    "k1": 0.0,
    "k2": 0.0,
    "k3": 0.0,
    "k4": 0.0,
    "camera_model": "PINHOLE",
    "has_mask": false,
    "aabb_range": [
        [
            0.009731926023960114,
            -0.0002294971636729315,
            -4.058587074279785
        ],
        [
            4.734285354614258,
            5.596706390380859,
            -0.08502339571714401
        ]
    ],
    "frames": [
        {
            "file_path": "DSC08775.JPG",
            "transform_matrix": [
                [
                    -0.9991585959503084,
                    -0.0049906624130132,
                    0.04070864069565934,
                    0.9778730937330782
                ],
                [
                    -0.04053151039231798,
                    0.27186241508360254,
                    -0.961482201567054,
                    2.650212595171795
                ],
                [
                    -0.006268716290150381,
                    -0.962323189242362,
                    -0.2718359480320501,
                    -1.3883371581370367
                ],
                [
                    0.0,
                    0.0,
                    0.0,
                    1.0
                ]
            ],
            "is_bad": false,
            "mask_path": "DSC08775.png"
        },
        {
            "file_path": "DSC08660.JPG",
            "transform_matrix": [
                [
                    0.6698243641097662,
                    0.40870073040940197,
                    -0.6199185706266339,
                    3.7454218556627503
                ],
                [
                    0.7421972829276958,
                    -0.34393139108437726,
                    0.5751994362319134,
                    4.398104281861655
                ],
                [
                    0.02187497336440219,
                    -0.845384475365846,
                    -0.5337101969709032,
                    -1.3260393139936701
                ],
                [
                    0.0,
                    0.0,
                    0.0,
                    1.0
                ]
            ],
            "is_bad": false,
            "mask_path": "DSC08660.png"
        },
        {
            "file_path": "DSC08881.JPG",
            "transform_matrix": [
                [
                    -0.5469503371690526,
                    0.2795325559881396,
                    -0.7891177851331175,
                    3.6503569708824113
                ],
                [
                    0.8367603623161546,
                    0.15323491773958536,
                    -0.5256911222779778,
                    1.4907112430575777
                ],
                [
                    -0.02602738417891987,
                    -0.9478294203748265,
                    -0.31771365275153474,
                    -1.5144491465183383
                ],
                [
                    0.0,
                    0.0,
                    0.0,
                    1.0
                ]
            ],
            "is_bad": false,
            "mask_path": "DSC08881.png"
        },
        {
            "file_path": "DSC08835.JPG",
            "transform_matrix": [
                [
                    -0.20366963516419442,
                    -0.04168465046762409,
                    -0.9781518642968868,
                    1.7263669465345068
                ],
                [
                    0.975605708268766,
                    0.07496477903210903,
                    -0.2063341559172076,
                    5.23170464559831
                ],
                [
                    0.08192790553580263,
                    -0.9963145446193478,
                    0.025399733747768254,
                    -1.5598929959026897
                ],
                [
                    0.0,
                    0.0,
                    0.0,
                    1.0
                ]
            ],
            "is_bad": false,
            "mask_path": "DSC08835.png"
        },
        {
            "file_path": "DSC08747.JPG",
            "transform_matrix": [
                [
                    -0.4789377997608496,
                    0.5361122875264674,
                    -0.6951274696941386,
                    1.4755373763317028
                ],
                [
                    0.8777796367586875,
                    0.28252708854712144,
                    -0.38688674509328114,
                    0.7888032280458369
                ],
                [
                    -0.011022397743815733,
                    -0.7954634243007194,
                    -0.6059013511684486,
                    -1.1600576972545673
                ],
                [
                    0.0,
                    0.0,
                    0.0,
                    1.0
                ]
            ],
            "is_bad": false,
            "mask_path": "DSC08747.png"
        },
        {
            "file_path": "DSC08676.JPG",
            "transform_matrix": [
                [
                    0.6084099321083231,
                    0.42784600175777865,
                    -0.6684198929504026,
                    3.7396488103504137
                ],
                [
                    0.7931617386050883,
                    -0.29909700921195564,
                    0.5305048873416877,
                    2.9174523230442335
                ],
                [
                    0.027052004082861004,
                    -0.8529295269014582,
                    -0.5213246696778837,
                    -1.3296241840307403
                ],
                [
                    0.0,
                    0.0,
                    0.0,
                    1.0
                ]
            ],
            "is_bad": false,
            "mask_path": "DSC08676.png"
        },
        {
            "file_path": "DSC08791.JPG",
            "transform_matrix": [
                [
                    -0.9581159499986739,
                    -0.18122735994537204,
                    0.2217441552000172,
                    0.9765750222157334
                ],
                [
                    -0.285181574307219,
                    0.6745554887665355,
                    -0.6809158261125945,
                    4.286324236115746
                ],
                [
                    -0.026178159480662436,
                    -0.7156336608783652,
                    -0.6979850767631314,
                    -1.0949992190492677
                ],
                [
                    0.0,
                    0.0,
                    0.0,
                    1.0
                ]
            ],
            "is_bad": false,
            "mask_path": "DSC08791.png"
        },
        {
            "file_path": "DSC08715.JPG",
            "transform_matrix": [
                [
                    0.033118400839466725,
                    -0.06424916080857603,
                    0.9973841871922922,
                    2.599191055895576
                ],
                [
                    -0.9984762389052492,
                    -0.04620016338998524,
                    0.030178556035116363,
                    0.9493381045620947
                ],
                [
                    0.04414036551120073,
                    -0.9968638774868572,
                    -0.06568133596696303,
                    -1.5342444520413145
                ],
                [
                    0.0,
                    0.0,
                    0.0,
                    1.0
                ]
            ],
            "is_bad": true,
            "mask_path": "DSC08715.png"
        },
        {
            "file_path": "DSC08858.JPG",
            "transform_matrix": [
                [
                    0.8552601015707406,
                    0.13016466541707178,
                    0.5015848069250795,
                    1.1774536452812832
                ],
                [
                    -0.509354676825503,
                    0.033095799207106986,
                    0.8599200435336015,
                    1.603585270599258
                ],
                [
                    0.09533085469665675,
                    -0.9909398710071693,
                    0.09460549767904672,
                    -1.8905165703459494
                ],
                [
                    0.0,
                    0.0,
                    0.0,
                    1.0
                ]
            ],
            "is_bad": false,
            "mask_path": "DSC08858.png"
        },
        {
            "file_path": "DSC08789.JPG",
            "transform_matrix": [
                [
                    -0.6473377098844977,
                    -0.5342479714457843,
                    0.5436294642194791,
                    1.0195784943646664
                ],
                [
                    -0.7615171838177274,
                    0.483583620396495,
                    -0.4315535434155709,
                    3.3648177546563205
                ],
                [
                    -0.03233369932145383,
                    -0.6933440611199339,
                    -0.7198809240408485,
                    -0.861525593196607
                ],
                [
                    0.0,
                    0.0,
                    0.0,
                    1.0
                ]
            ],
            "is_bad": false,
            "mask_path": "DSC08789.png"
        },
        {
            "file_path": "DSC08621.JPG",
            "transform_matrix": [
                [
                    0.4923966567250618,
                    -0.04641211993968949,
                    0.8691325834236596,
                    3.2997835397848907
                ],
                [
                    -0.8703707330724945,
                    -0.02690527497150732,
                    0.49166136027712665,
                    3.6783908441635615
                ],
                [
                    0.0005652051208174689,
                    -0.9985599738129957,
                    -0.05364381829959394,
                    -1.5462071002460778
                ],
                [
                    0.0,
                    0.0,
                    0.0,
                    1.0
                ]
            ],
            "is_bad": false,
            "mask_path": "DSC08621.png"
        },
        {
            "file_path": "DSC08912.JPG",
            "transform_matrix": [
                [
                    0.41196983799167614,
                    0.587171665229616,
                    -0.6967856830737781,
                    3.8654467122457152
                ],
                [
                    0.9096141515211793,
                    -0.2199501188853625,
                    0.3524543098824584,
                    3.671330291219842
                ],
                [
                    0.05369309022134224,
                    -0.7790066628430043,
                    -0.6247124709085677,
                    -1.022118806038398
                ],
                [
                    0.0,
                    0.0,
                    0.0,
                    1.0
                ]
            ],
            "is_bad": false,
            "mask_path": "DSC08912.png"
        },
        {
            "file_path": "DSC08822.JPG",
            "transform_matrix": [
                [
                    -0.15835426038805855,
                    -0.05000701577158533,
                    -0.9861152197337646,
                    2.3287349907057395
                ],
                [
                    0.9873812818443805,
                    -0.009497073358366644,
                    -0.1580759623123449,
                    4.761044168450205
                ],
                [
                    -0.0014603014411514788,
                    -0.9987037118040797,
                    0.050879893361275366,
                    -1.60989637378216
                ],
                [
                    0.0,
                    0.0,
                    0.0,
                    1.0
                ]
            ],
            "is_bad": false,
            "mask_path": "DSC08822.png"
        },
        {
            "file_path": "DSC08888.JPG",
            "transform_matrix": [
                [
                    0.13262030949483672,
                    0.4771932602632833,
                    -0.8687338176154945,
                    3.813553694408543
                ],
                [
                    0.9910095686832229,
                    -0.048222547710716296,
                    0.12479831998300404,
                    2.19581758275441
                ],
                [
                    0.017660359220194273,
                    -0.8774743177162425,
                    -0.479298376234082,
                    -1.3570644656370061
                ],
                [
                    0.0,
                    0.0,
                    0.0,
                    1.0
                ]
            ],
            "is_bad": true,
            "mask_path": "DSC08888.png"
        },
        {
            "file_path": "DSC08758.JPG",
            "transform_matrix": [
                [
                    -0.9880283792413395,
                    -0.10402758722407993,
                    0.11392182806673867,
                    1.0906786956664445
                ],
                [
                    -0.15045677588073628,
                    0.4865462134531595,
                    -0.8606018479912563,
                    1.9483011921702933
                ],
                [
                    0.034098099731580934,
                    -0.867439359996264,
                    -0.496373122080523,
                    -1.244911883566244
                ],
                [
                    0.0,
                    0.0,
                    0.0,
                    1.0
                ]
            ],
            "is_bad": false,
            "mask_path": "DSC08758.png"
        },
        {
            "file_path": "DSC08704.JPG",
            "transform_matrix": [
                [
                    0.34896589103782355,
                    -0.5232935331696816,
                    0.7774231055448306,
                    3.2269163960399054
                ],
                [
                    -0.9370083395084557,
                    -0.1811733730098206,
                    0.29864959501705174,
                    1.2091884805682116
                ],
                [
                    -0.015433035468840681,
                    -0.8326704552552803,
                    -0.5535537321355357,
                    -1.0259224423646103
                ],
                [
                    0.0,
                    0.0,
                    0.0,
                    1.0
                ]
            ],
            "is_bad": false,
            "mask_path": "DSC08704.png"
        },
        {
            "file_path": "DSC08867.JPG",
            "transform_matrix": [
                [
                    0.23834603617763214,
                    0.12824016135059754,
                    0.9626762841449779,
                    1.4887381632024739
                ],
                [
                    -0.9710110216328706,
                    0.012960678179055113,
                    0.23868308840096958,
                    1.0127047848856154
                ],
                [
                    0.01813182025878777,
                    -0.9916584501923584,
                    0.1276117363575611,
                    -1.8917019287851993
                ],
                [
                    0.0,
                    0.0,
                    0.0,
                    1.0
                ]
            ],
            "is_bad": false,
            "mask_path": "DSC08867.png"
        },
        {
            "file_path": "DSC08901.JPG",
            "transform_matrix": [
                [
                    0.10774470568841513,
                    0.49493236850181066,
                    -0.862225625347162,
                    3.7187753595122195
                ],
                [
                    0.9936376595902026,
                    -0.08221512800254044,
                    0.07697320424427527,
                    2.540329769700142
                ],
                [
                    -0.032791459867194624,
                    -0.8650333076458465,
                    -0.5006416850633437,
                    -0.8239126348520989
                ],
                [
                    0.0,
                    0.0,
                    0.0,
                    1.0
                ]
            ],
            "is_bad": false,
            "mask_path": "DSC08901.png"
        },
        {
            "file_path": "DSC08845.JPG",
            "transform_matrix": [
                [
                    -0.3497478419036274,
                    -0.6096045036557732,
                    0.7113780965185488,
                    1.0201617479210432
                ],
                [
                    -0.935586826319968,
                    0.18795277035084876,
                    -0.2989164541037723,
                    3.7189988919357897
                ],
                [
                    0.048515332630899216,
                    -0.7701013603676076,
                    -0.6360740186956819,
                    -1.3030835728031358
                ],
                [
                    0.0,
                    0.0,
                    0.0,
                    1.0
                ]
            ],
            "is_bad": true,
            "mask_path": "DSC08845.png"
        },
        {
            "file_path": "DSC08738.JPG",
            "transform_matrix": [
                [
                    -0.7812240143051762,
                    0.31033984809993187,
                    -0.541643995770485,
                    1.78886052282251
                ],
                [
                    0.6239160498731493,
                    0.35975857486022905,
                    -0.6937597066169401,
                    1.2250135828928188
                ],
                [
                    -0.02044020996936481,
                    -0.879922125245097,
                    -0.47467805017776005,
                    -1.3263732701977762
                ],
                [
                    0.0,
                    0.0,
                    0.0,
                    1.0
                ]
            ],
            "is_bad": false,
            "mask_path": "DSC08738.png"
        },
        {
            "file_path": "DSC08754.JPG",
            "transform_matrix": [
                [
                    -0.8344348188457111,
                    -0.35388159222269583,
                    0.4224764511589432,
                    1.2148955707434503
                ],
                [
                    -0.5499634207027545,
                    0.4853514053741835,
                    -0.6796868758408021,
                    1.4276653705851208
                ],
                [
                    0.03547913452792218,
                    -0.7995009893597599,
                    -0.5996160430024491,
                    -1.0935604514562587
                ],
                [
                    0.0,
                    0.0,
                    0.0,
                    1.0
                ]
            ],
            "is_bad": false,
            "mask_path": "DSC08754.png"
        },
        {
            "file_path": "DSC08839.JPG",
            "transform_matrix": [
                [
                    -0.9446291780066018,
                    0.05293929136040308,
                    -0.3238412380918022,
                    1.2624034170655765
                ],
                [
                    0.3280511733541929,
                    0.12942405398980256,
                    -0.9357520194526874,
                    4.1872322205572585
                ],
                [
                    -0.0076252029159728785,
                    -0.9901751590900997,
                    -0.13962453438198927,
                    -1.5281800068346745
                ],
                [
                    0.0,
                    0.0,
                    0.0,
                    1.0
                ]
            ],
            "is_bad": false,
            "mask_path": "DSC08839.png"
        },
        {
            "file_path": "DSC08608.JPG",
            "transform_matrix": [
                [
                    0.9933828713037136,
                    0.05367863309686045,
                    -0.10153361684309954,
                    3.7216673153245385
                ],
                [
                    0.10931974047493394,
                    -0.170912694985591,
                    0.979202759920158,
                    3.40612834868088
                ],
                [
                    0.03520888159089928,
                    -0.9838228778807768,
                    -0.17564987792623976,
                    -1.4847699075041736
                ],
                [
                    0.0,
                    0.0,
                    0.0,
                    1.0
                ]
            ],
            "is_bad": false,
            "mask_path": "DSC08608.png"
        },
        {
            "file_path": "DSC08723.JPG",
            "transform_matrix": [
                [
                    -0.7837080356906787,
                    -0.2461982246108685,
                    0.5702527062560199,
                    2.79082263234833
                ],
                [
                    -0.6211225724089595,
                    0.3063359857052528,
                    -0.7213633023006291,
                    1.3614752376215746
                ],
                [
                    0.0029094394538224182,
                    -0.9195350444982765,
                    -0.39299724821125337,
                    -1.3736301366034316
                ],
                [
                    0.0,
                    0.0,
                    0.0,
                    1.0
                ]
            ],
            "is_bad": false,
            "mask_path": "DSC08723.png"
        },
        {
            "file_path": "DSC08705.JPG",
            "transform_matrix": [
                [
                    0.16645181592489625,
                    -0.5471018812838786,
                    0.8203495136043816,
                    2.594282715909613
                ],
                [
                    -0.9859758007811884,
                    -0.1025253446088198,
                    0.13168247410623218,
                    0.8069656033928122
                ],
                [
                    0.012062887266331613,
                    -0.8307635555370037,
                    -0.556494745296231,
                    -1.1045627866936436
                ],
                [
                    0.0,
                    0.0,
                    0.0,
                    1.0
                ]
            ],
            "is_bad": false,
            "mask_path": "DSC08705.png"
        },
        {
            "file_path": "DSC08695.JPG",
            "transform_matrix": [
                [
                    0.9436895991171398,
                    -0.12030693573448252,
                    0.3081820593939743,
                    3.3442793588667388
                ],
                [
                    -0.3289137491950344,
                    -0.4413561310357791,
                    0.8348775426298123,
                    1.7681469139941344
                ],
                [
                    0.035576482521435776,
                    -0.8892305701061493,
                    -0.4560737956516407,
                    -1.3713486402831583
                ],
                [
                    0.0,
                    0.0,
                    0.0,
                    1.0
                ]
            ],
            "is_bad": false,
            "mask_path": "DSC08695.png"
        },
        {
            "file_path": "DSC08781.JPG",
            "transform_matrix": [
                [
                    -0.9929750347846372,
                    -0.06816712343480362,
                    0.09671516725453547,
                    0.9815279293835473
                ],
                [
                    -0.11818831411355872,
                    0.5322621891595861,
                    -0.8382890219954212,
                    3.064988113463051
                ],
                [
                    0.005665924588568307,
                    -0.8438306733425074,
                    -0.5365796231920176,
                    -1.2540600568996223
                ],
                [
                    0.0,
                    0.0,
                    0.0,
                    1.0
                ]
            ],
            "is_bad": false,
            "mask_path": "DSC08781.png"
        },
        {
            "file_path": "DSC08851.JPG",
            "transform_matrix": [
                [
                    0.959184907710179,
                    0.025482576061877208,
                    0.2816291020797867,
                    0.9503695251435438
                ],
                [
                    -0.2827387770490633,
                    0.06949799015237448,
                    0.956675918646216,
                    1.9695564230079725
                ],
                [
                    0.004805910300505005,
                    -0.9972565706386854,
                    0.07386633566214272,
                    -1.877656767525714
                ],
                [
                    0.0,
                    0.0,
                    0.0,
                    1.0
                ]
            ],
            "is_bad": false,
            "mask_path": "DSC08851.png"
        },
        {
            "file_path": "DSC08651.JPG",
            "transform_matrix": [
                [
                    -0.983439089325509,
                    -0.01193017630143556,
                    -0.18084586940273165,
                    3.6869480249528417
                ],
                [
                    0.17626644767585,
                    0.16917221669684435,
                    -0.9696962929297053,
                    3.8536779534298877
                ],
                [
                    0.04216274434082807,
                    -0.9855142982175819,
                    -0.1642676809307217,
                    -1.5068493925653024
                ],
                [
                    0.0,
                    0.0,
                    0.0,
                    1.0
                ]
            ],
            "is_bad": false,
            "mask_path": "DSC08651.png"
        },
        {
            "file_path": "DSC08812.JPG",
            "transform_matrix": [
                [
                    0.9791486025228436,
                    0.1121442793568321,
                    0.16938617058396224,
                    2.020298011929423
                ],
                [
                    -0.19998318316863362,
                    0.38556872131013176,
                    0.9007460727624687,
                    4.98451139942422
                ],
                [
                    0.03570351001376559,
                    -0.9158386439514368,
                    0.3999560446072671,
                    -1.7361236216794234
                ],
                [
                    0.0,
                    0.0,
                    0.0,
                    1.0
                ]
            ],
            "is_bad": true,
            "mask_path": "DSC08812.png"
        },
        {
            "file_path": "DSC08850.JPG",
            "transform_matrix": [
                [
                    0.9730567308279916,
                    -0.033480639476638006,
                    0.22812199668286245,
                    0.8921274482905088
                ],
                [
                    -0.23009553859304668,
                    -0.20417101091760467,
                    0.9515094541939445,
                    2.3190196341123905
                ],
                [
                    0.014718753680802736,
                    -0.9783625325415515,
                    -0.206373722186147,
                    -1.5685110656264523
                ],
                [
                    0.0,
                    0.0,
                    0.0,
                    1.0
                ]
            ],
            "is_bad": false,
            "mask_path": "DSC08850.png"
        },
        {
            "file_path": "DSC08894.JPG",
            "transform_matrix": [
                [
                    0.006984308818444511,
                    0.5154151486762671,
                    -0.8569121564929223,
                    3.702321590907983
                ],
                [
                    0.9994247865099026,
                    0.024841014510558913,
                    0.023087228238178895,
                    2.520060156591678
                ],
                [
                    0.03318607448861889,
                    -0.8565804973924565,
                    -0.5149451776130428,
                    -1.2395510121120652
                ],
                [
                    0.0,
                    0.0,
                    0.0,
                    1.0
                ]
            ],
            "is_bad": false,
            "mask_path": "DSC08894.png"
        },
        {
            "file_path": "DSC08799.JPG",
            "transform_matrix": [
                [
                    0.0962148931314648,
                    -0.5247996146373152,
                    0.8457706892628912,
                    1.7282804251035195
                ],
                [
                    -0.9953534776601063,
                    -0.05393961779138441,
                    0.07976197178136969,
                    5.13956945315829
                ],
                [
                    0.003761495664420875,
                    -0.8495150864517033,
                    -0.5275509160652855,
                    -1.2234871232864244
                ],
                [
                    0.0,
                    0.0,
                    0.0,
                    1.0
                ]
            ],
            "is_bad": false,
            "mask_path": "DSC08799.png"
        },
        {
            "file_path": "DSC08913.JPG",
            "transform_matrix": [
                [
                    -0.5615208332530562,
                    0.3779623129909311,
                    -0.7360970342158293,
                    3.8650773635563693
                ],
                [
                    0.8274625963654536,
                    0.2564080916291168,
                    -0.4995603488701408,
                    4.069964358691521
                ],
                [
                    -7.374914038128726e-05,
                    -0.8896063064668892,
                    -0.4567281621001757,
                    -1.312724769528629
                ],
                [
                    0.0,
                    0.0,
                    0.0,
                    1.0
                ]
            ],
            "is_bad": false,
            "mask_path": "DSC08913.png"
        },
        {
            "file_path": "DSC08772.JPG",
            "transform_matrix": [
                [
                    -0.9434440953245709,
                    -0.18200170026661536,
                    0.2771075966069187,
                    0.8642236775385952
                ],
                [
                    -0.3307714547470717,
                    0.46016644099715953,
                    -0.8239157064314969,
                    2.1888367742449963
                ],
                [
                    0.022438442943019304,
                    -0.8689776911291038,
                    -0.4943422787889211,
                    -1.2613327459575334
                ],
                [
                    0.0,
                    0.0,
                    0.0,
                    1.0
                ]
            ],
            "is_bad": false,
            "mask_path": "DSC08772.png"
        },
        {
            "file_path": "DSC08672.JPG",
            "transform_matrix": [
                [
                    0.9946752321521372,
                    0.050759959811030035,
                    -0.08969174445329096,
                    3.4507150075875046
                ],
                [
                    0.10285196862948123,
                    -0.43377259366929544,
                    0.8951328446272386,
                    4.260584326700858
                ],
                [
                    0.006531086596584078,
                    -0.8995914425234351,
                    -0.4366836171033589,
                    -1.3826466981164494
                ],
                [
                    0.0,
                    0.0,
                    0.0,
                    1.0
                ]
            ],
            "is_bad": false,
            "mask_path": "DSC08672.png"
        },
        {
            "file_path": "DSC08874.JPG",
            "transform_matrix": [
                [
                    -0.5730637003922128,
                    0.39011519389112065,
                    -0.7206997507895214,
                    3.424966531061087
                ],
                [
                    0.8193248674253601,
                    0.2540024049058351,
                    -0.5139937158375267,
                    1.315935505919133
                ],
                [
                    -0.017457288197199747,
                    -0.8850383685453113,
                    -0.4651906375793203,
                    -1.3502313592823916
                ],
                [
                    0.0,
                    0.0,
                    0.0,
                    1.0
                ]
            ],
            "is_bad": false,
            "mask_path": "DSC08874.png"
        },
        {
            "file_path": "DSC08687.JPG",
            "transform_matrix": [
                [
                    0.9609357232423335,
                    0.1654028563696746,
                    -0.22191086251349998,
                    3.6432261159723716
                ],
                [
                    0.27441051975010333,
                    -0.4648644897141177,
                    0.8417837447072201,
                    1.9177310661910898
                ],
                [
                    0.03607495595577772,
                    -0.8697947466543956,
                    -0.4920931784176677,
                    -1.3562336512294317
                ],
                [
                    0.0,
                    0.0,
                    0.0,
                    1.0
                ]
            ],
            "is_bad": false,
            "mask_path": "DSC08687.png"
        },
        {
            "file_path": "DSC08631.JPG",
            "transform_matrix": [
                [
                    -0.11168720849688091,
                    -0.4334410825859257,
                    0.8942341949315706,
                    3.379550123699743
                ],
                [
                    -0.9935978684965742,
                    0.03330699526695128,
                    -0.1079533222524877,
                    3.919659738895136
                ],
                [
                    0.017007150767733695,
                    -0.9005661952311043,
                    -0.4343861011010073,
                    -1.3603723153411744
                ],
                [
                    0.0,
                    0.0,
                    0.0,
                    1.0
                ]
            ],
            "is_bad": false,
            "mask_path": "DSC08631.png"
        },
        {
            "file_path": "DSC08696.JPG",
            "transform_matrix": [
                [
                    0.3733667377329929,
                    -0.5704386519568685,
                    0.731571612016386,
                    3.4972011880513643
                ],
                [
                    -0.9268125141745223,
                    -0.26354083465389205,
                    0.26751596595237576,
                    1.3594723574109333
                ],
                [
                    0.04019754624507877,
                    -0.777911288530743,
                    -0.6270870628966247,
                    -0.9752983281425741
                ],
                [
                    0.0,
                    0.0,
                    0.0,
                    1.0
                ]
            ],
            "is_bad": false,
            "mask_path": "DSC08696.png"
        },
        {
            "file_path": "DSC08863.JPG",
            "transform_matrix": [
                [
                    0.6518573628880198,
                    0.14022596170842502,
                    0.7452641532447556,
                    1.258111753002948
                ],
                [
                    -0.7546623059076755,
                    0.023260776598695156,
                    0.6557009534186552,
                    1.3111861030706118
                ],
                [
                    0.07461087381062058,
                    -0.9898462587366644,
                    0.12098595610335551,
                    -1.892041411216874
                ],
                [
                    0.0,
                    0.0,
                    0.0,
                    1.0
                ]
            ],
            "is_bad": false,
            "mask_path": "DSC08863.png"
        },
        {
            "file_path": "DSC08798.JPG",
            "transform_matrix": [
                [
                    -0.8213986585427305,
                    -0.39050291897611633,
                    0.41570628334839405,
                    1.1446741346993643
                ],
                [
                    -0.5702133731719146,
                    0.5784577979776209,
                    -0.583303767358645,
                    4.53660614907842
                ],
                [
                    -0.012686717467856663,
                    -0.7161662141081597,
                    -0.6978144459452497,
                    -1.1110214322811127
                ],
                [
                    0.0,
                    0.0,
                    0.0,
                    1.0
                ]
            ],
            "is_bad": false,
            "mask_path": "DSC08798.png"
        },
        {
            "file_path": "DSC08764.JPG",
            "transform_matrix": [
                [
                    -0.9705782060484177,
                    0.057498086665714716,
                    -0.23382026424930813,
                    1.199075314163633
                ],
                [
                    0.23926607172220896,
                    0.3392448953364925,
                    -0.9097607641082103,
                    2.1916652231570435
                ],
                [
                    0.02701282781304651,
                    -0.9389392264773655,
                    -0.3430210432548247,
                    -1.3755791716505634
                ],
                [
                    0.0,
                    0.0,
                    0.0,
                    1.0
                ]
            ],
            "is_bad": true,
            "mask_path": "DSC08764.png"
        },
        {
            "file_path": "DSC08905.JPG",
            "transform_matrix": [
                [
                    0.685899828728032,
                    0.32666939272914947,
                    -0.6502526684334518,
                    3.890192024242593
