{
    "fl_x": 623.1677884262708,
    "fl_y": 622.9495206075385,
    "cx": 876.0,
    "cy": 584.0,
    "w": 1752,
    "h": 1168,
    "k1": 0.0,
    "k2": 0.0,
    "k3": 0.0,
    "k4": 0.0,
    "camera_model": "PINHOLE",
    "has_mask": false,
    "aabb_range": [
        [
            0.056450773030519485,
            0.002212346764281392,
            -3.453582763671875
        ],
        [
            4.232590675354004,
            5.3125,
            -0.06076560169458389
        ]
    ],
    "frames": [
        {
            "file_path": "DSC02433.JPG",
            "transform_matrix": [
                [
                    0.9994768090029414,
                    -0.014575135284165543,
                    0.02887340812489135,
                    0.9339263572607047
                ],
                [
                    -0.030133621468578908,
                    -0.09530201594867678,
                    0.9949922063078218,
                    2.6741388804338087
                ],
                [
                    -0.011750452012016051,
                    -0.9953416956942809,
                    -0.09569135640143747,
                    -1.5667684029644982
                ],
                [
                    0.0,
                    0.0,
                    0.0,
                    1.0
                ]
            ],
            "is_bad": false,
            "mask_path": "DSC02433.png"
        },
        {
            "file_path": "DSC02604.JPG",
            "transform_matrix": [
                [
                    0.37837875122411335,
                    -0.6426574107933671,
                    0.6661988989591964,
                    3.5232717392919612
                ],
                [
                    -0.9255007774102708,
                    -0.24969692563652676,
                    0.28478018951578987,
                    3.811715930814257
                ],
                [
                    -0.016668282306911367,
                    -0.7243223713789544,
                    -0.689259944204582,
                    -1.2417083274456715
                ],
                [
                    0.0,
                    0.0,
                    0.0,
                    1.0
                ]
            ],
            "is_bad": false,
            "mask_path": "DSC02604.png"
        },
        {
            "file_path": "DSC02269.JPG",
            "transform_matrix": [
                [
                    -0.4232532936385402,
                    0.16906969727782772,
                    0.8900966727757781,
                    2.819592062141316
                ],
                [
                    -0.9053417397534795,
                    -0.041158727640507264,
                    -0.4226846264050249,
                    1.1212142144007344
                ],
                [
                    -0.03482791530178955,
                    -0.98474433057591,
                    0.17048642090892005,
                    -1.7218973243373443
                ],
                [
                    0.0,
                    0.0,
                    0.0,
                    1.0
                ]
            ],
            "is_bad": false,
            "mask_path": "DSC02269.png"
        },
        {
            "file_path": "DSC02484.JPG",
            "transform_matrix": [
                [
                    0.6692533971141146,
                    -0.06921330764990026,
                    -0.7398036283334776,
                    1.6962664697680907
                ],
                [
                    0.7429084194914197,
                    0.0440075622037222,
                    0.6679449189249412,
                    4.052199822248927
                ],
                [
                    -0.01367372297431485,
                    -0.9966307503348701,
                    0.08087135949751253,
                    -1.7028975383325868
                ],
                [
                    0.0,
                    0.0,
                    0.0,
                    1.0
                ]
            ],
            "is_bad": false,
            "mask_path": "DSC02484.png"
        },
        {
            "file_path": "DSC02378.JPG",
            "transform_matrix": [
                [
                    -0.998205699152251,
                    0.05736682258412095,
                    -0.017158958201694687,
                    3.3951444786261034
                ],
                [
                    0.04876065565972996,
                    0.6124583163356143,
                    -0.7889975977219308,
                    2.401010552933477
                ],
                [
                    -0.0347531385575286,
                    -0.7884185807158189,
                    -0.6141566257417195,
                    -1.4019776846897076
                ],
                [
                    0.0,
                    0.0,
                    0.0,
                    1.0
                ]
            ],
            "is_bad": false,
            "mask_path": "DSC02378.png"
        },
        {
            "file_path": "DSC02403.JPG",
            "transform_matrix": [
                [
                    0.18678563706579795,
                    0.08152287922667165,
                    -0.9790123318674372,
                    1.4143239445967162
                ],
                [
                    0.98212090543658,
                    0.008286688824843976,
                    0.18806875841763915,
                    1.5179455679796061
                ],
                [
                    0.023444677228661656,
                    -0.9966370206604375,
                    -0.07851748950858119,
                    -1.510955106523618
                ],
                [
                    0.0,
                    0.0,
                    0.0,
                    1.0
                ]
            ],
            "is_bad": false,
            "mask_path": "DSC02403.png"
        },
        {
            "file_path": "DSC02543.JPG",
            "transform_matrix": [
                [
                    -0.5972354876184243,
                    0.5781344521820924,
                    -0.5559409388858634,
                    0.9043597681888889
                ],
                [
                    0.7969005558232714,
                    0.34918095540388777,
                    -0.4929727827292187,
                    3.623010567995423
                ],
                [
                    -0.09088056149553814,
                    -0.7374504834789525,
                    -0.6692589244522003,
                    -1.3313283111148992
                ],
                [
                    0.0,
                    0.0,
                    0.0,
                    1.0
                ]
            ],
            "is_bad": false,
            "mask_path": "DSC02543.png"
        },
        {
            "file_path": "DSC02310.JPG",
            "transform_matrix": [
                [
                    0.1717315665102572,
                    0.28288392981005916,
                    0.9436551018879452,
                    3.499120817807628
                ],
                [
                    -0.9846497026712996,
                    0.07962145072714266,
                    0.15532349343683619,
                    3.139021126560913
                ],
                [
                    -0.03119666798314857,
                    -0.9558436623419756,
                    0.2922150938391573,
                    -1.7456228947793448
                ],
                [
                    0.0,
                    0.0,
                    0.0,
                    1.0
                ]
            ],
            "is_bad": true,
            "mask_path": "DSC02310.png"
        },
        {
            "file_path": "DSC02286.JPG",
            "transform_matrix": [
                [
                    0.20085973210422184,
                    0.13589631729280993,
                    0.9701482149472171,
                    2.8389173415643003
                ],
                [
                    -0.9796056795989093,
                    0.03322060303387177,
                    0.19816433592254892,
                    1.9324349515542882
                ],
                [
                    -0.005299105262131099,
                    -0.9901659368410517,
                    0.13979748568233635,
                    -1.6952796362313707
                ],
                [
                    0.0,
                    0.0,
                    0.0,
                    1.0
                ]
            ],
            "is_bad": true,
            "mask_path": "DSC02286.png"
        },
        {
            "file_path": "DSC02399.JPG",
            "transform_matrix": [
                [
                    0.09287342408602971,
                    0.28516841211355437,
                    -0.9539672446322097,
                    2.179250170008674
                ],
                [
                    0.9949509058907217,
                    -0.06318703740443501,
                    0.07797495220442748,
                    1.5030728871006758
                ],
                [
                    -0.038042370664414356,
                    -0.9563923750410624,
                    -0.2895969664854015,
                    -1.4967047882468507
                ],
                [
                    0.0,
                    0.0,
                    0.0,
                    1.0
                ]
            ],
            "is_bad": false,
            "mask_path": "DSC02399.png"
        },
        {
            "file_path": "DSC02421.JPG",
            "transform_matrix": [
                [
                    0.8045518556092368,
                    0.09083044094182337,
                    -0.5868953421471733,
                    1.3681279160494428
                ],
                [
                    0.5938638244237867,
                    -0.13086442657371647,
                    0.7938515351741067,
                    2.1703392668975074
                ],
                [
                    -0.004697837426667408,
                    -0.9872306381265962,
                    -0.1592281302649324,
                    -1.518263147619582
                ],
                [
                    0.0,
                    0.0,
                    0.0,
                    1.0
                ]
            ],
            "is_bad": false,
            "mask_path": "DSC02421.png"
        },
        {
            "file_path": "DSC02577.JPG",
            "transform_matrix": [
                [
                    0.8471131530118339,
                    0.22448731672940886,
                    0.4816687145974697,
                    3.2962594894718675
                ],
                [
                    -0.5313681028031241,
                    0.34609670746025356,
                    0.7732173099514645,
                    1.5271958682735591
                ],
                [
                    0.006873522950939427,
                    -0.9109459444515908,
                    0.4124684726975404,
                    -1.7884887559412668
                ],
                [
                    0.0,
                    0.0,
                    0.0,
                    1.0
                ]
            ],
            "is_bad": false,
            "mask_path": "DSC02577.png"
        },
        {
            "file_path": "DSC02557.JPG",
            "transform_matrix": [
                [
                    0.4275936316949355,
                    0.1029191103289239,
                    -0.8980931704801229,
                    1.2305034532126309
                ],
                [
                    0.9029783821561954,
                    -0.09517590229467751,
                    0.4190126358249521,
                    3.194219884477244
                ],
                [
                    -0.04235242014945198,
                    -0.9901258527841285,
                    -0.13363034144979016,
                    -1.6046358197177821
                ],
                [
                    0.0,
                    0.0,
                    0.0,
                    1.0
                ]
            ],
            "is_bad": true,
            "mask_path": "DSC02557.png"
        },
        {
            "file_path": "DSC02351.JPG",
            "transform_matrix": [
                [
                    0.5976850608545416,
                    0.3422882000870116,
                    0.724990590361349,
                    3.3404631394551836
                ],
                [
                    -0.8012315528135229,
                    0.22310114078855187,
                    0.5552061596874429,
                    3.824316504402259
                ],
                [
                    0.028294289306053978,
                    -0.9127237638300216,
                    0.40759632497438475,
                    -1.7831619443587499
                ],
                [
                    0.0,
                    0.0,
                    0.0,
                    1.0
                ]
            ],
            "is_bad": true,
            "mask_path": "DSC02351.png"
        },
        {
            "file_path": "DSC02564.JPG",
            "transform_matrix": [
                [
                    0.9175368724923745,
                    -0.21339574134463696,
                    0.33554186801781594,
                    3.07453470001342
                ],
                [
                    -0.3972566466727523,
                    -0.4543436404192039,
                    0.7973449774626701,
                    1.41513109691032
                ],
                [
                    -0.017698708744795153,
                    -0.8648896542256695,
                    -0.5016499194878532,
                    -1.3247462480935248
                ],
                [
                    0.0,
                    0.0,
                    0.0,
                    1.0
                ]
            ],
            "is_bad": false,
            "mask_path": "DSC02564.png"
        },
        {
            "file_path": "DSC02502.JPG",
            "transform_matrix": [
                [
                    0.8833299148365746,
                    -0.10360791123826786,
                    0.4571582464351423,
                    1.217811403209526
                ],
                [
                    -0.4685520199848242,
                    -0.16668713247651523,
                    0.8675680978660404,
                    3.97998865619123
                ],
                [
                    -0.013684521290592182,
                    -0.9805512738228436,
                    -0.19578542663193252,
                    -1.500563351460161
                ],
                [
                    0.0,
                    0.0,
                    0.0,
                    1.0
                ]
            ],
            "is_bad": false,
            "mask_path": "DSC02502.png"
        },
        {
            "file_path": "DSC02592.JPG",
            "transform_matrix": [
                [
                    0.43768751640268727,
                    -0.5654915591470633,
                    0.6990342870837388,
                    3.2914196927990647
                ],
                [
                    -0.892142544930303,
                    -0.17642001274213473,
                    0.41588178444042045,
                    1.8197005122158278
                ],
                [
                    -0.11185400086957405,
                    -0.8056644932212719,
                    -0.5817159159349016,
                    -1.404288778072816
                ],
                [
                    0.0,
                    0.0,
                    0.0,
                    1.0
                ]
            ],
            "is_bad": false,
            "mask_path": "DSC02592.png"
        },
        {
            "file_path": "DSC02370.JPG",
            "transform_matrix": [
                [
                    -0.9366882981493388,
                    -0.13188359147300965,
                    0.3243790227654635,
                    3.5693472052690955
                ],
                [
                    -0.32989406687890327,
                    0.6429731839477508,
                    -0.6911985166087902,
                    3.39266245626457
                ],
                [
                    -0.11740927028218538,
                    -0.7544482772359373,
                    -0.6457730717733079,
                    -1.395292291063593
                ],
                [
                    0.0,
                    0.0,
                    0.0,
                    1.0
                ]
            ],
            "is_bad": false,
            "mask_path": "DSC02370.png"
        },
        {
            "file_path": "DSC02393.JPG",
            "transform_matrix": [
                [
                    -0.21213481087339314,
                    0.03377948381244547,
                    -0.9766564229497875,
                    2.6820198514282856
                ],
                [
                    0.9772321041912554,
                    0.011453472566065034,
                    -0.21186371209839108,
                    1.5059269670412379
                ],
                [
                    0.004029460713454389,
                    -0.9993636797680527,
                    -0.03544007628117635,
                    -1.5893712374869269
                ],
                [
                    0.0,
                    0.0,
                    0.0,
                    1.0
                ]
            ],
            "is_bad": true,
            "mask_path": "DSC02393.png"
        },
        {
            "file_path": "DSC02526.JPG",
            "transform_matrix": [
                [
                    -0.9978815735048133,
                    0.057126758788467284,
                    -0.031127137515087177,
                    0.9749823033865131
                ],
                [
                    0.05972292380213493,
                    0.6146754617177376,
                    -0.786515892486993,
                    3.1734471058759266
                ],
                [
                    -0.025798016049362466,
                    -0.7867087200434548,
                    -0.6167850939958803,
                    -1.2836878322380032
                ],
                [
                    0.0,
                    0.0,
                    0.0,
                    1.0
                ]
            ],
            "is_bad": false,
            "mask_path": "DSC02526.png"
        },
        {
            "file_path": "DSC02304.JPG",
            "transform_matrix": [
                [
                    0.4901375932816883,
                    -0.22887175670730883,
                    0.8410605558660708,
                    3.425355967588151
                ],
                [
                    -0.8706787816572462,
                    -0.08313285323410957,
                    0.4847756057033064,
                    2.826037619334656
                ],
                [
                    -0.04103168073435253,
                    -0.969900328742529,
                    -0.2400203188924789,
                    -1.5410756609376655
                ],
                [
                    0.0,
                    0.0,
                    0.0,
                    1.0
                ]
            ],
            "is_bad": true,
            "mask_path": "DSC02304.png"
        },
        {
            "file_path": "DSC02427.JPG",
            "transform_matrix": [
                [
                    0.9875481362290893,
                    0.005425840423403341,
                    -0.1572235315916521,
                    1.2451404322309467
                ],
                [
                    0.14813161970224503,
                    0.30442931716039956,
                    0.9409462333723654,
                    2.4740033773925902
                ],
                [
                    0.05296887647327438,
                    -0.9525194754486398,
                    0.29983486624508265,
                    -1.6748163315487625
                ],
                [
                    0.0,
                    0.0,
                    0.0,
                    1.0
                ]
            ],
            "is_bad": true,
            "mask_path": "DSC02427.png"
        },
        {
            "file_path": "DSC02625.JPG",
            "transform_matrix": [
                [
                    -0.5331465699487183,
                    -0.18113452874654348,
                    -0.8264048750144711,
                    3.243301841214623
                ],
                [
                    0.8432662295969252,
                    -0.19256564298986195,
                    -0.5018172368116576,
                    1.9725128202288946
                ],
                [
                    -0.0682407574203461,
                    -0.9644214616212501,
                    0.2554103431559279,
                    -1.7073421168071459
                ],
                [
                    0.0,
                    0.0,
                    0.0,
                    1.0
                ]
            ],
            "is_bad": false,
            "mask_path": "DSC02625.png"
        },
        {
            "file_path": "DSC02473.JPG",
            "transform_matrix": [
                [
                    -0.29656103667419936,
                    0.4370743219073457,
                    -0.8491275455760208,
                    1.2189955670118713
                ],
                [
                    0.9530287168717902,
                    0.07814369268827907,
                    -0.29262574751847903,
                    3.513469181010982
                ],
                [
                    -0.061545238194624194,
                    -0.8960243302624505,
                    -0.4397187546981515,
                    -1.4894815745830836
                ],
                [
                    0.0,
                    0.0,
                    0.0,
                    1.0
                ]
            ],
            "is_bad": false,
            "mask_path": "DSC02473.png"
        },
        {
            "file_path": "DSC02261.JPG",
            "transform_matrix": [
                [
                    -0.5187063116180055,
                    -0.45244664310252175,
                    0.7254211173055994,
                    2.8197352834254805
                ],
                [
                    -0.854105111105661,
                    0.31199879494080246,
                    -0.41612643648135994,
                    1.1465988975159915
                ],
                [
                    -0.038055505131751224,
                    -0.8354332930286813,
                    -0.5482727345294695,
                    -1.3857056009623614
                ],
                [
                    0.0,
                    0.0,
                    0.0,
                    1.0
                ]
            ],
            "is_bad": false,
            "mask_path": "DSC02261.png"
        },
        {
            "file_path": "DSC02333.JPG",
            "transform_matrix": [
                [
                    -0.12785816495826974,
                    -0.40389068004356393,
                    0.9058281339346064,
                    3.3296917320577704
                ],
                [
                    -0.9911005541580138,
                    0.08614147706597193,
                    -0.10148565157976427,
                    3.962907537557431
                ],
                [
                    -0.0370402645938249,
                    -0.9107425346950915,
                    -0.411310167994883,
                    -1.4864226336630921
                ],
                [
                    0.0,
                    0.0,
                    0.0,
                    1.0
                ]
            ],
            "is_bad": false,
            "mask_path": "DSC02333.png"
        },
        {
            "file_path": "DSC02439.JPG",
            "transform_matrix": [
                [
                    0.9996134755581702,
                    0.00852426399951856,
                    -0.02646198038284956,
                    0.9026119825876959
                ],
                [
                    0.027625370850230088,
                    -0.19771876268188981,
                    0.979869445267547,
                    3.0051617801467936
                ],
                [
                    0.0031206358171127313,
                    -0.9802217237986565,
                    -0.197877825501717,
                    -1.5448425241331771
                ],
                [
                    0.0,
                    0.0,
                    0.0,
                    1.0
                ]
            ],
            "is_bad": false,
            "mask_path": "DSC02439.png"
        },
        {
            "file_path": "DSC02388.JPG",
            "transform_matrix": [
                [
                    -0.8272991466364571,
                    -0.0770070649173467,
                    -0.5564584745759619,
                    3.0827019443503887
                ],
                [
                    0.5563401938425571,
                    0.024973142189279342,
                    -0.8305792742925993,
                    1.7001493736273703
                ],
                [
                    0.07785698870246828,
                    -0.9967177404471191,
                    0.02218186620134107,
                    -1.6110779825369914
                ],
                [
                    0.0,
                    0.0,
                    0.0,
                    1.0
                ]
            ],
            "is_bad": false,
            "mask_path": "DSC02388.png"
        },
        {
            "file_path": "DSC02612.JPG",
            "transform_matrix": [
                [
                    0.668081670478041,
                    -0.0728582829021049,
                    0.7405123578873131,
                    3.5194436390057016
                ],
                [
                    -0.7420708481614227,
                    0.007989874351245546,
                    0.6702738382309428,
                    3.6684737169728683
                ],
                [
                    -0.05475160162277426,
                    -0.997310299014509,
                    -0.0487281191852609,
                    -1.5806737902507855
                ],
                [
                    0.0,
                    0.0,
                    0.0,
                    1.0
                ]
            ],
            "is_bad": false,
            "mask_path": "DSC02612.png"
        },
        {
            "file_path": "DSC02402.JPG",
            "transform_matrix": [
                [
                    0.024098072062252174,
                    0.06677234858825477,
                    -0.9974771858979484,
                    1.8793444160375945
                ],
                [
                    0.9988554789960377,
                    -0.04284392883243239,
                    0.02126334502842685,
                    1.4920529587882696
                ],
                [
                    -0.041316038078196185,
                    -0.9968479579284943,
                    -0.06772838231724558,
                    -1.5641544090204744
                ],
                [
                    0.0,
                    0.0,
                    0.0,
                    1.0
                ]
            ],
            "is_bad": false,
            "mask_path": "DSC02402.png"
        },
        {
            "file_path": "DSC02493.JPG",
            "transform_matrix": [
                [
                    0.9983988323369608,
                    -0.05528477667973619,
                    0.011973514758171638,
                    1.4271697392202225
                ],
                [
                    -0.007975324995006016,
                    0.0719821583486776,
                    0.9973740336858029,
                    3.874644528555869
                ],
                [
                    -0.05600148015379998,
                    -0.9958725633066396,
                    0.07142598878311711,
                    -1.6942745062942455
                ],
                [
                    0.0,
                    0.0,
                    0.0,
                    1.0
                ]
            ],
            "is_bad": false,
            "mask_path": "DSC02493.png"
        },
        {
            "file_path": "DSC02381.JPG",
            "transform_matrix": [
                [
                    -0.9943096883774508,
                    0.03855826911498539,
                    -0.09930510299875406,
                    3.3416054224428846
                ],
                [
                    0.10560263296327337,
                    0.4793796572031978,
                    -0.8712308696154937,
                    2.118275121130721
                ],
                [
                    0.014011691902154233,
                    -0.8767601748155545,
                    -0.4807236923092499,
                    -1.4249627578538229
                ],
                [
                    0.0,
                    0.0,
                    0.0,
                    1.0
                ]
            ],
            "is_bad": false,
            "mask_path": "DSC02381.png"
        },
        {
            "file_path": "DSC02417.JPG",
            "transform_matrix": [
                [
                    0.4104616313024581,
                    0.13122830170384323,
                    -0.9023859385320953,
                    1.5871162116997242
                ],
                [
                    0.9117161855009631,
                    -0.04042458005345519,
                    0.40882691988551256,
                    1.9916131544088729
                ],
                [
                    0.01717108977608595,
                    -0.9905276301847552,
                    -0.1362357057326555,
                    -1.5410317665837059
                ],
                [
                    0.0,
                    0.0,
                    0.0,
                    1.0
                ]
            ],
            "is_bad": true,
            "mask_path": "DSC02417.png"
        },
        {
            "file_path": "DSC02410.JPG",
            "transform_matrix": [
                [
                    -0.2769700718337168,
                    0.39912024819184044,
                    -0.8740655620671195,
                    1.2954906717916934
                ],
                [
                    0.9605945452736374,
                    0.1371259196219121,
                    -0.24177386492005074,
                    1.9054695226154417
                ],
                [
                    0.023360199035106104,
                    -0.9065867358676325,
                    -0.42137250912928775,
                    -1.4538195621477576
                ],
                [
                    0.0,
                    0.0,
                    0.0,
                    1.0
                ]
            ],
            "is_bad": false,
            "mask_path": "DSC02410.png"
        },
        {
            "file_path": "DSC02397.JPG",
            "transform_matrix": [
                [
                    0.2532040788881484,
                    0.29599718401239344,
                    -0.9210175685029781,
                    2.427908436566131
                ],
                [
                    0.9666193126882534,
                    -0.11596278217009555,
                    0.22847261868648386,
                    1.5809130602579091
                ],
                [
                    -0.03917650791600535,
                    -0.9481235680058294,
                    -0.3154788440124043,
                    -1.4996226305127045
                ],
                [
                    0.0,
                    0.0,
                    0.0,
                    1.0
                ]
            ],
            "is_bad": false,
            "mask_path": "DSC02397.png"
        },
        {
            "file_path": "DSC02367.JPG",
            "transform_matrix": [
                [
                    -0.6907736833505964,
                    -0.3338605538259371,
                    0.6413804245448158,
                    3.3530075315531334
                ],
                [
                    -0.7041298073178599,
                    0.5122904492934147,
                    -0.4916906649604655,
                    3.5349282163929825
                ],
                [
                    -0.16441694814332047,
                    -0.7912620464560332,
                    -0.5889579280402351,
                    -1.4154541119995214
                ],
                [
                    0.0,
                    0.0,
                    0.0,
                    1.0
                ]
            ],
            "is_bad": false,
            "mask_path": "DSC02367.png"
        },
        {
            "file_path": "DSC02518.JPG",
            "transform_matrix": [
                [
                    -0.4279522595211141,
                    0.5428944428889608,
                    -0.7225804366650532,
                    1.0786366059588186
                ],
                [
                    0.9024307154992187,
                    0.21265852998109305,
                    -0.3746934124719155,
                    3.4103525361132605
                ],
                [
                    -0.0497560779638175,
                    -0.8124296729604147,
                    -0.5809323189486819,
                    -1.2713015007918353
                ],
                [
                    0.0,
                    0.0,
                    0.0,
                    1.0
                ]
            ],
            "is_bad": false,
            "mask_path": "DSC02518.png"
        },
        {
            "file_path": "DSC02547.JPG",
            "transform_matrix": [
                [
                    -0.68841805184631,
                    0.5299421949176135,
                    -0.4952189979575027,
                    0.8048861000326872
                ],
                [
                    0.7194722625574216,
                    0.41245195597471507,
                    -0.5587871217405929,
                    3.385593465610015
                ],
                [
                    -0.09187082944349512,
                    -0.7409754746673695,
                    -0.6652180820143346,
                    -1.3314476175517498
                ],
                [
                    0.0,
                    0.0,
                    0.0,
                    1.0
                ]
            ],
            "is_bad": false,
            "mask_path": "DSC02547.png"
        },
        {
            "file_path": "DSC02279.JPG",
            "transform_matrix": [
                [
                    -0.6502416928622349,
                    -0.22824230127326503,
                    0.7246317635690146,
                    2.7762259515498675
                ],
                [
                    -0.7571003560504643,
                    0.2739253531908789,
                    -0.5930969159821317,
                    1.7188613425132602
                ],
                [
                    -0.06312520678713315,
                    -0.9342753088831675,
                    -0.3509200129364901,
                    -1.4878141467730435
                ],
                [
                    0.0,
                    0.0,
                    0.0,
                    1.0
                ]
            ],
            "is_bad": false,
            "mask_path": "DSC02279.png"
        },
        {
            "file_path": "DSC02570.JPG",
            "transform_matrix": [
                [
                    0.8221036354463684,
                    -0.0636562869539633,
                    0.5657680529307911,
                    3.2379120806489494
                ],
                [
                    -0.569012383598487,
                    -0.1254621391325781,
                    0.8127017650748917,
                    1.4382689215036029
                ],
                [
                    0.019248893407971233,
                    -0.990054103963774,
                    -0.13936409626247395,
                    -1.5125107097714734
                ],
                [
                    0.0,
                    0.0,
                    0.0,
                    1.0
                ]
            ],
            "is_bad": false,
            "mask_path": "DSC02570.png"
        },
        {
            "file_path": "DSC02323.JPG",
            "transform_matrix": [
                [
                    -0.22876294404782205,
                    -0.3057886312913823,
                    0.9242082170179601,
                    3.46312344620703
                ],
                [
                    -0.9719515037922565,
                    0.12496393770935775,
                    -0.19923425545860518,
                    3.1798960423154665
                ],
                [
                    -0.05456912777886435,
                    -0.9438629811816519,
                    -0.32579883831643697,
                    -1.507212393616892
                ],
                [
                    0.0,
                    0.0,
                    0.0,
                    1.0
                ]
            ],
            "is_bad": false,
            "mask_path": "DSC02323.png"
        },
        {
            "file_path": "DSC02511.JPG",
            "transform_matrix": [
                [
                    0.5237747877056478,
                    0.29523188265274075,
                    -0.7990607656675571,
                    1.192002639676806
                ],
                [
                    0.8512758118330794,
                    -0.21604071861581162,
                    0.47817977799975564,
                    3.0947000908052438
                ],
                [
                    -0.03145574592718241,
                    -0.9306796137045675,
                    -0.36448044211299263,
                    -1.3901160678632807
                ],
                [
                    0.0,
                    0.0,
                    0.0,
                    1.0
                ]
            ],
            "is_bad": false,
            "mask_path": "DSC02511.png"
        },
        {
            "file_path": "DSC02563.JPG",
            "transform_matrix": [
                [
                    0.9036007823664322,
                    -0.10561361745492089,
                    -0.41515224907840365,
                    1.0405782588231416
                ],
                [
                    0.4245696236094274,
                    0.09189941600052837,
                    0.9007192304191749,
                    2.916813485945455
                ],
                [
                    -0.056975966994169895,
                    -0.9901516354310823,
                    0.1278807180079617,
                    -1.7158449159776625
                ],
                [
                    0.0,
                    0.0,
                    0.0,
                    1.0
                ]
            ],
            "is_bad": false,
            "mask_path": "DSC02563.png"
        },
        {
            "file_path": "DSC02273.JPG",
            "transform_matrix": [
                [
                    -0.5783429189312318,
                    0.23492918797818685,
                    0.7812347564964148,
                    2.7325895502772566
