{
    "fl_x": 623.9398283376224,
    "fl_y": 624.6215829672441,
    "cx": 876.0,
    "cy": 584.0,
    "w": 1752,
    "h": 1168,
    "k1": 0.0,
    "k2": 0.0,
    "k3": 0.0,
    "k4": 0.0,
    "camera_model": "PINHOLE",
    "has_mask": true,
    "aabb_range": [
        [
            0.06295937299728394,
            0.0037239801604300737,
            -2.6644909381866455
        ],
        [
            2.1998801231384277,
            5.097963809967041,
            -0.05917288362979889
        ]
    ],
    "frames": [
        {
            "file_path": "DSC06236.JPG",
            "transform_matrix": [
                [
                    0.9927430343192868,
                    -0.09020480516436728,
                    0.07952585073920816,
                    0.7848704970598895
                ],
                [
                    -0.11802321692364072,
                    -0.6040337212718551,
                    0.7881711640459015,
                    4.054975285396665
                ],
                [
                    -0.023060530729619465,
                    -0.7918373296907228,
                    -0.6102965305740609,
                    -1.3459698231106045
                ],
                [
                    0.0,
                    0.0,
                    0.0,
                    1.0
                ]
            ],
            "is_bad": true,
            "mask_path": "DSC06236.png"
        },
        {
            "file_path": "DSC06090.JPG",
            "transform_matrix": [
                [
                    -0.2666211878363729,
                    0.2757443888677925,
                    -0.9235140357377626,
                    0.7494936562160448
                ],
                [
                    0.9637993682431638,
                    0.07431200043340033,
                    -0.2560634772193505,
                    0.4698364666125879
                ],
                [
                    -0.0019798916132157964,
                    -0.9583541926654853,
                    -0.2855754216134259,
                    -1.6025370918365902
                ],
                [
                    0.0,
                    0.0,
                    0.0,
                    1.0
                ]
            ],
            "is_bad": false,
            "mask_path": "DSC06090.png"
        },
        {
            "file_path": "DSC06215.JPG",
            "transform_matrix": [
                [
                    -0.8842270692348824,
                    -0.22036397033711116,
                    0.41180360684378897,
                    0.9617032685781324
                ],
                [
                    -0.4655294223407116,
                    0.48708369771106175,
                    -0.7389396648977775,
                    2.245783542157812
                ],
                [
                    -0.037747145155776894,
                    -0.8450971494457797,
                    -0.5332785023148823,
                    -1.273954302232827
                ],
                [
                    0.0,
                    0.0,
                    0.0,
                    1.0
                ]
            ],
            "is_bad": false,
            "mask_path": "DSC06215.png"
        },
        {
            "file_path": "DSC06072.JPG",
            "transform_matrix": [
                [
                    0.939462368380579,
                    -0.11005971791562032,
                    -0.32449548053723076,
                    0.7947924361111148
                ],
                [
                    0.34259623136889056,
                    0.31880556503050006,
                    0.8837368578697041,
                    1.4530831051289772
                ],
                [
                    0.006187135733738897,
                    -0.9414084502477753,
                    0.3372118757598766,
                    -1.8241158383270268
                ],
                [
                    0.0,
                    0.0,
                    0.0,
                    1.0
                ]
            ],
            "is_bad": false,
            "mask_path": "DSC06072.png"
        },
        {
            "file_path": "DSC06180.JPG",
            "transform_matrix": [
                [
                    0.9685144730973101,
                    0.043245877019466764,
                    0.24517240774984733,
                    1.0398266717129088
                ],
                [
                    -0.2470031185184729,
                    0.04377141041458082,
                    0.9680255797614378,
                    3.115937883743585
                ],
                [
                    0.03113157309211151,
                    -0.9981051336162617,
                    0.0530751109812783,
                    -1.7143191452397615
                ],
                [
                    0.0,
                    0.0,
                    0.0,
                    1.0
                ]
            ],
            "is_bad": false,
            "mask_path": "DSC06180.png"
        },
        {
            "file_path": "DSC06204.JPG",
            "transform_matrix": [
                [
                    -0.33087085928348176,
                    0.4359823789883791,
                    -0.836925229449229,
                    0.6584191990839917
                ],
                [
                    0.9429422551124595,
                    0.11777710469562011,
                    -0.31142969854037045,
                    1.59509764143579
                ],
                [
                    -0.03720723048601663,
                    -0.8922151751798166,
                    -0.4500752194671577,
                    -0.9801626299668682
                ],
                [
                    0.0,
                    0.0,
                    0.0,
                    1.0
                ]
            ],
            "is_bad": false,
            "mask_path": "DSC06204.png"
        },
        {
            "file_path": "DSC06175.JPG",
            "transform_matrix": [
                [
                    0.9907103647931824,
                    -0.03678966833405567,
                    -0.13091788798796747,
                    0.9774001220137618
                ],
                [
                    0.13393291966368392,
                    0.4307390503058276,
                    0.8924829654239876,
                    3.7362565546880573
                ],
                [
                    0.023557294448238803,
                    -0.9017263392213315,
                    0.431664989352594,
                    -1.8574732140778356
                ],
                [
                    0.0,
                    0.0,
                    0.0,
                    1.0
                ]
            ],
            "is_bad": true,
            "mask_path": "DSC06175.png"
        },
        {
            "file_path": "DSC06099.JPG",
            "transform_matrix": [
                [
                    -0.9941716134934386,
                    0.07217173093926661,
                    -0.08008772800549872,
                    0.8893363671603248
                ],
                [
                    0.10671191532392131,
                    0.5530514451042365,
                    -0.8262848577796981,
                    1.0081546286102097
                ],
                [
                    -0.0153417747263104,
                    -0.8300152651134469,
                    -0.5575296311649288,
                    -1.4658048114298867
                ],
                [
                    0.0,
                    0.0,
                    0.0,
                    1.0
                ]
            ],
            "is_bad": false,
            "mask_path": "DSC06099.png"
        },
        {
            "file_path": "DSC06225.JPG",
            "transform_matrix": [
                [
                    -0.16771279798324068,
                    -0.6390659049734805,
                    0.750644514063121,
                    0.9362950831540415
                ],
                [
                    -0.9855471965366758,
                    0.09026144266519359,
                    -0.1433513005406607,
                    3.5274058610659096
                ],
                [
                    0.023856671841092227,
                    -0.7638374441387543,
                    -0.644967610148171,
                    -1.3141767191268636
                ],
                [
                    0.0,
                    0.0,
                    0.0,
                    1.0
                ]
            ],
            "is_bad": false,
            "mask_path": "DSC06225.png"
        },
        {
            "file_path": "DSC06120.JPG",
            "transform_matrix": [
                [
                    -0.6502557378626198,
                    0.019878536374423213,
                    -0.7594552779251394,
                    0.8609232441122527
                ],
                [
                    0.7586759506063888,
                    0.0692659176971229,
                    -0.6477754507675232,
                    2.572912410659793
                ],
                [
                    0.039727538914867806,
                    -0.9974001586310214,
                    -0.060121927901403395,
                    -1.6920112489586505
                ],
                [
                    0.0,
                    0.0,
                    0.0,
                    1.0
                ]
            ],
            "is_bad": false,
            "mask_path": "DSC06120.png"
        },
        {
            "file_path": "DSC06066.JPG",
            "transform_matrix": [
                [
                    0.9935438637076955,
                    -0.02015822585209716,
                    -0.11164334650699147,
                    0.7828954186167371
                ],
                [
                    0.11284245904582764,
                    0.07400235626026794,
                    0.9908532841467597,
                    2.0224135596928776
                ],
                [
                    -0.011711973585823708,
                    -0.9970543100545849,
                    0.07579929073745177,
                    -1.7202492423463047
                ],
                [
                    0.0,
                    0.0,
                    0.0,
                    1.0
                ]
            ],
            "is_bad": false,
            "mask_path": "DSC06066.png"
        },
        {
            "file_path": "DSC06220.JPG",
            "transform_matrix": [
                [
                    -0.5970261832371639,
                    -0.4075149140750839,
                    0.691007475600403,
                    0.9491588050705128
                ],
                [
                    -0.8007110994711724,
                    0.355544423290539,
                    -0.48213058215660376,
                    2.8742162032050396
                ],
                [
                    -0.049208451641277684,
                    -0.8411419368176665,
                    -0.5385710449083703,
                    -1.2840646264967235
                ],
                [
                    0.0,
                    0.0,
                    0.0,
                    1.0
                ]
            ],
            "is_bad": false,
            "mask_path": "DSC06220.png"
        },
        {
            "file_path": "DSC06167.JPG",
            "transform_matrix": [
                [
                    0.5316714528940346,
                    -0.07224046573603293,
                    -0.843864195998258,
                    1.0042197116092768
                ],
                [
                    0.8466826444034145,
                    0.07039945443225654,
                    0.5274205309633688,
                    4.182852724058539
                ],
                [
                    0.021306474217652836,
                    -0.9948996089686039,
                    0.09859412878326392,
                    -1.7346292495343671
                ],
                [
                    0.0,
                    0.0,
                    0.0,
                    1.0
                ]
            ],
            "is_bad": false,
            "mask_path": "DSC06167.png"
        },
        {
            "file_path": "DSC06081.JPG",
            "transform_matrix": [
                [
                    0.36430161870637073,
                    -0.4960837199832388,
                    -0.7881530773748903,
                    0.7261157659268651
                ],
                [
                    0.9301974867134469,
                    0.23464689035190872,
                    0.2822648978533571,
                    0.8333252271012478
                ],
                [
                    0.04491064817952282,
                    -0.8359675709115582,
                    0.5469380715074827,
                    -1.8547925673300827
                ],
                [
                    0.0,
                    0.0,
                    0.0,
                    1.0
                ]
            ],
            "is_bad": false,
            "mask_path": "DSC06081.png"
        },
        {
            "file_path": "DSC06196.JPG",
            "transform_matrix": [
                [
                    -0.39697117142535243,
                    0.5634663448393908,
                    -0.7245133313407829,
                    0.8880066752395948
                ],
                [
                    0.9177111918978887,
                    0.2564312092695504,
                    -0.30339611595719596,
                    1.5015273852658242
                ],
                [
                    0.0148343291907581,
                    -0.7853335044080901,
                    -0.6188951684506573,
                    -1.3429258442095307
                ],
                [
                    0.0,
                    0.0,
                    0.0,
                    1.0
                ]
            ],
            "is_bad": false,
            "mask_path": "DSC06196.png"
        },
        {
            "file_path": "DSC06211.JPG",
            "transform_matrix": [
                [
                    -0.9931661857250762,
                    0.09942666929426476,
                    -0.06111681409686549,
                    0.916131134280972
                ],
                [
                    0.11164182862068121,
                    0.65674101356744,
                    -0.745806505201343,
                    1.8388876032081114
                ],
                [
                    -0.03401513831417754,
                    -0.7475329949450118,
                    -0.6633531426276702,
                    -1.216347067153364
                ],
                [
                    0.0,
                    0.0,
                    0.0,
                    1.0
                ]
            ],
            "is_bad": false,
            "mask_path": "DSC06211.png"
        },
        {
            "file_path": "DSC06077.JPG",
            "transform_matrix": [
                [
                    0.6104681534311016,
                    -0.32705171969745894,
                    -0.7213638515266454,
                    0.6975140613755204
                ],
                [
                    0.7919450720208566,
                    0.2662056955673469,
                    0.5495066246637844,
                    1.1353490805459505
                ],
                [
                    0.012314079271354165,
                    -0.9067368418071696,
                    0.4215170971161893,
                    -1.8486048473903405
                ],
                [
                    0.0,
                    0.0,
                    0.0,
                    1.0
                ]
            ],
            "is_bad": false,
            "mask_path": "DSC06077.png"
        },
        {
            "file_path": "DSC06110.JPG",
            "transform_matrix": [
                [
                    -0.9529774255116432,
                    0.15429672331285046,
                    -0.26081899401714986,
                    0.7557639867230364
                ],
                [
                    0.30302851287550986,
                    0.49310313615461077,
                    -0.8154894343269841,
                    2.390434353476174
                ],
                [
                    0.002783316305643639,
                    -0.8561786135435789,
                    -0.5166724638113954,
                    -1.4816210898575217
                ],
                [
                    0.0,
                    0.0,
                    0.0,
                    1.0
                ]
            ],
            "is_bad": false,
            "mask_path": "DSC06110.png"
        },
        {
            "file_path": "DSC06249.JPG",
            "transform_matrix": [
                [
                    -0.46057506032162576,
                    0.07837664333218458,
                    -0.8841536719313616,
                    0.7440263499146333
                ],
                [
                    0.8875746144551152,
                    0.050823429285397674,
                    -0.4578518131563156,
                    1.6451444667918436
                ],
                [
                    0.009050833364081587,
                    -0.9956274809463884,
                    -0.09297312299672371,
                    -1.6094434272985825
                ],
                [
                    0.0,
                    0.0,
                    0.0,
                    1.0
                ]
            ],
            "is_bad": false,
            "mask_path": "DSC06249.png"
        },
        {
            "file_path": "DSC06145.JPG",
            "transform_matrix": [
                [
                    0.7849444948320672,
                    -0.3531369143646738,
                    0.5090741200904129,
                    0.8586843248430907
                ],
                [
                    -0.6184452125609096,
                    -0.3971866999649622,
                    0.6780621243156375,
                    3.2121132098007434
                ],
                [
                    -0.03725129653210228,
                    -0.8470755840442695,
                    -0.5301653476253776,
                    -1.50730965537642
                ],
                [
                    0.0,
                    0.0,
                    0.0,
                    1.0
                ]
            ],
            "is_bad": false,
            "mask_path": "DSC06145.png"
        },
        {
            "file_path": "DSC06183.JPG",
            "transform_matrix": [
                [
                    0.9691349266277712,
                    0.1091578504790504,
                    -0.2210476366509662,
                    0.8943411222243689
                ],
                [
                    0.2397730290570129,
                    -0.20884817562313382,
                    0.9480987997438418,
                    2.902092954654911
                ],
                [
                    0.05732703138144586,
                    -0.971836922131322,
                    -0.2285751698135841,
                    -1.5821658658643016
                ],
                [
                    0.0,
                    0.0,
                    0.0,
                    1.0
                ]
            ],
            "is_bad": false,
            "mask_path": "DSC06183.png"
        },
        {
            "file_path": "DSC06106.JPG",
            "transform_matrix": [
                [
                    -0.985007949653451,
                    0.11418582998374933,
                    -0.12930945576572417,
                    0.7486954784918075
                ],
                [
                    0.1713082480093582,
                    0.5591656087170255,
                    -0.8111641672263903,
                    1.9123608485901817
                ],
                [
                    -0.02031805314171342,
                    -0.8211549295102853,
                    -0.5703435442410917,
                    -1.4559243603702001
                ],
                [
                    0.0,
                    0.0,
                    0.0,
                    1.0
                ]
            ],
            "is_bad": false,
            "mask_path": "DSC06106.png"
        },
        {
            "file_path": "DSC06153.JPG",
            "transform_matrix": [
                [
                    0.9809949178701964,
                    0.09513355064523435,
                    -0.16911114290452936,
                    0.9276100674512447
                ],
                [
                    0.19333887324739368,
                    -0.405577081369228,
                    0.8933797127534551,
                    3.7576496863995095
                ],
                [
                    0.016402780382422755,
                    -0.9090967157622166,
                    -0.4162620691176131,
                    -1.485671915633659
                ],
                [
                    0.0,
                    0.0,
                    0.0,
                    1.0
                ]
            ],
            "is_bad": false,
            "mask_path": "DSC06153.png"
        },
        {
            "file_path": "DSC06178.JPG",
            "transform_matrix": [
                [
                    0.9909484186404547,
                    0.10613536100982131,
                    0.08219803365833936,
                    0.9634482148414952
                ],
                [
                    -0.11443152462738199,
                    0.34769016357125593,
                    0.9306003311450338,
                    3.3591875934878055
                ],
                [
                    0.0701901543340336,
                    -0.931582972847351,
                    0.3566882489450082,
                    -1.8268471444244223
                ],
                [
                    0.0,
                    0.0,
                    0.0,
                    1.0
                ]
            ],
            "is_bad": true,
            "mask_path": "DSC06178.png"
        },
        {
            "file_path": "DSC06172.JPG",
            "transform_matrix": [
                [
                    0.7324468788167676,
                    -0.2668699891927568,
                    -0.6263401460706738,
                    0.8435569110023005
                ],
                [
                    0.6802162010128809,
                    0.3257193342250546,
                    0.6566679794169891,
                    3.975421393318451
                ],
                [
                    0.02876611880632212,
                    -0.9070211266449337,
                    0.42010139993646245,
                    -1.8455228242611514
                ],
                [
                    0.0,
                    0.0,
                    0.0,
                    1.0
                ]
            ],
            "is_bad": true,
            "mask_path": "DSC06172.png"
        },
        {
            "file_path": "DSC06095.JPG",
            "transform_matrix": [
                [
                    -0.5223057474358775,
                    0.39386702098598225,
                    -0.7563501014577025,
                    0.7805987146671888
                ],
                [
                    0.8526792281888886,
                    0.2291395699029887,
                    -0.4695031323855835,
                    0.7283827403946337
                ],
                [
                    -0.011612063152197136,
                    -0.8901482052356793,
                    -0.4555231417887001,
                    -1.5192882177876434
                ],
                [
                    0.0,
                    0.0,
                    0.0,
                    1.0
                ]
            ],
            "is_bad": false,
            "mask_path": "DSC06095.png"
        },
        {
            "file_path": "DSC06101.JPG",
            "transform_matrix": [
                [
                    -0.999066918069838,
                    0.0369438354564765,
                    -0.0223706557838771,
                    0.8041446076422114
                ],
                [
                    0.03934791185459776,
                    0.5650512005878341,
                    -0.8241170320694329,
                    1.2520677743512387
                ],
                [
                    -0.0178054781210357,
                    -0.8242283019503832,
                    -0.5659776243040618,
                    -1.4549031850830791
                ],
                [
                    0.0,
                    0.0,
                    0.0,
                    1.0
                ]
            ],
            "is_bad": false,
            "mask_path": "DSC06101.png"
        },
        {
            "file_path": "DSC06126.JPG",
            "transform_matrix": [
                [
                    0.24335167199376184,
                    -0.21773486675482207,
                    -0.9451833110762695,
                    0.8142900788626702
                ],
                [
                    0.9696952395671777,
                    0.07642126517017377,
                    0.2320580371168894,
                    2.803203252800879
                ],
                [
                    0.021704978659150994,
                    -0.9730114686009871,
                    0.2297337064349852,
                    -1.803779096350706
                ],
                [
                    0.0,
                    0.0,
                    0.0,
                    1.0
                ]
            ],
            "is_bad": true,
            "mask_path": "DSC06126.png"
        },
        {
            "file_path": "DSC06228.JPG",
            "transform_matrix": [
                [
                    0.5538808976566444,
                    -0.596165831212508,
                    0.5812075815969447,
                    0.7825098547098805
                ],
                [
                    -0.8318203486315924,
                    -0.36610409172518255,
                    0.41718425380698876,
                    4.302148848770114
                ],
                [
                    -0.03592852367527386,
                    -0.7145306821381279,
                    -0.6986809325219459,
                    -1.2835259640582786
                ],
                [
                    0.0,
                    0.0,
                    0.0,
                    1.0
                ]
            ],
            "is_bad": false,
            "mask_path": "DSC06228.png"
        },
        {
            "file_path": "DSC06217.JPG",
            "transform_matrix": [
                [
                    -0.8030774255194,
                    -0.2630930507002878,
                    0.5346481976911069,
                    0.9266989581213676
                ],
                [
                    -0.5945323697265332,
                    0.4139706915038373,
                    -0.689318161608403,
                    2.494219008074409
                ],
                [
                    -0.039973866068798894,
                    -0.8714415145315553,
                    -0.48886785206481265,
                    -1.2910110015635572
                ],
                [
                    0.0,
                    0.0,
                    0.0,
                    1.0
                ]
            ],
            "is_bad": false,
            "mask_path": "DSC06217.png"
        },
        {
            "file_path": "DSC06069.JPG",
            "transform_matrix": [
                [
                    0.9764064797699307,
                    -0.0665738541918784,
                    -0.20542226802693747,
                    0.8677182530077491
                ],
                [
                    0.21569182333225234,
                    0.2550169700557063,
                    0.9425727464398788,
                    1.7689515343600004
                ],
                [
                    -0.010364536212526403,
                    -0.964642040822214,
                    0.26335965801058736,
                    -1.7899385967129389
                ],
                [
                    0.0,
                    0.0,
                    0.0,
                    1.0
                ]
            ],
            "is_bad": false,
            "mask_path": "DSC06069.png"
        },
        {
            "file_path": "DSC06160.JPG",
            "transform_matrix": [
                [
                    0.6882156504116245,
                    0.34322102042979524,
                    -0.6391858490796203,
                    0.9805772871369961
                ],
                [
                    0.7254259224449566,
                    -0.31243937224097235,
                    0.6133016139865857,
                    4.100310051839394
                ],
                [
                    0.010791180351966672,
                    -0.8857657533506234,
                    -0.464007091128804,
                    -1.4969979973655816
                ],
                [
                    0.0,
                    0.0,
                    0.0,
                    1.0
                ]
            ],
            "is_bad": false,
            "mask_path": "DSC06160.png"
        },
        {
            "file_path": "DSC06221.JPG",
            "transform_matrix": [
                [
                    -0.15939981065707573,
                    -0.6363175566690127,
                    0.7547792176771071,
                    0.931182404652667
                ],
                [
                    -0.9870427548098658,
                    0.08848017476348798,
                    -0.13385760662424978,
                    3.282323298870371
                ],
                [
                    0.018392948100785293,
                    -0.7663362354401626,
                    -0.6421763571726701,
                    -1.2805513637957926
                ],
                [
                    0.0,
                    0.0,
                    0.0,
                    1.0
                ]
            ],
            "is_bad": false,
            "mask_path": "DSC06221.png"
        },
        {
            "file_path": "DSC06192.JPG",
            "transform_matrix": [
                [
                    0.7934779212728669,
                    0.25326668516622425,
                    -0.5533974834035678,
                    0.9503939990390234
                ],
                [
                    0.6085940637904386,
                    -0.3265246222681899,
                    0.7231838884900958,
                    2.1863776761884064
                ],
                [
                    0.0024604819709902396,
                    -0.9106248718531293,
                    -0.4132266796698172,
                    -1.5038273498811672
                ],
                [
                    0.0,
                    0.0,
                    0.0,
                    1.0
                ]
            ],
            "is_bad": false,
            "mask_path": "DSC06192.png"
        },
        {
            "file_path": "DSC06085.JPG",
            "transform_matrix": [
                [
                    -0.04033007755674659,
                    -0.14569941614565765,
                    -0.988506532593023,
                    0.6655501593497729
                ],
                [
                    0.9991735424443813,
                    -0.010901844542939163,
                    -0.03915842009973924,
                    0.6181303102213604
                ],
                [
                    -0.005071185602290568,
                    -0.9892688360200054,
                    0.14601867399826315,
                    -1.7598184370495418
                ],
                [
                    0.0,
                    0.0,
                    0.0,
                    1.0
                ]
            ],
            "is_bad": false,
            "mask_path": "DSC06085.png"
        },
        {
            "file_path": "DSC06200.JPG",
            "transform_matrix": [
                [
                    -0.3574151879585517,
                    0.45584260394939474,
                    -0.8151453268228853,
                    0.7365109451106556
                ],
                [
                    0.9337339031853115,
                    0.19299091919420736,
                    -0.3014888109879008,
                    1.5792737695877799
                ],
                [
                    0.019884201238079623,
                    -0.8688855077242398,
                    -0.49461357948191575,
                    -1.1937142564576502
                ],
                [
                    0.0,
                    0.0,
                    0.0,
                    1.0
                ]
            ],
            "is_bad": false,
            "mask_path": "DSC06200.png"
        },
        {
            "file_path": "DSC06208.JPG",
            "transform_matrix": [
                [
                    -0.727274934150068,
                    0.44333980191797767,
                    -0.5239475070962188,
                    0.7585122301913366
                ],
                [
                    0.6762365207648503,
                    0.33231500303361067,
                    -0.6574731224488357,
                    1.7791859333735593
                ],
                [
                    -0.1173683864627284,
                    -0.8324761610965802,
                    -0.5414869371139398,
                    -1.068619720570734
                ],
                [
                    0.0,
                    0.0,
                    0.0,
                    1.0
                ]
            ],
            "is_bad": true,
            "mask_path": "DSC06208.png"
        },
        {
            "file_path": "DSC06137.JPG",
            "transform_matrix": [
                [
                    0.8755818858171638,
                    0.24729412926501815,
                    -0.4149722579401126,
                    0.8766457997147629
                ],
                [
                    0.4830269578864382,
                    -0.45962090683933854,
                    0.745274164285303,
                    2.713482990574552
                ],
                [
                    -0.006427999986954176,
                    -0.8529913455758152,
                    -0.5218854713334402,
                    -1.5037082897030172
                ],
                [
                    0.0,
                    0.0,
                    0.0,
                    1.0
                ]
            ],
            "is_bad": false,
            "mask_path": "DSC06137.png"
        },
        {
            "file_path": "DSC06241.JPG",
            "transform_matrix": [
                [
                    0.934798302042155,
                    -0.05101892143974899,
                    -0.35149566733350984,
                    0.8304274100609216
                ],
                [
                    0.3509773820313791,
                    -0.019081045438548938,
                    0.9361895059267498,
                    4.057521432814011
                ],
                [
                    -0.054470283655438365,
                    -0.9985153896460973,
                    6.955860384271619e-05,
                    -1.6257328392205255
                ],
                [
                    0.0,
                    0.0,
                    0.0,
                    1.0
                ]
            ],
            "is_bad": true,
            "mask_path": "DSC06241.png"
        },
        {
            "file_path": "DSC06213.JPG",
            "transform_matrix": [
                [
                    -0.999763676160338,
                    0.0078034695118353176,
                    0.02029033498848689,
                    0.8415138187814688
                ],
                [
                    -0.011992712487032786,
                    0.5805012904574622,
                    -0.8141710057625637,
                    2.0140767184587314
                ],
                [
                    -0.01813192426551921,
                    -0.8142219338981227,
                    -0.5802705193973158,
                    -1.2541721750153212
                ],
                [
                    0.0,
                    0.0,
                    0.0,
                    1.0
                ]
            ],
            "is_bad": false,
            "mask_path": "DSC06213.png"
        },
        {
            "file_path": "DSC06113.JPG",
            "transform_matrix": [
                [
                    -0.9974769529218878,
                    0.02238848919348643,
                    -0.0673682710279704,
                    0.7817249131387776
                ],
                [
                    0.06582439340837522,
                    0.6470829226029332,
                    -0.7595728013219435,
                    2.1316656903861086
                ],
                [
                    0.026587170253422575,
                    -0.7620908389603422,
                    -0.6469240106462546,
                    -1.4352366137116142
                ],
                [
                    0.0,
                    0.0,
                    0.0,
                    1.0
                ]
            ],
            "is_bad": false,
            "mask_path": "DSC06113.png"
        },
        {
            "file_path": "DSC06155.JPG",
            "transform_matrix": [
                [
                    0.9116368147865762,
                    0.1739269038941464,
                    -0.37238118914303736,
                    0.8523147784311603
                ],
                [
                    0.4106656668772645,
                    -0.3491191073502637,
                    0.8423001596409719,
                    3.9265702116391785
                ],
                [
                    0.016493270568252366,
                    -0.9207960040012947,
                    -0.3896956389815148,
                    -1.508399130694172
                ],
                [
                    0.0,
                    0.0,
                    0.0,
                    1.0
                ]
            ],
            "is_bad": false,
            "mask_path": "DSC06155.png"
        },
        {
            "file_path": "DSC06187.JPG",
            "transform_matrix": [
                [
                    0.7301496106877121,
                    0.35160882280354616,
                    -0.5858777873748818,
                    0.8697278096937416
                ],
                [
                    0.6823245175453602,
                    -0.3296920593444479,
                    0.6524847881458302,
                    2.5368150008532946
                ],
                [
                    0.03626015401338309,
                    -0.8761702926554414,
                    -0.48063584916130025,
                    -1.4981531000894324
                ],
                [
                    0.0,
                    0.0,
                    0.0,
                    1.0
                ]
            ],
            "is_bad": false,
            "mask_path": "DSC06187.png"
        },
        {
            "file_path": "DSC06142.JPG",
            "transform_matrix": [
                [
                    0.9675728485871139,
                    -0.16268907015394068,
                    0.19322279660915587,
                    0.935660486495889
