{
    "fl_x": 463.75496351438227,
    "fl_y": 464.2455628064642,
    "cx": 876.0,
    "cy": 584.0,
    "w": 1752,
    "h": 1168,
    "k1": 0.0,
    "k2": 0.0,
    "k3": 0.0,
    "k4": 0.0,
    "camera_model": "PINHOLE",
    "has_mask": false,
    "aabb_range": [
        [
            0.008207549341022968,
            0.019042817875742912,
            -3.062238931655884
        ],
        [
            6.1399006843566895,
            9.763439178466797,
            -0.00019154930487275124
        ]
    ],
    "frames": [
        {
            "file_path": "DSC08495.JPG",
            "transform_matrix": [
                [
                    -0.3391940659812428,
                    -0.3155521244260425,
                    0.8862134293573549,
                    3.4718423264961498
                ],
                [
                    -0.9391911274786419,
                    0.1672189552801589,
                    -0.29992973687250396,
                    2.319192397355195
                ],
                [
                    -0.05354821816372126,
                    -0.934058176863317,
                    -0.3530834328685882,
                    -1.8196038684612417
                ],
                [
                    0.0,
                    0.0,
                    0.0,
                    1.0
                ]
            ],
            "is_bad": false,
            "mask_path": "DSC08495.png"
        },
        {
            "file_path": "DSC09352.JPG",
            "transform_matrix": [
                [
                    0.928531811917737,
                    0.16188457592360325,
                    -0.3340988750875982,
                    1.9863086023421035
                ],
                [
                    0.3711163830245274,
                    -0.4291346583734037,
                    0.8234780356715862,
                    8.597784944874599
                ],
                [
                    -0.010065014036558101,
                    -0.8886151186316698,
                    -0.4585432001803826,
                    -1.6878030290632309
                ],
                [
                    0.0,
                    0.0,
                    0.0,
                    1.0
                ]
            ],
            "is_bad": false,
            "mask_path": "DSC09352.png"
        },
        {
            "file_path": "DSC08920.JPG",
            "transform_matrix": [
                [
                    -0.08095942016059934,
                    0.5272680408764135,
                    -0.8458333082573702,
                    1.187066890587992
                ],
                [
                    0.9954853680886536,
                    0.0005938364437281723,
                    -0.0949132724105312,
                    5.092179856566561
                ],
                [
                    -0.04954244855330779,
                    -0.8496988057121334,
                    -0.5249356964073945,
                    -1.7192565847171666
                ],
                [
                    0.0,
                    0.0,
                    0.0,
                    1.0
                ]
            ],
            "is_bad": false,
            "mask_path": "DSC08920.png"
        },
        {
            "file_path": "DSC09105.JPG",
            "transform_matrix": [
                [
                    -0.18926013360961708,
                    -0.6655609458363356,
                    0.7219482178131005,
                    3.3667957925557146
                ],
                [
                    -0.9813367428307719,
                    0.15369443227288723,
                    -0.11556910771744118,
                    6.271864918613808
                ],
                [
                    -0.03404113682532577,
                    -0.7303469373289361,
                    -0.6822276395294181,
                    -1.5935316928935137
                ],
                [
                    0.0,
                    0.0,
                    0.0,
                    1.0
                ]
            ],
            "is_bad": false,
            "mask_path": "DSC09105.png"
        },
        {
            "file_path": "DSC08365.JPG",
            "transform_matrix": [
                [
                    -0.8286850017361896,
                    -0.2444327571311423,
                    0.5035213949165998,
                    4.9457981932944435
                ],
                [
                    -0.5587187650462314,
                    0.41490689163796113,
                    -0.7181125349529398,
                    3.8548117754164877
                ],
                [
                    -0.03338426998907618,
                    -0.8764159392164159,
                    -0.4803962864185178,
                    -1.7475875891015895
                ],
                [
                    0.0,
                    0.0,
                    0.0,
                    1.0
                ]
            ],
            "is_bad": false,
            "mask_path": "DSC08365.png"
        },
        {
            "file_path": "DSC08662.JPG",
            "transform_matrix": [
                [
                    0.8963125277899305,
                    -0.3091448554683498,
                    0.317888834129603,
                    1.2691535601670128
                ],
                [
                    -0.43366606803599883,
                    -0.4615802185114071,
                    0.7738717227765585,
                    2.9690291043829227
                ],
                [
                    -0.09250726436892359,
                    -0.831488520796538,
                    -0.5477857663563044,
                    -1.6813718533015936
                ],
                [
                    0.0,
                    0.0,
                    0.0,
                    1.0
                ]
            ],
            "is_bad": false,
            "mask_path": "DSC08662.png"
        },
        {
            "file_path": "DSC08644.JPG",
            "transform_matrix": [
                [
                    -0.5637344385449053,
                    0.02988680595474482,
                    0.825415205595513,
                    1.6454236513126554
                ],
                [
                    -0.8258889359354512,
                    -0.00765240403102935,
                    -0.5637809026669428,
                    1.4719563839883583
                ],
                [
                    -0.010533199792425996,
                    -0.9995239964815096,
                    0.02899710605842523,
                    -1.7455641258647108
                ],
                [
                    0.0,
                    0.0,
                    0.0,
                    1.0
                ]
            ],
            "is_bad": false,
            "mask_path": "DSC08644.png"
        },
        {
            "file_path": "DSC09033.JPG",
            "transform_matrix": [
                [
                    -0.8763976916725426,
                    0.3494204723015762,
                    -0.3314097457341622,
                    2.6655755333945916
                ],
                [
                    0.4805150501019256,
                    0.5885486211454397,
                    -0.6501659843250378,
                    4.844018537616158
                ],
                [
                    -0.03213055643127226,
                    -0.7290513384421868,
                    -0.6837044487635513,
                    -1.6437683471636688
                ],
                [
                    0.0,
                    0.0,
                    0.0,
                    1.0
                ]
            ],
            "is_bad": false,
            "mask_path": "DSC09033.png"
        },
        {
            "file_path": "DSC09242.JPG",
            "transform_matrix": [
                [
                    -0.9907852919337489,
                    0.002564824503118291,
                    -0.13541760211665013,
                    2.2310344633223043
                ],
                [
                    0.1353581228342989,
                    -0.01640767073009645,
                    -0.9906608738231195,
                    7.180169329752488
                ],
                [
                    -0.004762758710051845,
                    -0.9998620954994142,
                    0.015909309004130432,
                    -1.7455702387679661
                ],
                [
                    0.0,
                    0.0,
                    0.0,
                    1.0
                ]
            ],
            "is_bad": false,
            "mask_path": "DSC09242.png"
        },
        {
            "file_path": "DSC09508.JPG",
            "transform_matrix": [
                [
                    0.9116591750793838,
                    -0.16207193875494416,
                    0.3776377035755183,
                    3.308834768257737
                ],
                [
                    -0.40974037000548924,
                    -0.2881174640717578,
                    0.8655063004303457,
                    7.438580957740514
                ],
                [
                    -0.031470266623304634,
                    -0.9437801722673945,
                    -0.3290723457745804,
                    -1.6746265524321367
                ],
                [
                    0.0,
                    0.0,
                    0.0,
                    1.0
                ]
            ],
            "is_bad": false,
            "mask_path": "DSC09508.png"
        },
        {
            "file_path": "DSC07900.JPG",
            "transform_matrix": [
                [
                    -0.9846564647698249,
                    -0.05825295149406633,
                    0.16449389055287514,
                    2.6525198474243985
                ],
                [
                    -0.17300183313118392,
                    0.2024504398863283,
                    -0.9638901312510066,
                    1.6817951022898356
                ],
                [
                    0.022847584560331344,
                    -0.9775583936686661,
                    -0.2094220018233437,
                    -1.7719681376848655
                ],
                [
                    0.0,
                    0.0,
                    0.0,
                    1.0
                ]
            ],
            "is_bad": false,
            "mask_path": "DSC07900.png"
        },
        {
            "file_path": "DSC08085.JPG",
            "transform_matrix": [
                [
                    0.4654218666357116,
                    0.4094518164587525,
                    -0.7846857307584728,
                    4.257083859782345
                ],
                [
                    0.883942311872195,
                    -0.2601438201008837,
                    0.38855010249047467,
                    2.941019414886804
                ],
                [
                    -0.045038598328203366,
                    -0.874456632922381,
                    -0.48300840758591734,
                    -1.7719357606398105
                ],
                [
                    0.0,
                    0.0,
                    0.0,
                    1.0
                ]
            ],
            "is_bad": false,
            "mask_path": "DSC08085.png"
        },
        {
            "file_path": "DSC08867.JPG",
            "transform_matrix": [
                [
                    -0.9095403270589908,
                    0.00708312808133997,
                    -0.4155553185196977,
                    1.0353430472981937
                ],
                [
                    0.4116471696059216,
                    0.1531944940602759,
                    -0.8983752304828141,
                    3.9166130771015104
                ],
                [
                    0.057297479952068714,
                    -0.988170671638356,
                    -0.14225231985785974,
                    -1.7292931388079593
                ],
                [
                    0.0,
                    0.0,
                    0.0,
                    1.0
                ]
            ],
            "is_bad": false,
            "mask_path": "DSC08867.png"
        },
        {
            "file_path": "DSC09453.JPG",
            "transform_matrix": [
                [
                    0.3349223721136928,
                    -0.568148598408319,
                    0.7516875513033323,
                    2.693702103507385
                ],
                [
                    -0.942235104020948,
                    -0.205734471500196,
                    0.2643224091657172,
                    8.073438255246591
                ],
                [
                    0.004473634805255168,
                    -0.7967938863741351,
                    -0.6042346309410208,
                    -1.6115509948363298
                ],
                [
                    0.0,
                    0.0,
                    0.0,
                    1.0
                ]
            ],
            "is_bad": false,
            "mask_path": "DSC09453.png"
        },
        {
            "file_path": "DSC09153.JPG",
            "transform_matrix": [
                [
                    0.9106480224798462,
                    0.11417021349781407,
                    -0.3970961363491331,
                    2.324290933763455
                ],
                [
                    0.4109809236102604,
                    -0.3493786487564437,
                    0.8420387403329963,
                    6.343544905505434
                ],
                [
                    -0.04260116878681624,
                    -0.9299998506144964,
                    -0.36508275537884854,
                    -1.7138468138756349
                ],
                [
                    0.0,
                    0.0,
                    0.0,
                    1.0
                ]
            ],
            "is_bad": false,
            "mask_path": "DSC09153.png"
        },
        {
            "file_path": "DSC09065.JPG",
            "transform_matrix": [
                [
                    -0.9646453982598927,
                    0.1470623198810049,
                    -0.21870512039554565,
                    3.269253110600121
                ],
                [
                    0.2635321537592571,
                    0.528249208110426,
                    -0.8071577157320093,
                    5.286738356138729
                ],
                [
                    -0.0031716795267595784,
                    -0.8362568075668652,
                    -0.5483288176332288,
                    -1.6460296037234319
                ],
                [
                    0.0,
                    0.0,
                    0.0,
                    1.0
                ]
            ],
            "is_bad": true,
            "mask_path": "DSC09065.png"
        },
        {
            "file_path": "DSC08940.JPG",
            "transform_matrix": [
                [
                    0.9837099175540346,
                    -0.021238636838911317,
                    0.17850411314885578,
                    1.8085146951998368
                ],
                [
                    -0.1787768497293305,
                    -0.011707185016571463,
                    0.983819993606475,
                    5.355324667347893
                ],
                [
                    -0.01880521488021524,
                    -0.9997058878111168,
                    -0.015313450594047274,
                    -1.7945381038935406
                ],
                [
                    0.0,
                    0.0,
                    0.0,
                    1.0
                ]
            ],
            "is_bad": false,
            "mask_path": "DSC08940.png"
        },
        {
            "file_path": "DSC08549.JPG",
            "transform_matrix": [
                [
                    0.7908825676775266,
                    -0.4121550670464496,
                    0.45236375280490654,
                    2.8124885258519448
                ],
                [
                    -0.6119657543171325,
                    -0.5306732989612096,
                    0.5864160343243429,
                    2.416705618764299
                ],
                [
                    -0.0016369749126096127,
                    -0.7406173441646928,
                    -0.6719250477810539,
                    -1.6952508750884634
                ],
                [
                    0.0,
                    0.0,
                    0.0,
                    1.0
                ]
            ],
            "is_bad": false,
            "mask_path": "DSC08549.png"
        },
        {
            "file_path": "DSC08625.JPG",
            "transform_matrix": [
                [
                    -0.9912216779917512,
                    0.03830496782360445,
                    -0.12653977445550338,
                    2.1046352680413403
                ],
                [
                    0.13040535887336807,
                    0.12564818580524995,
                    -0.9834668147837818,
                    2.0271648228349504
                ],
                [
                    -0.02177217160333594,
                    -0.9913350910988082,
                    -0.12954037864616919,
                    -1.7543328579129358
                ],
                [
                    0.0,
                    0.0,
                    0.0,
                    1.0
                ]
            ],
            "is_bad": false,
            "mask_path": "DSC08625.png"
        },
        {
            "file_path": "DSC08809.JPG",
            "transform_matrix": [
                [
                    -0.8592193443237868,
                    0.34478341915660016,
                    -0.3779768673007477,
                    0.8908296714885086
                ],
                [
                    0.5076435373558683,
                    0.4827713465819773,
                    -0.713603437421826,
                    4.52666472629463
                ],
                [
                    -0.06356223187258055,
                    -0.8050193915640227,
                    -0.5898335543907857,
                    -1.6893342748616609
                ],
                [
                    0.0,
                    0.0,
                    0.0,
                    1.0
                ]
            ],
            "is_bad": false,
            "mask_path": "DSC08809.png"
        },
        {
            "file_path": "DSC08172.JPG",
            "transform_matrix": [
                [
                    -0.8302337912291807,
                    -0.3188373714829207,
                    0.45722487076610635,
                    4.443745419009411
                ],
                [
                    -0.5544242699545247,
                    0.5571997915570533,
                    -0.6181764482525746,
                    3.5186412558566427
                ],
                [
                    -0.057667848812076566,
                    -0.7667275414608753,
                    -0.6393772723351595,
                    -1.692634904104007
                ],
                [
                    0.0,
                    0.0,
                    0.0,
                    1.0
                ]
            ],
            "is_bad": false,
            "mask_path": "DSC08172.png"
        },
        {
            "file_path": "DSC08420.JPG",
            "transform_matrix": [
                [
                    -0.968753908910514,
                    0.17624664624536332,
                    -0.17450783265475678,
                    3.680552277597892
                ],
                [
                    0.24592916910216298,
                    0.5913349985114252,
                    -0.7680115645745267,
                    2.8551344336524425
                ],
                [
                    -0.032166873570782135,
                    -0.7869307715566562,
                    -0.6162022825517012,
                    -1.7153602036665956
                ],
                [
                    0.0,
                    0.0,
                    0.0,
                    1.0
                ]
            ],
            "is_bad": false,
            "mask_path": "DSC08420.png"
        },
        {
            "file_path": "DSC09525.JPG",
            "transform_matrix": [
                [
                    0.48550967647064325,
                    -0.09426945330642539,
                    0.869133835624111,
                    3.230661719816271
                ],
                [
                    -0.8733913523340511,
                    -0.008733357953058758,
                    0.48694072958314116,
                    6.805482677916237
                ],
                [
                    -0.03831317947481437,
                    -0.9955084121353127,
                    -0.0865742551013826,
                    -1.7789791273844455
                ],
                [
                    0.0,
                    0.0,
                    0.0,
                    1.0
                ]
            ],
            "is_bad": false,
            "mask_path": "DSC09525.png"
        },
        {
            "file_path": "DSC08810.JPG",
            "transform_matrix": [
                [
                    0.7499773675676681,
                    0.13419500306062648,
                    -0.6477079969321277,
                    1.5825221449656293
                ],
                [
                    0.6614307851106043,
                    -0.14240761360043785,
                    0.7363622668881115,
                    3.428440949467201
                ],
                [
                    0.006577586505755963,
                    -0.9806690434301402,
                    -0.1955631934019601,
                    -1.7418705425292447
                ],
                [
                    0.0,
                    0.0,
                    0.0,
                    1.0
                ]
            ],
            "is_bad": false,
            "mask_path": "DSC08810.png"
        },
        {
            "file_path": "DSC09286.JPG",
            "transform_matrix": [
                [
                    -0.2784032871894442,
                    0.1394689044418152,
                    0.9502841861127181,
                    2.183754659708027
                ],
                [
                    -0.9596299728359737,
                    0.0008380954669300477,
                    -0.2812643113351136,
                    8.165326816548244
                ],
                [
                    -0.040024054229166446,
                    -0.9902260965505743,
                    0.13360521244799095,
                    -1.7959486419012114
                ],
                [
                    0.0,
                    0.0,
                    0.0,
                    1.0
                ]
            ],
            "is_bad": false,
            "mask_path": "DSC09286.png"
        },
        {
            "file_path": "DSC08972.JPG",
            "transform_matrix": [
                [
                    0.2264795179282868,
                    0.024359645203508463,
                    0.973711269137073,
                    2.2952592615098157
                ],
                [
                    -0.973881623559948,
                    -0.010937338586781399,
                    0.22679276425158823,
                    5.090965780186789
                ],
                [
                    0.016174401108208523,
                    -0.9996434275831539,
                    0.02124632764958503,
                    -1.7659858173320533
                ],
                [
                    0.0,
                    0.0,
                    0.0,
                    1.0
                ]
            ],
            "is_bad": true,
            "mask_path": "DSC08972.png"
        },
        {
            "file_path": "DSC09086.JPG",
            "transform_matrix": [
                [
                    -0.6994777079969399,
                    0.013863711386973045,
                    0.7145199322075811,
                    3.500285305360021
                ],
                [
                    -0.7146026395341732,
                    -0.0015332440246969504,
                    -0.6995289248726985,
                    5.878896872242266
                ],
                [
                    -0.00860253370469051,
                    -0.9999027186028348,
                    0.0109795147670658,
                    -1.7502580015877829
                ],
                [
                    0.0,
                    0.0,
                    0.0,
                    1.0
                ]
            ],
            "is_bad": false,
            "mask_path": "DSC09086.png"
        },
        {
            "file_path": "DSC09204.JPG",
            "transform_matrix": [
                [
                    -0.260025115455728,
                    -0.020655575651704363,
                    -0.9653809023006059,
                    2.073627449583207
                ],
                [
                    0.9655997137274077,
                    -0.007666998811618131,
                    -0.2599200068843694,
                    6.78746265865569
                ],
                [
                    -0.0020327768651059843,
                    -0.9997572526987335,
                    0.021938630187350476,
                    -1.7556615302755663
                ],
                [
                    0.0,
                    0.0,
                    0.0,
                    1.0
                ]
            ],
            "is_bad": false,
            "mask_path": "DSC09204.png"
        },
        {
            "file_path": "DSC08461.JPG",
            "transform_matrix": [
                [
                    0.9705246300876503,
                    -0.0701173219068548,
                    0.23057645925340967,
                    3.9120926082000365
                ],
                [
                    -0.23300953162743165,
                    -0.02865384315075822,
                    0.9720522184756618,
                    2.52421025839608
                ],
                [
                    -0.06155079661542562,
                    -0.9971271325369205,
                    -0.04414726486096478,
                    -1.8392377051500732
                ],
                [
                    0.0,
                    0.0,
                    0.0,
                    1.0
                ]
            ],
            "is_bad": false,
            "mask_path": "DSC08461.png"
        },
        {
            "file_path": "DSC08752.JPG",
            "transform_matrix": [
                [
                    -0.13684848243011657,
                    0.24925050485737735,
                    -0.9587213769833842,
                    1.1895222234979002
                ],
                [
                    0.9899930086789356,
                    0.0680643492779065,
                    -0.12361669435882877,
                    3.5402448955886747
                ],
                [
                    0.034443223185454355,
                    -0.9660442175106259,
                    -0.2560707601247736,
                    -1.7161334997563342
                ],
                [
                    0.0,
                    0.0,
                    0.0,
                    1.0
                ]
            ],
            "is_bad": true,
            "mask_path": "DSC08752.png"
        },
        {
            "file_path": "DSC09436.JPG",
            "transform_matrix": [
                [
                    -0.9275669823172098,
                    0.006129069645000006,
                    0.37360664852252384,
                    2.7358632268020338
                ],
                [
                    -0.37268030231441457,
                    0.057068353772876106,
                    -0.9262033228532985,
                    8.42092351771674
                ],
                [
                    -0.026997881060980035,
                    -0.9983514599092554,
                    -0.05065053716671339,
                    -1.7879786602636025
                ],
                [
                    0.0,
                    0.0,
                    0.0,
                    1.0
                ]
            ],
            "is_bad": false,
            "mask_path": "DSC09436.png"
        },
        {
            "file_path": "DSC07813.JPG",
            "transform_matrix": [
                [
                    0.4608014437202154,
                    -0.46791129177793805,
                    0.7541359641948302,
                    2.5188987519084334
                ],
                [
                    -0.8871383278947337,
                    -0.26720992015622774,
                    0.37627708640075014,
                    1.3368505607821648
                ],
                [
                    0.025448313215226684,
                    -0.8424119429333867,
                    -0.5382327579752979,
                    -1.7139572737446265
                ],
                [
                    0.0,
                    0.0,
                    0.0,
                    1.0
                ]
            ],
            "is_bad": false,
            "mask_path": "DSC07813.png"
        },
        {
            "file_path": "DSC08590.JPG",
            "transform_matrix": [
                [
                    0.09320801133160567,
                    -0.0890546925591789,
                    -0.9916559526150176,
                    2.554647440182541
                ],
                [
                    0.99526719512926,
                    0.0358291966026596,
                    0.09032983433143031,
                    2.218324818236902
                ],
                [
                    0.02748594046313405,
                    -0.9953821027143286,
                    0.09197278223941559,
                    -1.8618769564268765
                ],
                [
                    0.0,
                    0.0,
                    0.0,
                    1.0
                ]
            ],
            "is_bad": false,
            "mask_path": "DSC08590.png"
        },
        {
            "file_path": "DSC08109.JPG",
            "transform_matrix": [
                [
                    0.9068134297865111,
                    0.07932117742207295,
                    0.41400187725564785,
                    4.532147812740608
                ],
                [
                    -0.41908892329780006,
                    0.06405788377218888,
                    0.9056826496603102,
                    3.2187245259674944
                ],
                [
                    0.04531973000708809,
                    -0.9947887908189382,
                    0.09133117612885436,
                    -1.8617315986719365
                ],
                [
                    0.0,
                    0.0,
                    0.0,
                    1.0
                ]
            ],
            "is_bad": false,
            "mask_path": "DSC08109.png"
        },
        {
            "file_path": "DSC09126.JPG",
            "transform_matrix": [
                [
                    0.6698552377432198,
                    0.01319867774747066,
                    0.742374403770558,
                    3.0748809811100988
                ],
                [
                    -0.7424429691504197,
                    0.02336454518495816,
                    0.6695017069339,
                    6.318939483703515
                ],
                [
                    -0.008508703019850856,
                    -0.999639881624386,
                    0.025450128465325704,
                    -1.784785637462001
                ],
                [
                    0.0,
                    0.0,
                    0.0,
                    1.0
                ]
            ],
            "is_bad": false,
            "mask_path": "DSC09126.png"
        },
        {
            "file_path": "DSC08301.JPG",
            "transform_matrix": [
                [
                    0.24409035428147033,
                    -0.564057566237135,
                    0.7888339248012767,
                    4.8284710713522125
                ],
                [
                    -0.9696723984296897,
                    -0.15241819424096598,
                    0.19106055005661193,
                    3.5357825578327864
                ],
                [
                    0.012463493505363764,
                    -0.8115465211772909,
                    -0.5841548641367953,
                    -1.7110801613055548
                ],
                [
                    0.0,
                    0.0,
                    0.0,
                    1.0
                ]
            ],
            "is_bad": false,
            "mask_path": "DSC08301.png"
        },
        {
            "file_path": "DSC08536.JPG",
            "transform_matrix": [
                [
                    0.22746296822615267,
                    -0.13752168969215828,
                    0.96402716919699,
                    3.1409386074610417
                ],
                [
                    -0.9734314109450779,
                    -0.005370344200335494,
                    0.228915808953084,
                    2.3977664454640424
                ],
                [
                    -0.026303731127412522,
                    -0.9904841968791749,
                    -0.13508948686479336,
                    -1.794351324282313
                ],
                [
                    0.0,
                    0.0,
                    0.0,
                    1.0
                ]
            ],
            "is_bad": false,
            "mask_path": "DSC08536.png"
        },
        {
            "file_path": "DSC08407.JPG",
            "transform_matrix": [
                [
                    -0.48081495069773034,
                    -0.11467502617057983,
                    0.8692908728143393,
                    4.186818384722573
                ],
                [
                    -0.8767493996487689,
                    0.05011217228342379,
                    -0.4783296566224597,
                    3.2623879513378697
                ],
                [
                    0.011290411908464993,
                    -0.9921383011263164,
                    -0.12463594199557333,
                    -1.8122120238003088
                ],
                [
                    0.0,
                    0.0,
                    0.0,
                    1.0
                ]
            ],
            "is_bad": false,
            "mask_path": "DSC08407.png"
        },
        {
            "file_path": "DSC09512.JPG",
            "transform_matrix": [
                [
                    0.9426789434163029,
                    -0.2386022486094707,
                    0.23329247008428677,
                    3.2779918107051507
                ],
                [
                    -0.3240264186498403,
                    -0.48737158975861583,
                    0.8108488228474645,
                    7.10437685543288
                ],
                [
                    -0.07977023039005443,
                    -0.8399630351715868,
                    -0.5367483673835015,
                    -1.6504512613870774
                ],
                [
                    0.0,
                    0.0,
                    0.0,
                    1.0
                ]
            ],
            "is_bad": false,
            "mask_path": "DSC09512.png"
        },
        {
            "file_path": "DSC08696.JPG",
            "transform_matrix": [
                [
                    0.8511392482381801,
                    0.34732202126299283,
                    -0.3936107133378542,
                    1.0738485161837303
                ],
                [
                    0.5245195842822207,
                    -0.5927005352603707,
                    0.6112162311379471,
                    3.2476525457997925
                ],
                [
                    -0.02100442365198197,
                    -0.7266866512107258,
                    -0.6866478902168044,
                    -1.6293900222624196
                ],
                [
                    0.0,
                    0.0,
                    0.0,
                    1.0
                ]
            ],
            "is_bad": false,
            "mask_path": "DSC08696.png"
        },
        {
            "file_path": "DSC09464.JPG",
            "transform_matrix": [
                [
                    0.9881462551337022,
                    0.009305751107072522,
                    0.1532330951902156,
                    2.863880223775297
                ],
                [
                    -0.15348368639356383,
                    0.08017526513458069,
                    0.9848932352654484,
                    7.85648130032336
                ],
                [
                    -0.0031203327198481606,
                    -0.9967373424613591,
                    0.08065316898166217,
                    -1.7791965290658023
                ],
                [
                    0.0,
                    0.0,
                    0.0,
                    1.0
                ]
            ],
            "is_bad": false,
            "mask_path": "DSC09464.png"
        },
        {
            "file_path": "DSC07935.JPG",
            "transform_matrix": [
                [
                    -0.8364625578905952,
                    0.27851300064661866,
                    -0.4719755266091022,
                    3.512283002407301
                ],
                [
                    0.5480065068396879,
                    0.41819117709158643,
                    -0.7244342674557274,
                    2.031569935306413
                ],
                [
                    -0.004388360569247856,
                    -0.8646078000304935,
                    -0.5024281982711006,
                    -1.7379216705461524
                ],
                [
                    0.0,
                    0.0,
                    0.0,
                    1.0
                ]
            ],
            "is_bad": false,
            "mask_path": "DSC07935.png"
        },
        {
            "file_path": "DSC08051.JPG",
            "transform_matrix": [
                [
                    -0.4240716718926313,
                    0.5286572365528831,
                    -0.7353126840592765,
                    3.9641598219419447
                ],
                [
                    0.9044880783044419,
                    0.2065020381194431,
                    -0.3731731829293924,
                    2.9500540372208444
                ],
                [
                    -0.04543713572977739,
                    -0.8233337321480185,
                    -0.5657358325260021,
                    -1.7187839319389449
                ],
                [
                    0.0,
                    0.0,
                    0.0,
                    1.0
                ]
            ],
            "is_bad": false,
            "mask_path": "DSC08051.png"
        },
        {
            "file_path": "DSC08893.JPG",
            "transform_matrix": [
                [
                    -0.5107854092904907,
                    0.3045970289534138,
                    -0.8039396218676494,
