{
    "fl_x": 623.3347726264705,
    "fl_y": 623.5625404197982,
    "cx": 876.0,
    "cy": 584.0,
    "w": 1752,
    "h": 1168,
    "k1": 0.0,
    "k2": 0.0,
    "k3": 0.0,
    "k4": 0.0,
    "camera_model": "PINHOLE",
    "has_mask": false,
    "aabb_range": [
        [
            0.011200498789548874,
            0.045063555240631104,
            -3.474609375
        ],
        [
            4.462864398956299,
            5.476101398468018,
            -0.03620553016662598
        ]
    ],
    "frames": [
        {
            "file_path": "DSC03634.JPG",
            "transform_matrix": [
                [
                    0.0049874064186934425,
                    0.18931389218839942,
                    0.9819039545707589,
                    2.2140749884028454
                ],
                [
                    -0.9983417105927421,
                    0.0572556548853922,
                    -0.005968155025153622,
                    1.2276493746447783
                ],
                [
                    -0.057349408610500745,
                    -0.9802459080292685,
                    0.18928551218701745,
                    -1.8064279218754191
                ],
                [
                    0.0,
                    0.0,
                    0.0,
                    1.0
                ]
            ],
            "is_bad": true,
            "mask_path": "DSC03634.png"
        },
        {
            "file_path": "DSC03788.JPG",
            "transform_matrix": [
                [
                    -0.11296268626015463,
                    -0.7412886611686732,
                    0.6616120859957487,
                    3.8765330104285884
                ],
                [
                    -0.9935973657521459,
                    0.08556742025124932,
                    -0.07377324285908439,
                    4.338826834461568
                ],
                [
                    -0.0019251709766218285,
                    -0.6657096494826422,
                    -0.746208386647062,
                    -1.3425721283972158
                ],
                [
                    0.0,
                    0.0,
                    0.0,
                    1.0
                ]
            ],
            "is_bad": false,
            "mask_path": "DSC03788.png"
        },
        {
            "file_path": "DSC03732.JPG",
            "transform_matrix": [
                [
                    -0.7783851445022686,
                    0.12092412500989569,
                    -0.6160307807315911,
                    0.9536967311444758
                ],
                [
                    0.6266879803979286,
                    0.207708703801724,
                    -0.7510787372771067,
                    3.8630437340018857
                ],
                [
                    0.03713141584895136,
                    -0.9706876172876621,
                    -0.23745906510692205,
                    -1.1770238277336063
                ],
                [
                    0.0,
                    0.0,
                    0.0,
                    1.0
                ]
            ],
            "is_bad": true,
            "mask_path": "DSC03732.png"
        },
        {
            "file_path": "DSC03576.JPG",
            "transform_matrix": [
                [
                    0.7667098801737007,
                    -0.3983873947143071,
                    0.5034316670381163,
                    3.5790906653139896
                ],
                [
                    -0.6375764006185671,
                    -0.38067455190891614,
                    0.6697635544751741,
                    2.457275456226991
                ],
                [
                    -0.07518173327546517,
                    -0.8344904848239392,
                    -0.5458693412530188,
                    -1.3647556624925357
                ],
                [
                    0.0,
                    0.0,
                    0.0,
                    1.0
                ]
            ],
            "is_bad": false,
            "mask_path": "DSC03576.png"
        },
        {
            "file_path": "DSC03476.JPG",
            "transform_matrix": [
                [
                    0.20131853562340832,
                    0.496019622010123,
                    -0.8446510414339058,
                    0.9565110834987777
                ],
                [
                    0.9785564271806766,
                    -0.1401984701867917,
                    0.15090297472439937,
                    2.254206799548796
                ],
                [
                    -0.0435679473677143,
                    -0.8569182712127327,
                    -0.5136077398403825,
                    -1.3796675788582164
                ],
                [
                    0.0,
                    0.0,
                    0.0,
                    1.0
                ]
            ],
            "is_bad": true,
            "mask_path": "DSC03476.png"
        },
        {
            "file_path": "DSC03709.JPG",
            "transform_matrix": [
                [
                    -0.655060218914267,
                    0.0012531670253928785,
                    -0.7555756343136009,
                    1.6605386888414693
                ],
                [
                    0.747116384780397,
                    -0.14815311791961408,
                    -0.6479720373931016,
                    3.1874697760844604
                ],
                [
                    -0.1127529032382874,
                    -0.9889636410015811,
                    0.09611295223971592,
                    -1.7832249807404625
                ],
                [
                    0.0,
                    0.0,
                    0.0,
                    1.0
                ]
            ],
            "is_bad": false,
            "mask_path": "DSC03709.png"
        },
        {
            "file_path": "DSC03522.JPG",
            "transform_matrix": [
                [
                    -0.9981463831538072,
                    0.048720458432430794,
                    -0.03647073795671188,
                    3.285909512911825
                ],
                [
                    0.05073158026455293,
                    0.3350740458332698,
                    -0.9408250052867353,
                    1.374576772532984
                ],
                [
                    -0.03361702784058327,
                    -0.9409312943775747,
                    -0.33692461278468194,
                    -1.3997911006804835
                ],
                [
                    0.0,
                    0.0,
                    0.0,
                    1.0
                ]
            ],
            "is_bad": false,
            "mask_path": "DSC03522.png"
        },
        {
            "file_path": "DSC03679.JPG",
            "transform_matrix": [
                [
                    0.6255883195180485,
                    0.3026103035995021,
                    -0.7190731942146094,
                    1.6993623477479325
                ],
                [
                    0.7795617888796219,
                    -0.2783597116721246,
                    0.5610697712732484,
                    4.605232772076283
                ],
                [
                    -0.030375513187231338,
                    -0.9115606809605319,
                    -0.41004201385392647,
                    -1.5074886144410231
                ],
                [
                    0.0,
                    0.0,
                    0.0,
                    1.0
                ]
            ],
            "is_bad": false,
            "mask_path": "DSC03679.png"
        },
        {
            "file_path": "DSC03584.JPG",
            "transform_matrix": [
                [
                    -0.3275398536090409,
                    -0.2324212106415701,
                    0.915804578030529,
                    3.463467063114686
                ],
                [
                    -0.9420320653642669,
                    0.15496867431041558,
                    -0.29759082278861815,
                    3.4662222370009825
                ],
                [
                    -0.07275460207644902,
                    -0.9601901326437278,
                    -0.2697066499927626,
                    -1.50493023339759
                ],
                [
                    0.0,
                    0.0,
                    0.0,
                    1.0
                ]
            ],
            "is_bad": false,
            "mask_path": "DSC03584.png"
        },
        {
            "file_path": "DSC03629.JPG",
            "transform_matrix": [
                [
                    -0.6052006914631123,
                    -0.2334034583750651,
                    0.7610880032368984,
                    2.7309738088648374
                ],
                [
                    -0.7958019655597417,
                    0.20232341526155906,
                    -0.5707578008649101,
                    2.1936953064390403
                ],
                [
                    -0.020769079513073357,
                    -0.9510983446812727,
                    -0.30818920175879133,
                    -1.5204895025848428
                ],
                [
                    0.0,
                    0.0,
                    0.0,
                    1.0
                ]
            ],
            "is_bad": true,
            "mask_path": "DSC03629.png"
        },
        {
            "file_path": "DSC03495.JPG",
            "transform_matrix": [
                [
                    0.4778568017587568,
                    0.03538741793418301,
                    -0.8777246764588785,
                    1.7172499148345126
                ],
                [
                    0.878396725840315,
                    -0.009593020050681937,
                    0.4778359195365303,
                    1.85023559714628
                ],
                [
                    0.008489348968355659,
                    -0.9993276262659099,
                    -0.03566828192995568,
                    -1.5631876284461474
                ],
                [
                    0.0,
                    0.0,
                    0.0,
                    1.0
                ]
            ],
            "is_bad": false,
            "mask_path": "DSC03495.png"
        },
        {
            "file_path": "DSC03727.JPG",
            "transform_matrix": [
                [
                    -0.9276770712605373,
                    0.06741757922416715,
                    -0.36724667659357335,
                    0.8649698259579385
                ],
                [
                    0.3726974442632075,
                    0.22678944716663949,
                    -0.8998128481487264,
                    3.1103791583368907
                ],
                [
                    0.022624466781451764,
                    -0.9716076454337947,
                    -0.23551372961560388,
                    -1.2610345972721826
                ],
                [
                    0.0,
                    0.0,
                    0.0,
                    1.0
                ]
            ],
            "is_bad": true,
            "mask_path": "DSC03727.png"
        },
        {
            "file_path": "DSC03641.JPG",
            "transform_matrix": [
                [
                    0.4401407079940297,
                    -0.3453922825736204,
                    0.8288427645247911,
                    2.711947911637178
                ],
                [
                    -0.8964179728061115,
                    -0.11549288754612598,
                    0.4278974304157928,
                    0.9256607455183029
                ],
                [
                    -0.05206702600201556,
                    -0.9313246287223603,
                    -0.36044897106034673,
                    -1.4786771889604042
                ],
                [
                    0.0,
                    0.0,
                    0.0,
                    1.0
                ]
            ],
            "is_bad": false,
            "mask_path": "DSC03641.png"
        },
        {
            "file_path": "DSC03719.JPG",
            "transform_matrix": [
                [
                    -0.900879589134426,
                    -0.17197306095458822,
                    -0.3985489081491715,
                    1.091228487117861
                ],
                [
                    0.4313495919257898,
                    -0.4572990679527027,
                    -0.7776985868542153,
                    2.861777226731041
                ],
                [
                    -0.04851283774880662,
                    -0.8725266922882637,
                    0.4861519061137777,
                    -1.855737942886471
                ],
                [
                    0.0,
                    0.0,
                    0.0,
                    1.0
                ]
            ],
            "is_bad": false,
            "mask_path": "DSC03719.png"
        },
        {
            "file_path": "DSC03571.JPG",
            "transform_matrix": [
                [
                    0.05752324327439571,
                    0.4459320238019976,
                    0.8932164948270099,
                    3.567295914727624
                ],
                [
                    -0.9969574823094396,
                    -0.021481663714647364,
                    0.07492874342516873,
                    2.8721665617416434
                ],
                [
                    0.052600902562775984,
                    -0.8948090121762889,
                    0.4433395727629958,
                    -1.8428077070474205
                ],
                [
                    0.0,
                    0.0,
                    0.0,
                    1.0
                ]
            ],
            "is_bad": true,
            "mask_path": "DSC03571.png"
        },
        {
            "file_path": "DSC03648.JPG",
            "transform_matrix": [
                [
                    -0.9983871609514362,
                    0.017283163822564382,
                    0.054077436104288515,
                    2.6597619967103476
                ],
                [
                    -0.037406566291969943,
                    0.5162720757826779,
                    -0.8556073238146631,
                    1.5813407526386096
                ],
                [
                    -0.042706271735840705,
                    -0.8562502181111125,
                    -0.5147929082059088,
                    -1.3851763033459317
                ],
                [
                    0.0,
                    0.0,
                    0.0,
                    1.0
                ]
            ],
            "is_bad": true,
            "mask_path": "DSC03648.png"
        },
        {
            "file_path": "DSC03796.JPG",
            "transform_matrix": [
                [
                    0.5770316479285109,
                    0.4335055086900359,
                    0.692175881712373,
                    3.8937114294253656
                ],
                [
                    -0.8167214504210785,
                    0.3070502837660946,
                    0.48855521250033884,
                    4.023737801439214
                ],
                [
                    -0.0007414249777029604,
                    -0.8472267094317523,
                    0.5312309790613194,
                    -1.888664730814125
                ],
                [
                    0.0,
                    0.0,
                    0.0,
                    1.0
                ]
            ],
            "is_bad": true,
            "mask_path": "DSC03796.png"
        },
        {
            "file_path": "DSC03702.JPG",
            "transform_matrix": [
                [
                    0.36861644079710615,
                    0.19600342796929462,
                    -0.9086828796661452,
                    1.448919686944529
                ],
                [
                    0.9293241978153846,
                    -0.10070330186656361,
                    0.3552680401442883,
                    4.040187584493232
                ],
                [
                    -0.021873612615784487,
                    -0.9754186287012651,
                    -0.21927162117719945,
                    -1.627319813993353
                ],
                [
                    0.0,
                    0.0,
                    0.0,
                    1.0
                ]
            ],
            "is_bad": false,
            "mask_path": "DSC03702.png"
        },
        {
            "file_path": "DSC03783.JPG",
            "transform_matrix": [
                [
                    -0.9966387009107168,
                    -0.07376258928561268,
                    -0.03564239426414929,
                    3.3721250770990467
                ],
                [
                    0.006416972546918774,
                    0.3634470234026585,
                    -0.9315927670624541,
                    1.9436792071777078
                ],
                [
                    0.0816708167605244,
                    -0.9286901214084438,
                    -0.36175203674345713,
                    -1.2617757927501512
                ],
                [
                    0.0,
                    0.0,
                    0.0,
                    1.0
                ]
            ],
            "is_bad": false,
            "mask_path": "DSC03783.png"
        },
        {
            "file_path": "DSC03694.JPG",
            "transform_matrix": [
                [
                    0.9824186042232901,
                    -0.010294578999856372,
                    0.18640737034564478,
                    1.1486876219098079
                ],
                [
                    -0.18207836147078832,
                    -0.2734244934658347,
                    0.9445033174410058,
                    4.521661559936145
                ],
                [
                    0.04124507679803313,
                    -0.9618383793632732,
                    -0.2704917293074911,
                    -1.50828399707277
                ],
                [
                    0.0,
                    0.0,
                    0.0,
                    1.0
                ]
            ],
            "is_bad": true,
            "mask_path": "DSC03694.png"
        },
        {
            "file_path": "DSC03532.JPG",
            "transform_matrix": [
                [
                    -0.3981965875355457,
                    -0.37682441994290566,
                    -0.8363269900043518,
                    2.3520096445069805
                ],
                [
                    0.915662489626284,
                    -0.10883132916719065,
                    -0.38693403427858086,
                    1.834855568342589
                ],
                [
                    0.05478761508262526,
                    -0.919869065860134,
                    0.3883802504082343,
                    -1.7403081379881198
                ],
                [
                    0.0,
                    0.0,
                    0.0,
                    1.0
                ]
            ],
            "is_bad": false,
            "mask_path": "DSC03532.png"
        },
        {
            "file_path": "DSC03589.JPG",
            "transform_matrix": [
                [
                    0.6202206683926751,
                    -0.21545654368657433,
                    0.7542577810544474,
                    3.4582022750732815
                ],
                [
                    -0.7828907743626797,
                    -0.10986519579727427,
                    0.6123819675416886,
                    4.066273595217919
                ],
                [
                    -0.04907502334535171,
                    -0.9703134114991206,
                    -0.2368196054987663,
                    -1.4843699451548356
                ],
                [
                    0.0,
                    0.0,
                    0.0,
                    1.0
                ]
            ],
            "is_bad": false,
            "mask_path": "DSC03589.png"
        },
        {
            "file_path": "DSC03666.JPG",
            "transform_matrix": [
                [
                    -0.5001191635578344,
                    0.20757587326129992,
                    -0.8407098661738318,
                    1.142932474093969
                ],
                [
                    0.8656997400451005,
                    0.09620214984247467,
                    -0.4912322327082492,
                    3.5028922302490426
                ],
                [
                    -0.021089863158810895,
                    -0.9734769659347343,
                    -0.22781091823362604,
                    -1.4973963848696739
                ],
                [
                    0.0,
                    0.0,
                    0.0,
                    1.0
                ]
            ],
            "is_bad": false,
            "mask_path": "DSC03666.png"
        },
        {
            "file_path": "DSC03562.JPG",
            "transform_matrix": [
                [
                    -0.8807516655329238,
                    -0.23395942768295674,
                    0.41175173328019415,
                    3.6911349141101066
                ],
                [
                    -0.47266086632975624,
                    0.48836589894130206,
                    -0.733546490818175,
                    3.0934494312277714
                ],
                [
                    -0.029465388193359573,
                    -0.8406912244989345,
                    -0.5407125446566757,
                    -1.2291015954596254
                ],
                [
                    0.0,
                    0.0,
                    0.0,
                    1.0
                ]
            ],
            "is_bad": true,
            "mask_path": "DSC03562.png"
        },
        {
            "file_path": "DSC03468.JPG",
            "transform_matrix": [
                [
                    0.9890483456793274,
                    -0.06172674587298729,
                    -0.1340640845003525,
                    1.1904470467349404
                ],
                [
                    0.14649558233156681,
                    0.30006478021512095,
                    0.9426028707954301,
                    2.3626544245322902
                ],
                [
                    -0.017955897814398207,
                    -0.9519196061214323,
                    0.3058212700504921,
                    -1.8066196080937114
                ],
                [
                    0.0,
                    0.0,
                    0.0,
                    1.0
                ]
            ],
            "is_bad": true,
            "mask_path": "DSC03468.png"
        },
        {
            "file_path": "DSC03526.JPG",
            "transform_matrix": [
                [
                    -0.9786053645593701,
                    -0.10462685281612898,
                    -0.17715745009853248,
                    2.987939649942838
                ],
                [
                    0.19743390964909122,
                    -0.23526390468804143,
                    -0.9516673507437409,
                    1.7681003638741635
                ],
                [
                    0.05789120638142299,
                    -0.9662836627102458,
                    0.25088740782067026,
                    -1.6820584883092076
                ],
                [
                    0.0,
                    0.0,
                    0.0,
                    1.0
                ]
            ],
            "is_bad": false,
            "mask_path": "DSC03526.png"
        },
        {
            "file_path": "DSC03650.JPG",
            "transform_matrix": [
                [
                    -0.8564021238012697,
                    -0.20582395328732625,
                    0.4735101927116782,
                    2.0837811415432475
                ],
                [
                    -0.5140064435982525,
                    0.4264015345889345,
                    -0.7442977275524071,
                    1.6298588040435256
                ],
                [
                    -0.04871117210815224,
                    -0.8808054447795937,
                    -0.47096601805063504,
                    -1.3961845844353145
                ],
                [
                    0.0,
                    0.0,
                    0.0,
                    1.0
                ]
            ],
            "is_bad": true,
            "mask_path": "DSC03650.png"
        },
        {
            "file_path": "DSC03747.JPG",
            "transform_matrix": [
                [
                    0.9707922482853146,
                    0.023972613296579123,
                    -0.23872101809617952,
                    0.8418540662173322
                ],
                [
                    0.23909390183076487,
                    -0.014083990988388575,
                    0.9708943028492748,
                    2.7026103506930252
                ],
                [
                    0.019912729006452,
                    -0.999613402776079,
                    -0.019404334926606887,
                    -1.5078776219149814
                ],
                [
                    0.0,
                    0.0,
                    0.0,
                    1.0
                ]
            ],
            "is_bad": true,
            "mask_path": "DSC03747.png"
        },
        {
            "file_path": "DSC03510.JPG",
            "transform_matrix": [
                [
                    -0.08991634679236363,
                    -0.19931760041252528,
                    0.975800975991164,
                    3.166118742249043
                ],
                [
                    -0.9941014280727521,
                    0.07761784658521408,
                    -0.07574840325174102,
                    0.901522467284051
                ],
                [
                    -0.06064158048096703,
                    -0.976856163443353,
                    -0.20512102442095786,
                    -1.5159753328394323
                ],
                [
                    0.0,
                    0.0,
                    0.0,
                    1.0
                ]
            ],
            "is_bad": false,
            "mask_path": "DSC03510.png"
        },
        {
            "file_path": "DSC03654.JPG",
            "transform_matrix": [
                [
                    -0.873359379664656,
                    -0.1631629801566698,
                    0.4589348928313919,
                    1.290086648329621
                ],
                [
                    -0.4844324679417424,
                    0.3890137025210164,
                    -0.7835773881721976,
                    1.9466820856433436
                ],
                [
                    -0.05068114003887021,
                    -0.9066676244122123,
                    -0.4187902110688309,
                    -1.4218084597537035
                ],
                [
                    0.0,
                    0.0,
                    0.0,
                    1.0
                ]
            ],
            "is_bad": false,
            "mask_path": "DSC03654.png"
        },
        {
            "file_path": "DSC03626.JPG",
            "transform_matrix": [
                [
                    -0.011289822574216799,
                    -0.3571826848589283,
                    0.9339663107110506,
                    3.1540391670426144
                ],
                [
                    -0.9999271771652267,
                    0.008015533600366595,
                    -0.009021728630620573,
                    2.5166271072107715
                ],
                [
                    -0.004263833090761127,
                    -0.9340001503522736,
                    -0.3572471677554714,
                    -1.4493464142020238
                ],
                [
                    0.0,
                    0.0,
                    0.0,
                    1.0
                ]
            ],
            "is_bad": false,
            "mask_path": "DSC03626.png"
        },
        {
            "file_path": "DSC03737.JPG",
            "transform_matrix": [
                [
                    -0.5774914583527067,
                    0.31244753019787525,
                    -0.7542414443683874,
                    0.9319089775984609
                ],
                [
                    0.8153415212977607,
                    0.2676863017803014,
                    -0.5133831390755238,
                    4.2819183944984305
                ],
                [
                    0.04149480904302666,
                    -0.9114387443555559,
                    -0.4093379973934126,
                    -1.052869255694139
                ],
                [
                    0.0,
                    0.0,
                    0.0,
                    1.0
                ]
            ],
            "is_bad": true,
            "mask_path": "DSC03737.png"
        },
        {
            "file_path": "DSC03778.JPG",
            "transform_matrix": [
                [
                    -0.9989649231769654,
                    -0.025879410646728697,
                    0.037407731374910685,
                    2.914180111295098
                ],
                [
                    -0.04427412323690446,
                    0.3645391241231437,
                    -0.9301349520339156,
                    1.2161191431384508
                ],
                [
                    0.010434762749717247,
                    -0.9308283854116769,
                    -0.3653075863409463,
                    -1.23168941500879
                ],
                [
                    0.0,
                    0.0,
                    0.0,
                    1.0
                ]
            ],
            "is_bad": false,
            "mask_path": "DSC03778.png"
        },
        {
            "file_path": "DSC03615.JPG",
            "transform_matrix": [
                [
                    0.5493811666693255,
                    -0.46394082490648453,
                    0.6949383027968318,
                    3.8171329866137294
                ],
                [
                    -0.8355718369633894,
                    -0.30523353663714503,
                    0.45678462472548786,
                    3.5023905813047875
                ],
                [
                    0.0001974403075507354,
                    -0.8316197442924683,
                    -0.5553454437737398,
                    -1.192179208493376
                ],
                [
                    0.0,
                    0.0,
                    0.0,
                    1.0
                ]
            ],
            "is_bad": false,
            "mask_path": "DSC03615.png"
        },
        {
            "file_path": "DSC03636.JPG",
            "transform_matrix": [
                [
                    -0.16934115512435147,
                    0.3230122072911729,
                    0.9311211989435291,
                    2.5785920174421366
                ],
                [
                    -0.9854613543241082,
                    -0.04229954565910482,
                    -0.16454989386422866,
                    1.409291742173937
                ],
                [
                    -0.013765620757740443,
                    -0.9454490268533352,
                    0.3254791011835261,
                    -1.9044622541904808
                ],
                [
                    0.0,
                    0.0,
                    0.0,
                    1.0
                ]
            ],
            "is_bad": true,
            "mask_path": "DSC03636.png"
        },
        {
            "file_path": "DSC03713.JPG",
            "transform_matrix": [
                [
                    -0.6156808391389633,
                    -0.471932165517765,
                    -0.6310444797847888,
                    1.2650248095873815
                ],
                [
                    0.7871602859974668,
                    -0.33147735814808393,
                    -0.5200975342986672,
                    3.2437374481666064
                ],
                [
                    0.036273798609026395,
                    -0.8169472395356261,
                    0.5755705164005468,
                    -1.9025558142878278
                ],
                [
                    0.0,
                    0.0,
                    0.0,
                    1.0
                ]
            ],
            "is_bad": false,
            "mask_path": "DSC03713.png"
        },
        {
            "file_path": "DSC03624.JPG",
            "transform_matrix": [
                [
                    0.09310060234431874,
                    -0.42850932875988296,
                    0.8987280083589694,
                    3.3895632857574696
                ],
                [
                    -0.9952699279703566,
                    -0.06521047174679244,
                    0.07200947751819073,
                    2.8942712014588823
                ],
                [
                    0.0277497445214738,
                    -0.9011810858758165,
                    -0.4325535829682583,
                    -1.411525639955602
                ],
                [
                    0.0,
                    0.0,
                    0.0,
                    1.0
                ]
            ],
            "is_bad": true,
            "mask_path": "DSC03624.png"
        },
        {
            "file_path": "DSC03610.JPG",
            "transform_matrix": [
                [
                    0.8689788547043691,
                    0.0042494529028036365,
                    0.4948309733906211,
                    3.757281606319616
                ],
                [
                    -0.4945085652558051,
                    0.04455461086850416,
                    0.8680300487534984,
                    3.8141705765431744
                ],
                [
                    -0.01835834865470579,
                    -0.9989979123103225,
                    0.04081840558239939,
                    -1.614919464221485
                ],
                [
                    0.0,
                    0.0,
                    0.0,
                    1.0
                ]
            ],
            "is_bad": false,
            "mask_path": "DSC03610.png"
        },
        {
            "file_path": "DSC03537.JPG",
            "transform_matrix": [
                [
                    -0.8735712573034006,
                    -0.31323098609670763,
                    -0.3725045070361442,
                    2.0324569118667632
                ],
                [
                    0.4856281289984054,
                    -0.5103046527332928,
                    -0.7097566355619804,
                    1.719105043687608
                ],
                [
                    0.03222698774109497,
                    -0.8009216633027466,
                    0.5979012548184671,
                    -1.8487122102578224
                ],
                [
                    0.0,
                    0.0,
                    0.0,
                    1.0
                ]
            ],
            "is_bad": false,
            "mask_path": "DSC03537.png"
        },
        {
            "file_path": "DSC03646.JPG",
            "transform_matrix": [
                [
                    -0.9801009964119359,
                    0.11960770595274321,
                    -0.158417276548526,
                    3.1386348111317495
                ],
                [
                    0.19715724310466887,
                    0.49392364501861563,
                    -0.8468579895017173,
                    1.693246855963629
                ],
                [
                    -0.023044702725282848,
                    -0.8612394728344995,
                    -0.5076765821938771,
                    -1.3708703169920744
                ],
                [
                    0.0,
                    0.0,
                    0.0,
                    1.0
                ]
            ],
            "is_bad": false,
            "mask_path": "DSC03646.png"
        },
        {
            "file_path": "DSC03705.JPG",
            "transform_matrix": [
                [
                    -0.15292288924244465,
                    0.2872766386815276,
                    -0.9455615912322078,
                    1.470761049529043
                ],
                [
                    0.9871721330458842,
                    0.08883564862816605,
                    -0.1326627576618701,
                    3.5692941298421714
                ],
                [
                    0.04588866617566984,
                    -0.9537192251394826,
                    -0.2971764962374411,
                    -1.590439907575999
                ],
                [
                    0.0,
                    0.0,
                    0.0,
                    1.0
                ]
            ],
            "is_bad": false,
            "mask_path": "DSC03705.png"
        },
        {
            "file_path": "DSC03506.JPG",
            "transform_matrix": [
                [
                    -0.8025001397041717,
                    0.010905691920239843,
                    0.5965522539212522,
                    2.992225250831309
                ],
                [
                    -0.5965951872927978,
                    -0.0008779957807511469,
                    -0.8025418441567278,
                    1.384126111853863
                ],
                [
                    -0.008228503743533778,
                    -0.9999401457123073,
                    0.007210875050425167,
                    -1.5736313140529246
                ],
                [
                    0.0,
                    0.0,
                    0.0,
                    1.0
                ]
            ],
            "is_bad": false,
            "mask_path": "DSC03506.png"
        },
        {
            "file_path": "DSC03573.JPG",
            "transform_matrix": [
                [
                    0.7946988144389332,
                    0.14217774783814302,
                    0.5901180240841888,
                    3.6303497362222905
                ],
                [
                    -0.6067536213891053,
                    0.15814701870220246,
                    0.7789990779242366,
                    2.5553192211457074
                ],
                [
                    0.01743092827590917,
                    -0.977125891835478,
                    0.2119461116514326,
                    -1.7507834397753428
                ],
                [
                    0.0,
                    0.0,
                    0.0,
                    1.0
                ]
            ],
            "is_bad": false,
            "mask_path": "DSC03573.png"
        },
        {
            "file_path": "DSC03599.JPG",
            "transform_matrix": [
                [
                    0.2843106470775192,
                    0.3454356604962585,
                    0.8943386721012773,
