{
    "fl_x": 464.5794854556405,
    "fl_y": 465.0549234725248,
    "cx": 876.0,
    "cy": 584.0,
    "w": 1752,
    "h": 1168,
    "k1": 0.0,
    "k2": 0.0,
    "k3": 0.0,
    "k4": 0.0,
    "camera_model": "PINHOLE",
    "has_mask": false,
    "aabb_range": [
        [
            0.001304619130678475,
            0.0842357650399208,
            -2.7173476219177246
        ],
        [
            3.8770484924316406,
            4.741236686706543,
            -0.08551246672868729
        ]
    ],
    "frames": [
        {
            "file_path": "DSC05748.JPG",
            "transform_matrix": [
                [
                    -0.4761498723506294,
                    0.0957859523964618,
                    0.8741317694626949,
                    1.9813408189912909
                ],
                [
                    -0.878573948089252,
                    -0.00968699527923682,
                    -0.47750809402702704,
                    1.3736592078397485
                ],
                [
                    -0.037270857239182,
                    -0.9953548178644451,
                    0.0887675039341185,
                    -1.631130805859432
                ],
                [
                    0.0,
                    0.0,
                    0.0,
                    1.0
                ]
            ],
            "is_bad": false,
            "mask_path": "DSC05748.png"
        },
        {
            "file_path": "DSC05824.JPG",
            "transform_matrix": [
                [
                    0.998297401951517,
                    -0.04774060481961831,
                    -0.033513160225610024,
                    1.9428954061559964
                ],
                [
                    0.02639205432834888,
                    -0.14267504705184436,
                    0.9894176521656981,
                    3.5868537003591365
                ],
                [
                    -0.05201688884564153,
                    -0.9886175527473757,
                    -0.14117215615909862,
                    -1.4730772395380605
                ],
                [
                    0.0,
                    0.0,
                    0.0,
                    1.0
                ]
            ],
            "is_bad": false,
            "mask_path": "DSC05824.png"
        },
        {
            "file_path": "DSC05436.JPG",
            "transform_matrix": [
                [
                    0.8884592582177264,
                    -0.04080397103729391,
                    0.4571380343340451,
                    2.9493905781398806
                ],
                [
                    -0.45895530221638847,
                    -0.07990265583921008,
                    0.8848590826551446,
                    2.5986745218092766
                ],
                [
                    0.00042077864765929676,
                    -0.9959671689053955,
                    -0.0897174531955806,
                    -1.502403644525875
                ],
                [
                    0.0,
                    0.0,
                    0.0,
                    1.0
                ]
            ],
            "is_bad": false,
            "mask_path": "DSC05436.png"
        },
        {
            "file_path": "DSC05543.JPG",
            "transform_matrix": [
                [
                    0.8378409674846722,
                    -0.20597352386900905,
                    0.5055664354655388,
                    1.8798117744517413
                ],
                [
                    -0.5418091861317,
                    -0.20038143824086146,
                    0.8162659401395042,
                    2.521663111459546
                ],
                [
                    -0.06682304263989282,
                    -0.957821583946356,
                    -0.27948612541383955,
                    -1.4064279741812071
                ],
                [
                    0.0,
                    0.0,
                    0.0,
                    1.0
                ]
            ],
            "is_bad": false,
            "mask_path": "DSC05543.png"
        },
        {
            "file_path": "DSC05607.JPG",
            "transform_matrix": [
                [
                    0.9507986047622288,
                    -0.14711099561729982,
                    0.2726543015444396,
                    2.575328215345857
                ],
                [
                    -0.30680381404509466,
                    -0.32480426971179416,
                    0.8946360187609101,
                    1.756795266461388
                ],
                [
                    -0.043051514138093855,
                    -0.9342700580375436,
                    -0.35395766100614745,
                    -1.3646006124818724
                ],
                [
                    0.0,
                    0.0,
                    0.0,
                    1.0
                ]
            ],
            "is_bad": false,
            "mask_path": "DSC05607.png"
        },
        {
            "file_path": "DSC05377.JPG",
            "transform_matrix": [
                [
                    0.8708143805168452,
                    0.14678355500494594,
                    -0.4691874920169686,
                    2.3772398079455694
                ],
                [
                    0.49148731247135785,
                    -0.23844851240079296,
                    0.8376052343517981,
                    2.969076403103612
                ],
                [
                    0.011069614480402758,
                    -0.9599983827663245,
                    -0.2797866485758324,
                    -1.3757194340742733
                ],
                [
                    0.0,
                    0.0,
                    0.0,
                    1.0
                ]
            ],
            "is_bad": false,
            "mask_path": "DSC05377.png"
        },
        {
            "file_path": "DSC05507.JPG",
            "transform_matrix": [
                [
                    0.4328980391398586,
                    -0.35853872576908574,
                    0.82707271133362,
                    2.4399643690895014
                ],
                [
                    -0.8971546153052289,
                    -0.08197395514270395,
                    0.43404362328548035,
                    2.377948160903336
                ],
                [
                    -0.08782302628235641,
                    -0.9299087335874109,
                    -0.35715103703120604,
                    -1.3666444530149817
                ],
                [
                    0.0,
                    0.0,
                    0.0,
                    1.0
                ]
            ],
            "is_bad": false,
            "mask_path": "DSC05507.png"
        },
        {
            "file_path": "DSC05777.JPG",
            "transform_matrix": [
                [
                    0.6634595551937372,
                    -0.10302623433983944,
                    0.7410850245821193,
                    1.9418371791488571
                ],
                [
                    -0.7441150447706948,
                    0.012655756773341898,
                    0.6679316072521198,
                    1.9332805669694952
                ],
                [
                    -0.07819347011121974,
                    -0.994598123293145,
                    -0.06826678821886378,
                    -1.5312826087116846
                ],
                [
                    0.0,
                    0.0,
                    0.0,
                    1.0
                ]
            ],
            "is_bad": false,
            "mask_path": "DSC05777.png"
        },
        {
            "file_path": "DSC05800.JPG",
            "transform_matrix": [
                [
                    0.9738156071386189,
                    0.0015991510804757852,
                    0.22733368868046336,
                    1.879707869195989
                ],
                [
                    -0.22435325105565207,
                    0.16830209677822555,
                    0.9598645857415582,
                    3.0544407022805857
                ],
                [
                    -0.03672576798385164,
                    -0.9857341664647093,
                    0.1642539833006237,
                    -1.6475577584792582
                ],
                [
                    0.0,
                    0.0,
                    0.0,
                    1.0
                ]
            ],
            "is_bad": false,
            "mask_path": "DSC05800.png"
        },
        {
            "file_path": "DSC05672.JPG",
            "transform_matrix": [
                [
                    -0.4102749430924622,
                    0.46598776415640497,
                    -0.7839195588368687,
                    2.2894752535551928
                ],
                [
                    0.9105488239175413,
                    0.1614809455563963,
                    -0.38055846263694404,
                    1.3642954440624708
                ],
                [
                    -0.05074751553385778,
                    -0.869930633946596,
                    -0.4905561963612466,
                    -1.26124115115144
                ],
                [
                    0.0,
                    0.0,
                    0.0,
                    1.0
                ]
            ],
            "is_bad": false,
            "mask_path": "DSC05672.png"
        },
        {
            "file_path": "DSC05318.JPG",
            "transform_matrix": [
                [
                    -0.03868812782422139,
                    0.46344735222542716,
                    -0.8852794928612645,
                    1.9674107276199158
                ],
                [
                    0.99786377508717,
                    -0.02875376598628199,
                    -0.058660952177645026,
                    2.920083704328104
                ],
                [
                    -0.052641382335939194,
                    -0.8856578191699359,
                    -0.46134489507191306,
                    -1.2646139099147296
                ],
                [
                    0.0,
                    0.0,
                    0.0,
                    1.0
                ]
            ],
            "is_bad": false,
            "mask_path": "DSC05318.png"
        },
        {
            "file_path": "DSC05398.JPG",
            "transform_matrix": [
                [
                    0.969808791677378,
                    0.14385733702876707,
                    -0.19691616025165554,
                    2.701954658338306
                ],
                [
                    0.2421966572911253,
                    -0.47383986188194127,
                    0.8466502019657871,
                    2.778870385176374
                ],
                [
                    0.028490117273699333,
                    -0.8687812451214028,
                    -0.4943758300554713,
                    -1.2313170667949265
                ],
                [
                    0.0,
                    0.0,
                    0.0,
                    1.0
                ]
            ],
            "is_bad": false,
            "mask_path": "DSC05398.png"
        },
        {
            "file_path": "DSC05619.JPG",
            "transform_matrix": [
                [
                    0.9313730000429733,
                    0.09328808784194637,
                    -0.3519114483186708,
                    2.207236781448407
                ],
                [
                    0.35082977458344294,
                    -0.4882522420905866,
                    0.7990796063967879,
                    1.7968258019482488
                ],
                [
                    -0.09727694514468505,
                    -0.8677021843699069,
                    -0.48747319432252817,
                    -1.209382721802045
                ],
                [
                    0.0,
                    0.0,
                    0.0,
                    1.0
                ]
            ],
            "is_bad": false,
            "mask_path": "DSC05619.png"
        },
        {
            "file_path": "DSC05555.JPG",
            "transform_matrix": [
                [
                    0.8968499522554794,
                    -0.20546196306925965,
                    0.39172125915128836,
                    2.092339435412234
                ],
                [
                    -0.43908437522372495,
                    -0.30635779679151054,
                    0.8446003858508724,
                    2.210583659587597
                ],
                [
                    -0.05352639137598935,
                    -0.9294785000616086,
                    -0.36497211311206584,
                    -1.3390952825072613
                ],
                [
                    0.0,
                    0.0,
                    0.0,
                    1.0
                ]
            ],
            "is_bad": false,
            "mask_path": "DSC05555.png"
        },
        {
            "file_path": "DSC05517.JPG",
            "transform_matrix": [
                [
                    0.5978371134223417,
                    -0.4264974539274616,
                    0.6787420037158702,
                    2.2137194815112586
                ],
                [
                    -0.7961261392995377,
                    -0.21695877374577807,
                    0.564900044980295,
                    2.661176777882568
                ],
                [
                    -0.09366939809165653,
                    -0.8780824632619196,
                    -0.469251778444179,
                    -1.2782384725359484
                ],
                [
                    0.0,
                    0.0,
                    0.0,
                    1.0
                ]
            ],
            "is_bad": false,
            "mask_path": "DSC05517.png"
        },
        {
            "file_path": "DSC05189.JPG",
            "transform_matrix": [
                [
                    -0.9261065737315569,
                    0.0658508374392927,
                    0.37147043125899065,
                    2.062891446381237
                ],
                [
                    -0.3770812293286331,
                    -0.19205157246855586,
                    -0.9060496344022009,
                    2.528591499773065
                ],
                [
                    0.011677353261911865,
                    -0.9791730494253296,
                    0.2026913384925405,
                    -1.707312330095844
                ],
                [
                    0.0,
                    0.0,
                    0.0,
                    1.0
                ]
            ],
            "is_bad": false,
            "mask_path": "DSC05189.png"
        },
        {
            "file_path": "DSC05701.JPG",
            "transform_matrix": [
                [
                    -0.905041948257812,
                    0.11678249751161124,
                    -0.40897545179222566,
                    2.098317350124647
                ],
                [
                    0.4252989695485928,
                    0.23841273049798672,
                    -0.8730865686960255,
                    1.5692581935027388
                ],
                [
                    -0.0044562758677323296,
                    -0.9641168073482826,
                    -0.26544099795236203,
                    -1.4029682940697716
                ],
                [
                    0.0,
                    0.0,
                    0.0,
                    1.0
                ]
            ],
            "is_bad": false,
            "mask_path": "DSC05701.png"
        },
        {
            "file_path": "DSC05564.JPG",
            "transform_matrix": [
                [
                    0.8003935843295227,
                    -0.18325518756155737,
                    0.5707781060937046,
                    2.3201914680822986
                ],
                [
                    -0.5985034261167905,
                    -0.19009588479048822,
                    0.7782398110558094,
                    2.013094754728886
                ],
                [
                    -0.03411391344598073,
                    -0.9645108038884264,
                    -0.26183038420301696,
                    -1.4044824893031556
                ],
                [
                    0.0,
                    0.0,
                    0.0,
                    1.0
                ]
            ],
            "is_bad": false,
            "mask_path": "DSC05564.png"
        },
        {
            "file_path": "DSC05277.JPG",
            "transform_matrix": [
                [
                    -0.8776796018770291,
                    -0.07465069325393416,
                    -0.47339813101203376,
                    1.6610117920076706
                ],
                [
                    0.47586813001447514,
                    -0.018643794680166238,
                    -0.8793190159188247,
                    2.6776080484683975
                ],
                [
                    0.05681583657314459,
                    -0.9970354471715791,
                    0.05188716409539926,
                    -1.5461221843762885
                ],
                [
                    0.0,
                    0.0,
                    0.0,
                    1.0
                ]
            ],
            "is_bad": false,
            "mask_path": "DSC05277.png"
        },
        {
            "file_path": "DSC05365.JPG",
            "transform_matrix": [
                [
                    0.7804189072044669,
                    6.302409170183303e-05,
                    -0.6252570074023558,
                    2.1303167843672215
                ],
                [
                    0.6247728422234371,
                    -0.03942453357649714,
                    0.7798106191712985,
                    3.068059779836192
                ],
                [
                    -0.024601319026301614,
                    -0.9992225488749937,
                    -0.03080702715171682,
                    -1.5117467209897268
                ],
                [
                    0.0,
                    0.0,
                    0.0,
                    1.0
                ]
            ],
            "is_bad": false,
            "mask_path": "DSC05365.png"
        },
        {
            "file_path": "DSC05765.JPG",
            "transform_matrix": [
                [
                    0.2294435966755668,
                    0.11092593140635273,
                    0.9669803895044684,
                    2.1025597493137824
                ],
                [
                    -0.9724834372444405,
                    0.06735614329179983,
                    0.22302267652885324,
                    1.7302501581731753
                ],
                [
                    -0.04039307155712263,
                    -0.9915435379762646,
                    0.12332806682865594,
                    -1.6481571753187305
                ],
                [
                    0.0,
                    0.0,
                    0.0,
                    1.0
                ]
            ],
            "is_bad": false,
            "mask_path": "DSC05765.png"
        },
        {
            "file_path": "DSC05808.JPG",
            "transform_matrix": [
                [
                    0.9960087960273648,
                    -0.035527171485177596,
                    0.08187977969182793,
                    1.9015952861084908
                ],
                [
                    -0.07809516318877084,
                    0.09729404742198342,
                    0.9921869853121278,
                    3.3608748335947145
                ],
                [
                    -0.043216012340783816,
                    -0.9946213794316467,
                    0.09413122677862838,
                    -1.6185623662745872
                ],
                [
                    0.0,
                    0.0,
                    0.0,
                    1.0
                ]
            ],
            "is_bad": false,
            "mask_path": "DSC05808.png"
        },
        {
            "file_path": "DSC05735.JPG",
            "transform_matrix": [
                [
                    -0.8091692499806067,
                    -0.036949327524419553,
                    0.586412714801884,
                    2.1296813495541995
                ],
                [
                    -0.5838000179629587,
                    0.16351534294199965,
                    -0.7952611342502595,
                    1.2468414842143487
                ],
                [
                    -0.06650311204952487,
                    -0.9858486089750562,
                    -0.15388260548117483,
                    -1.450245242145354
                ],
                [
                    0.0,
                    0.0,
                    0.0,
                    1.0
                ]
            ],
            "is_bad": false,
            "mask_path": "DSC05735.png"
        },
        {
            "file_path": "DSC05416.JPG",
            "transform_matrix": [
                [
                    0.9940042525391405,
                    -0.04778677673191206,
                    0.098346173813115,
                    2.744765172158322
                ],
                [
                    -0.10907080862872878,
                    -0.3701052916095801,
                    0.9225647033285325,
                    2.532641935018543
                ],
                [
                    -0.007687954160913961,
                    -0.9277599350544095,
                    -0.3730983761270716,
                    -1.3207403064336227
                ],
                [
                    0.0,
                    0.0,
                    0.0,
                    1.0
                ]
            ],
            "is_bad": false,
            "mask_path": "DSC05416.png"
        },
        {
            "file_path": "DSC05573.JPG",
            "transform_matrix": [
                [
                    0.6653815918001986,
                    -0.18299631680317185,
                    0.7237262502700221,
                    2.321851292795469
                ],
                [
                    -0.7456015512621875,
                    -0.11527242459928219,
                    0.6563463985445658,
                    1.7539900858592004
                ],
                [
                    -0.03668329386590976,
                    -0.9763322263264055,
                    -0.21314248705425004,
                    -1.4408169069685361
                ],
                [
                    0.0,
                    0.0,
                    0.0,
                    1.0
                ]
            ],
            "is_bad": false,
            "mask_path": "DSC05573.png"
        },
        {
            "file_path": "DSC05599.JPG",
            "transform_matrix": [
                [
                    0.7501595602196933,
                    -0.20321138644755307,
                    0.6292581081154683,
                    2.484973990672386
                ],
                [
                    -0.6564976592449097,
                    -0.11490764884453965,
                    0.7455246847978761,
                    1.5167702879724865
                ],
                [
                    -0.07919253510873954,
                    -0.9723689447195866,
                    -0.2196068708578295,
                    -1.4159725461423518
                ],
                [
                    0.0,
                    0.0,
                    0.0,
                    1.0
                ]
            ],
            "is_bad": false,
            "mask_path": "DSC05599.png"
        },
        {
            "file_path": "DSC05785.JPG",
            "transform_matrix": [
                [
                    0.8492638824323849,
                    -0.0385421869892435,
                    0.5265599280404445,
                    1.9880310914304413
                ],
                [
                    -0.5216168081234056,
                    0.0929860265495087,
                    0.8480975794975971,
                    2.2641504280886955
                ],
                [
                    -0.0816502509427971,
                    -0.9949211519957849,
                    0.058865421363972395,
                    -1.572797955955853
                ],
                [
                    0.0,
                    0.0,
                    0.0,
                    1.0
                ]
            ],
            "is_bad": false,
            "mask_path": "DSC05785.png"
        },
        {
            "file_path": "DSC05795.JPG",
            "transform_matrix": [
                [
                    0.9466987887422122,
                    -0.025190034218318842,
                    0.32113371914221067,
                    1.8872622229569016
                ],
                [
                    -0.31586402331763686,
                    0.12293307929388018,
                    0.9408067691024125,
                    2.7956724240630564
                ],
                [
                    -0.06317691166576386,
                    -0.9920952173009427,
                    0.10842397170815957,
                    -1.6158858152003615
                ],
                [
                    0.0,
                    0.0,
                    0.0,
                    1.0
                ]
            ],
            "is_bad": false,
            "mask_path": "DSC05795.png"
        },
        {
            "file_path": "DSC05243.JPG",
            "transform_matrix": [
                [
                    -0.9763534011673,
                    0.05557026469419447,
                    -0.20891620739153394,
                    1.7554981079022443
                ],
                [
                    0.21379454025168484,
                    0.3913914189044135,
                    -0.8950444970874691,
                    2.7035854670245394
                ],
                [
                    0.032030151226868184,
                    -0.9185448834378247,
                    -0.39401696222697913,
                    -1.323151187320322
                ],
                [
                    0.0,
                    0.0,
                    0.0,
                    1.0
                ]
            ],
            "is_bad": false,
            "mask_path": "DSC05243.png"
        },
        {
            "file_path": "DSC05513.JPG",
            "transform_matrix": [
                [
                    0.6154009842404053,
                    -0.36329126163502007,
                    0.699500598867203,
                    2.4237628153674287
                ],
                [
                    -0.786283225149333,
                    -0.22086499207804725,
                    0.5770418920001621,
                    2.6263182548569426
                ],
                [
                    -0.05513908273360381,
                    -0.9051177351560401,
                    -0.42157035837603324,
                    -1.343276953274447
                ],
                [
                    0.0,
                    0.0,
                    0.0,
                    1.0
                ]
            ],
            "is_bad": false,
            "mask_path": "DSC05513.png"
        },
        {
            "file_path": "DSC05453.JPG",
            "transform_matrix": [
                [
                    0.7203898033328635,
                    -0.23418017200745186,
                    0.6528385545390211,
                    2.8500324553188214
                ],
                [
                    -0.6929293579731306,
                    -0.2025823335299493,
                    0.6919604779179986,
                    2.7650442041220336
                ],
                [
                    -0.029789865944361612,
                    -0.9508522730582918,
                    -0.3082085636495137,
                    -1.3974416142495798
                ],
                [
                    0.0,
                    0.0,
                    0.0,
                    1.0
                ]
            ],
            "is_bad": false,
            "mask_path": "DSC05453.png"
        },
        {
            "file_path": "DSC05756.JPG",
            "transform_matrix": [
                [
                    -0.11385363373121656,
                    0.2227445671566389,
                    0.968205664044783,
                    2.135639397882776
                ],
                [
                    -0.9925084936662507,
                    0.017973321497895402,
                    -0.12084638891866967,
                    1.5068794190121175
                ],
                [
                    -0.04431974826809214,
                    -0.9747111456819064,
                    0.21902954685822243,
                    -1.7123682004259604
                ],
                [
                    0.0,
                    0.0,
                    0.0,
                    1.0
                ]
            ],
            "is_bad": false,
            "mask_path": "DSC05756.png"
        },
        {
            "file_path": "DSC05663.JPG",
            "transform_matrix": [
                [
                    -0.11814277876564017,
                    0.48473371460013065,
                    -0.8666461271796535,
                    2.32015619358389
                ],
                [
                    0.9908924450471455,
                    0.0007629002906770098,
                    -0.1346535566987986,
                    1.6017644037162688
                ],
                [
                    -0.0646099541403885,
                    -0.874661445310759,
                    -0.4804091068171702,
                    -1.2835354704284683
                ],
                [
                    0.0,
                    0.0,
                    0.0,
                    1.0
                ]
            ],
            "is_bad": false,
            "mask_path": "DSC05663.png"
        },
        {
            "file_path": "DSC05631.JPG",
            "transform_matrix": [
                [
                    0.6705969910522475,
                    0.2002359036938361,
                    -0.714286538066891,
                    2.1053087616513504
                ],
                [
                    0.7415828888391793,
                    -0.20539094815688244,
                    0.6386465199123489,
                    1.8406095998984917
                ],
                [
                    -0.018828026253682958,
                    -0.9579771089577916,
                    -0.286226071733972,
                    -1.3963759544905292
                ],
                [
                    0.0,
                    0.0,
                    0.0,
                    1.0
                ]
            ],
            "is_bad": false,
            "mask_path": "DSC05631.png"
        },
        {
            "file_path": "DSC05791.JPG",
            "transform_matrix": [
                [
                    0.9225784667104187,
                    -0.016878591800541326,
                    0.3854401197346776,
                    1.8746956848805474
                ],
                [
                    -0.38274719292889076,
                    0.08558321989360605,
                    0.919880480702627,
                    2.5831083932558863
                ],
                [
                    -0.04851349366213572,
                    -0.9961880473140966,
                    0.07249700215333452,
                    -1.6146598327837975
                ],
                [
                    0.0,
                    0.0,
                    0.0,
                    1.0
                ]
            ],
            "is_bad": false,
            "mask_path": "DSC05791.png"
        },
        {
            "file_path": "DSC05720.JPG",
            "transform_matrix": [
                [
                    -0.9061183874683756,
                    -0.190877517230143,
                    0.3775119088290682,
                    1.985546093245626
                ],
                [
                    -0.42299814341012654,
                    0.3989311474167755,
                    -0.8135886616050643,
                    1.3545426979002675
                ],
                [
                    0.004694524821092134,
                    -0.8968944826660441,
                    -0.44221968341528217,
                    -1.3375223180310747
                ],
                [
                    0.0,
                    0.0,
                    0.0,
                    1.0
                ]
            ],
            "is_bad": false,
            "mask_path": "DSC05720.png"
        },
        {
            "file_path": "DSC05345.JPG",
            "transform_matrix": [
                [
                    0.4615605653718102,
                    0.10890232077307913,
                    -0.8803988465598372,
                    1.9403060688731288
                ],
                [
                    0.886780853468354,
                    -0.08361956292878094,
                    0.45456296221484793,
                    3.0267519703266164
                ],
                [
                    -0.02411560522965403,
                    -0.9905291783818571,
                    -0.13516798570138736,
                    -1.4476609438462777
                ],
                [
                    0.0,
                    0.0,
                    0.0,
                    1.0
                ]
            ],
            "is_bad": false,
            "mask_path": "DSC05345.png"
        },
        {
            "file_path": "DSC05480.JPG",
            "transform_matrix": [
                [
                    -0.024964108220010578,
                    -0.5329230829698214,
                    0.8457953540536391,
                    2.25002611044493
                ],
                [
                    -0.9991402276595371,
                    0.04131394105470858,
                    -0.003458864983980956,
                    2.3638769213288007
                ],
                [
                    -0.03309983041087891,
                    -0.8451545100823099,
                    -0.533496256138975,
                    -1.3016638683470796
                ],
                [
                    0.0,
                    0.0,
                    0.0,
                    1.0
                ]
            ],
            "is_bad": true,
            "mask_path": "DSC05480.png"
        },
        {
            "file_path": "DSC05386.JPG",
            "transform_matrix": [
                [
                    0.9364576523638595,
                    0.1084013548593225,
                    -0.33361086851874716,
                    2.484247783592351
                ],
                [
                    0.34828366630509744,
                    -0.400607829747195,
                    0.8474738075777459,
                    2.814924425299936
                ],
                [
                    -0.041779817068155985,
                    -0.9098145486910544,
                    -0.4129066890664839,
                    -1.3083310724339932
                ],
                [
                    0.0,
                    0.0,
                    0.0,
                    1.0
                ]
            ],
            "is_bad": false,
            "mask_path": "DSC05386.png"
        },
        {
            "file_path": "DSC05218.JPG",
            "transform_matrix": [
                [
                    -0.9514372936881323,
                    -0.02740659609758205,
                    0.30662021242857607,
                    2.043727241585623
                ],
                [
                    -0.30783988483743646,
                    0.08889931324761143,
                    -0.947275840189844,
                    2.547487973759734
                ],
                [
                    -0.0012967199676570324,
                    -0.9956634926492212,
                    -0.09301896539350578,
                    -1.5097737744633484
                ],
                [
                    0.0,
                    0.0,
                    0.0,
                    1.0
                ]
            ],
            "is_bad": false,
            "mask_path": "DSC05218.png"
        },
        {
            "file_path": "DSC05550.JPG",
            "transform_matrix": [
                [
                    0.8970806379061104,
                    -0.23304324404015647,
                    0.37541600325666286,
                    1.9826331671430635
                ],
                [
                    -0.43637883557144436,
                    -0.3337602142100077,
                    0.8355702431727693,
                    2.3693113823575067
                ],
                [
                    -0.06942507442759599,
                    -0.9133974851168193,
                    -0.40110496534322937,
                    -1.332847833538267
                ],
                [
                    0.0,
                    0.0,
                    0.0,
                    1.0
                ]
            ],
            "is_bad": false,
            "mask_path": "DSC05550.png"
        },
        {
            "file_path": "DSC05521.JPG",
            "transform_matrix": [
                [
                    0.7370266074727508,
                    -0.4092163506143643,
                    0.5378975351003836,
                    2.011145190556429
                ],
                [
                    -0.6645849568849655,
                    -0.29401220087825286,
                    0.6869378871607915,
                    2.7491372201664555
                ],
                [
                    -0.12295777714082963,
                    -0.8637701106918363,
                    -0.4886538456985654,
                    -1.2615416175913539
                ],
                [
                    0.0,
                    0.0,
                    0.0,
                    1.0
                ]
            ],
            "is_bad": false,
            "mask_path": "DSC05521.png"
        },
        {
            "file_path": "DSC05782.JPG",
            "transform_matrix": [
                [
                    0.8310149917866703,
                    -0.0777707833806378,
                    0.5507865182429236,
                    1.9177601390251215
                ],
                [
                    -0.5532789630169775,
                    -0.013361807872923506,
                    0.8328888588360542,
                    2.1130635101701403
                ],
                [
                    -0.05741491538492692,
                    -0.9968817218420292,
                    -0.05413280104162976,
                    -1.5216654480204592
                ],
                [
                    0.0,
                    0.0,
                    0.0,
                    1.0
                ]
            ],
            "is_bad": false,
            "mask_path": "DSC05782.png"
        },
        {
            "file_path": "DSC05469.JPG",
            "transform_matrix": [
                [
                    0.2982176789688528,
                    -0.5592165895945542,
                    0.7735263549955274,
