{
    "fl_x": 625.6112305633801,
    "fl_y": 624.0079118758603,
    "cx": 876.0,
    "cy": 584.0,
    "w": 1752,
    "h": 1168,
    "k1": 0.0,
    "k2": 0.0,
    "k3": 0.0,
    "k4": 0.0,
    "camera_model": "PINHOLE",
    "has_mask": true,
    "aabb_range": [
        [
            -0.00010591126920189708,
            -7.093230669852346e-05,
            -2.606598138809204
        ],
        [
            1.8545198440551758,
            5.108837604522705,
            -0.04413008689880371
        ]
    ],
    "frames": [
        {
            "file_path": "DSC03894.JPG",
            "transform_matrix": [
                [
                    0.8784957117196189,
                    -0.1669303511433036,
                    -0.4476377356271627,
                    1.1151881017430656
                ],
                [
                    0.4774329542069031,
                    0.27260873176424494,
                    0.835309675272087,
                    4.213445172252333
                ],
                [
                    -0.01740858200742931,
                    -0.9475329742194009,
                    0.31918365252535613,
                    -1.7180680301456768
                ],
                [
                    0.0,
                    0.0,
                    0.0,
                    1.0
                ]
            ],
            "is_bad": false,
            "mask_path": "DSC03894.png"
        },
        {
            "file_path": "DSC03784.JPG",
            "transform_matrix": [
                [
                    -0.6881251311623259,
                    -0.0527531316927241,
                    -0.7236718254564302,
                    1.2182833502985302
                ],
                [
                    0.7255707829416151,
                    -0.057661361899338924,
                    -0.6857275014795639,
                    0.8227125094155479
                ],
                [
                    -0.005553629833124294,
                    -0.9969414598864488,
                    0.07795436328489286,
                    -1.6336705639551876
                ],
                [
                    0.0,
                    0.0,
                    0.0,
                    1.0
                ]
            ],
            "is_bad": false,
            "mask_path": "DSC03784.png"
        },
        {
            "file_path": "DSC03747.JPG",
            "transform_matrix": [
                [
                    0.27202805088323145,
                    -0.5019886961360831,
                    0.8209799562012858,
                    1.2733648379106597
                ],
                [
                    -0.9609703299171477,
                    -0.18636598026834456,
                    0.20445964496092228,
                    2.5336810645355574
                ],
                [
                    0.05036630373173545,
                    -0.8445561380691127,
                    -0.5330930173039108,
                    -1.3922909245415662
                ],
                [
                    0.0,
                    0.0,
                    0.0,
                    1.0
                ]
            ],
            "is_bad": true,
            "mask_path": "DSC03747.png"
        },
        {
            "file_path": "DSC03879.JPG",
            "transform_matrix": [
                [
                    0.15588159867104223,
                    0.22640427244188022,
                    0.9614790858962158,
                    1.110809306644449
                ],
                [
                    -0.9874145225906338,
                    0.009394105677926475,
                    0.1578743530647777,
                    1.7820005204792282
                ],
                [
                    0.026711191902838334,
                    -0.9739881191259854,
                    0.22501923479683908,
                    -1.8777346972689937
                ],
                [
                    0.0,
                    0.0,
                    0.0,
                    1.0
                ]
            ],
            "is_bad": false,
            "mask_path": "DSC03879.png"
        },
        {
            "file_path": "DSC03827.JPG",
            "transform_matrix": [
                [
                    -0.9965204217167363,
                    -0.04192105959602744,
                    0.07203939105687698,
                    1.3270341315184009
                ],
                [
                    -0.08323263347544425,
                    0.5461568509967455,
                    -0.8335376553186196,
                    3.4352921527798723
                ],
                [
                    -0.0044020252432018835,
                    -0.8366333240265211,
                    -0.5477456556670202,
                    -1.3221924767259898
                ],
                [
                    0.0,
                    0.0,
                    0.0,
                    1.0
                ]
            ],
            "is_bad": false,
            "mask_path": "DSC03827.png"
        },
        {
            "file_path": "DSC03863.JPG",
            "transform_matrix": [
                [
                    0.7139224107643342,
                    -0.35593888085596465,
                    0.6030110318256582,
                    1.3535399008108546
                ],
                [
                    -0.7001459650574936,
                    -0.3499375256610588,
                    0.6223659339551992,
                    1.435897007699563
                ],
                [
                    -0.010508045591498144,
                    -0.8665167287647824,
                    -0.4990374131752329,
                    -1.2238006601271374
                ],
                [
                    0.0,
                    0.0,
                    0.0,
                    1.0
                ]
            ],
            "is_bad": false,
            "mask_path": "DSC03863.png"
        },
        {
            "file_path": "DSC03766.JPG",
            "transform_matrix": [
                [
                    -0.2573760757964664,
                    -0.29678134535707895,
                    0.919607736296109,
                    0.7872648898237915
                ],
                [
                    -0.9656745020881037,
                    0.044451056013038955,
                    -0.2559235425595297,
                    1.230732125280111
                ],
                [
                    0.03507579827324462,
                    -0.9539103399520146,
                    -0.2980348162683798,
                    -1.471430086627838
                ],
                [
                    0.0,
                    0.0,
                    0.0,
                    1.0
                ]
            ],
            "is_bad": true,
            "mask_path": "DSC03766.png"
        },
        {
            "file_path": "DSC03833.JPG",
            "transform_matrix": [
                [
                    -0.24440588446238254,
                    -0.578598634408703,
                    0.7781319835995337,
                    1.2636762159149648
                ],
                [
                    -0.9696698446065352,
                    0.14788850374156146,
                    -0.19460057276848572,
                    4.66579748151443
                ],
                [
                    -0.0024811491089908847,
                    -0.802092644724702,
                    -0.5971944684754157,
                    -1.3634379692066607
                ],
                [
                    0.0,
                    0.0,
                    0.0,
                    1.0
                ]
            ],
            "is_bad": false,
            "mask_path": "DSC03833.png"
        },
        {
            "file_path": "DSC03885.JPG",
            "transform_matrix": [
                [
                    0.8884382096316078,
                    -0.12756596274760845,
                    0.44091322594685106,
                    0.7823118157564624
                ],
                [
                    -0.4589417131237392,
                    -0.26169497083772886,
                    0.849051380184549,
                    2.815114309261607
                ],
                [
                    0.007074717070702347,
                    -0.9566831593513687,
                    -0.29104515284033416,
                    -1.4318912580849055
                ],
                [
                    0.0,
                    0.0,
                    0.0,
                    1.0
                ]
            ],
            "is_bad": false,
            "mask_path": "DSC03885.png"
        },
        {
            "file_path": "DSC03843.JPG",
            "transform_matrix": [
                [
                    0.4506968701992237,
                    0.4140641865354898,
                    0.7908370126779144,
                    1.197136803099193
                ],
                [
                    -0.8863497163868473,
                    0.10227874897136183,
                    0.45157860641289177,
                    3.690726172800155
                ],
                [
                    0.10609670802423787,
                    -0.904483226454508,
                    0.4131023863509662,
                    -1.7937111940106396
                ],
                [
                    0.0,
                    0.0,
                    0.0,
                    1.0
                ]
            ],
            "is_bad": true,
            "mask_path": "DSC03843.png"
        },
        {
            "file_path": "DSC03859.JPG",
            "transform_matrix": [
                [
                    0.3544468741053134,
                    -0.2596359498485785,
                    0.898307623803337,
                    1.0350727011697565
                ],
                [
                    -0.9345310285486336,
                    -0.131157906248664,
                    0.3308313170005184,
                    2.0746492253047073
                ],
                [
                    0.03192444387617269,
                    -0.9567584737929903,
                    -0.28912636114422946,
                    -1.3971351385218356
                ],
                [
                    0.0,
                    0.0,
                    0.0,
                    1.0
                ]
            ],
            "is_bad": true,
            "mask_path": "DSC03859.png"
        },
        {
            "file_path": "DSC03813.JPG",
            "transform_matrix": [
                [
                    -0.9905819509816608,
                    -0.03890942423161846,
                    -0.1312762548800469,
                    1.1951413097964383
                ],
                [
                    0.1362984193978679,
                    -0.18888020651822834,
                    -0.972495248551516,
                    2.9635164290299545
                ],
                [
                    0.013043744056441684,
                    -0.9812289866751778,
                    0.19240461649709595,
                    -1.6806576191016012
                ],
                [
                    0.0,
                    0.0,
                    0.0,
                    1.0
                ]
            ],
            "is_bad": false,
            "mask_path": "DSC03813.png"
        },
        {
            "file_path": "DSC03829.JPG",
            "transform_matrix": [
                [
                    -0.8780602136062337,
                    -0.2522291309114961,
                    0.40668258728571954,
                    1.333945382383907
                ],
                [
                    -0.47841935218870985,
                    0.4428031149753535,
                    -0.7583141333375368,
                    3.887151480176935
                ],
                [
                    0.011188598353278597,
                    -0.8604102898546458,
                    -0.5094790951345639,
                    -1.3581609596911324
                ],
                [
                    0.0,
                    0.0,
                    0.0,
                    1.0
                ]
            ],
            "is_bad": false,
            "mask_path": "DSC03829.png"
        },
        {
            "file_path": "DSC03854.JPG",
            "transform_matrix": [
                [
                    0.16654797344296202,
                    -0.41925057055229054,
                    0.8924632942780447,
                    1.0543842730257122
                ],
                [
                    -0.9841517070935224,
                    -0.12656865354473895,
                    0.12420061740898637,
                    3.1133826394308963
                ],
                [
                    0.06088669778321016,
                    -0.8990046357118795,
                    -0.4336859174582494,
                    -1.3068584571597675
                ],
                [
                    0.0,
                    0.0,
                    0.0,
                    1.0
                ]
            ],
            "is_bad": true,
            "mask_path": "DSC03854.png"
        },
        {
            "file_path": "DSC03903.JPG",
            "transform_matrix": [
                [
                    0.9956303363136145,
                    0.08956467449031427,
                    0.026427305868795607,
                    1.182199029269872
                ],
                [
                    -0.07106439665533952,
                    0.5431103098070132,
                    0.8366486974288211,
                    4.649013739259207
                ],
                [
                    0.06058122597019145,
                    -0.8348708645441966,
                    0.5471019599628341,
                    -1.7588886298764084
                ],
                [
                    0.0,
                    0.0,
                    0.0,
                    1.0
                ]
            ],
            "is_bad": false,
            "mask_path": "DSC03903.png"
        },
        {
            "file_path": "DSC03760.JPG",
            "transform_matrix": [
                [
                    0.5644413559081154,
                    0.04452070825173998,
                    0.8242717162910368,
                    1.1366498534727187
                ],
                [
                    -0.8224128847279649,
                    -0.05557367388495086,
                    0.5661701279689308,
                    1.4723847471465035
                ],
                [
                    0.07101410264190199,
                    -0.9974615147000371,
                    0.005246324263028891,
                    -1.6224821581276367
                ],
                [
                    0.0,
                    0.0,
                    0.0,
                    1.0
                ]
            ],
            "is_bad": true,
            "mask_path": "DSC03760.png"
        },
        {
            "file_path": "DSC03865.JPG",
            "transform_matrix": [
                [
                    0.5590892944818251,
                    -0.41389715567554863,
                    0.7184067826235394,
                    1.2722145990070453
                ],
                [
                    -0.824649014922631,
                    -0.36733892585328537,
                    0.4301349971114747,
                    1.1202088571007056
                ],
                [
                    0.08586712399369598,
                    -0.832917317671235,
                    -0.5466951425981448,
                    -1.013917986452908
                ],
                [
                    0.0,
                    0.0,
                    0.0,
                    1.0
                ]
            ],
            "is_bad": false,
            "mask_path": "DSC03865.png"
        },
        {
            "file_path": "DSC03815.JPG",
            "transform_matrix": [
                [
                    -0.9656336855042441,
                    0.0736584785313094,
                    0.24925090563515284,
                    1.4357784390834523
                ],
                [
                    -0.2564306832682848,
                    -0.11368161522555424,
                    -0.9598540488211064,
                    3.260877728925945
                ],
                [
                    -0.04236614329924322,
                    -0.9907829827465563,
                    0.12866309106261276,
                    -1.646855592617929
                ],
                [
                    0.0,
                    0.0,
                    0.0,
                    1.0
                ]
            ],
            "is_bad": false,
            "mask_path": "DSC03815.png"
        },
        {
            "file_path": "DSC03778.JPG",
            "transform_matrix": [
                [
                    -0.7436786337815046,
                    0.2888252739807454,
                    0.6029278984810895,
                    0.8803274716498812
                ],
                [
                    -0.6662665647893004,
                    -0.394465360405935,
                    -0.6328395879554957,
                    0.8353202517246435
                ],
                [
                    0.055054103396027974,
                    -0.8723399799102204,
                    0.48579008342029373,
                    -1.8149441682411285
                ],
                [
                    0.0,
                    0.0,
                    0.0,
                    1.0
                ]
            ],
            "is_bad": false,
            "mask_path": "DSC03778.png"
        },
        {
            "file_path": "DSC03882.JPG",
            "transform_matrix": [
                [
                    0.03409673663903329,
                    0.0878208144531447,
                    0.9955525687272151,
                    1.1554221777231222
                ],
                [
                    -0.9989342075384093,
                    -0.02801346812479826,
                    0.03668371046164441,
                    2.3703575705239524
                ],
                [
                    0.031110473480505777,
                    -0.9957423111189003,
                    0.08677204784613116,
                    -1.7018952362868554
                ],
                [
                    0.0,
                    0.0,
                    0.0,
                    1.0
                ]
            ],
            "is_bad": false,
            "mask_path": "DSC03882.png"
        },
        {
            "file_path": "DSC03750.JPG",
            "transform_matrix": [
                [
                    0.8756126902522601,
                    -0.11587895873135658,
                    0.4689077559526339,
                    1.3527415744091462
                ],
                [
                    -0.47871353554366064,
                    -0.33745101400079336,
                    0.8105307915416432,
                    1.8981239493899134
                ],
                [
                    0.06430993357550559,
                    -0.9341835366100025,
                    -0.35094921622699293,
                    -1.4595636527003852
                ],
                [
                    0.0,
                    0.0,
                    0.0,
                    1.0
                ]
            ],
            "is_bad": false,
            "mask_path": "DSC03750.png"
        },
        {
            "file_path": "DSC03899.JPG",
            "transform_matrix": [
                [
                    0.9998713442183085,
                    0.003227280285679937,
                    -0.01571240506836586,
                    0.9341428760190446
                ],
                [
                    0.016023285648934536,
                    -0.24621733683325753,
                    0.9690821829750833,
                    4.518242867855525
                ],
                [
                    -0.0007411667068601679,
                    -0.9692092693039505,
                    -0.24623737118320863,
                    -1.535753252670632
                ],
                [
                    0.0,
                    0.0,
                    0.0,
                    1.0
                ]
            ],
            "is_bad": false,
            "mask_path": "DSC03899.png"
        },
        {
            "file_path": "DSC03799.JPG",
            "transform_matrix": [
                [
                    0.2578871589203988,
                    0.19059901629925916,
                    -0.9471885917016317,
                    1.1770247517428682
                ],
                [
                    0.9659279190346806,
                    -0.02868922432298204,
                    0.2572162196228635,
                    1.1486989138977128
                ],
                [
                    0.021851052452834384,
                    -0.9812486654225325,
                    -0.1915034937362844,
                    -1.4921688337893217
                ],
                [
                    0.0,
                    0.0,
                    0.0,
                    1.0
                ]
            ],
            "is_bad": false,
            "mask_path": "DSC03799.png"
        },
        {
            "file_path": "DSC03794.JPG",
            "transform_matrix": [
                [
                    0.6629517541908312,
                    0.5130379618141889,
                    -0.545240333571208,
                    1.09497913735101
                ],
                [
                    0.7485861173791835,
                    -0.4646340498099289,
                    0.47300531141244495,
                    1.6653787203685588
                ],
                [
                    -0.010667543412580392,
                    -0.7217390452890624,
                    -0.6920830542808958,
                    -1.2809544397322614
                ],
                [
                    0.0,
                    0.0,
                    0.0,
                    1.0
                ]
            ],
            "is_bad": false,
            "mask_path": "DSC03794.png"
        },
        {
            "file_path": "DSC03831.JPG",
            "transform_matrix": [
                [
                    -0.591498792118723,
                    -0.4609437679500951,
                    0.6615587817496341,
                    1.2894642611121723
                ],
                [
                    -0.8062933827789523,
                    0.34270789024871395,
                    -0.48212268443638745,
                    4.323741990736082
                ],
                [
                    -0.004489967590603525,
                    -0.8185854535411949,
                    -0.5743672130630286,
                    -1.346114622478232
                ],
                [
                    0.0,
                    0.0,
                    0.0,
                    1.0
                ]
            ],
            "is_bad": false,
            "mask_path": "DSC03831.png"
        },
        {
            "file_path": "DSC03733.JPG",
            "transform_matrix": [
                [
                    0.5281641926605446,
                    -0.2569366442675831,
                    0.8093368559652706,
                    1.0963897879049316
                ],
                [
                    -0.848694600345045,
                    -0.1287844936131006,
                    0.5129639651573816,
                    3.363189126099141
                ],
                [
                    -0.02756920267982498,
                    -0.95780901803926,
                    -0.2860801007170342,
                    -1.500175728887949
                ],
                [
                    0.0,
                    0.0,
                    0.0,
                    1.0
                ]
            ],
            "is_bad": false,
            "mask_path": "DSC03733.png"
        },
        {
            "file_path": "DSC03884.JPG",
            "transform_matrix": [
                [
                    0.4754984686085197,
                    -0.27835949747424404,
                    0.8345161451504937,
                    0.9992249296451314
                ],
                [
                    -0.8784973603053611,
                    -0.1003232050249544,
                    0.4670948966431073,
                    2.5412916288765612
                ],
                [
                    -0.0462989663757919,
                    -0.9552231386955657,
                    -0.29224161410231514,
                    -1.475417843345343
                ],
                [
                    0.0,
                    0.0,
                    0.0,
                    1.0
                ]
            ],
            "is_bad": false,
            "mask_path": "DSC03884.png"
        },
        {
            "file_path": "DSC03808.JPG",
            "transform_matrix": [
                [
                    -0.44404162703474037,
                    -0.2015116069979381,
                    -0.873052178111623,
                    1.0976339704111777
                ],
                [
                    0.8906671056249428,
                    0.006942008816529477,
                    -0.45460303064462565,
                    2.0403629776227725
                ],
                [
                    0.09766852316907255,
                    -0.9794615259205947,
                    0.17639721886490323,
                    -1.6714455265537673
                ],
                [
                    0.0,
                    0.0,
                    0.0,
                    1.0
                ]
            ],
            "is_bad": false,
            "mask_path": "DSC03808.png"
        },
        {
            "file_path": "DSC03729.JPG",
            "transform_matrix": [
                [
                    0.9578184007630074,
                    0.09023186116654541,
                    0.2728408371014418,
                    1.3176850803626805
                ],
                [
                    -0.2848818737860617,
                    0.17336511353857492,
                    0.9427549285980417,
                    3.9199310525676587
                ],
                [
                    0.03776544912928392,
                    -0.980715426940036,
                    0.1917577174819447,
                    -1.6801079942063308
                ],
                [
                    0.0,
                    0.0,
                    0.0,
                    1.0
                ]
            ],
            "is_bad": false,
            "mask_path": "DSC03729.png"
        },
        {
            "file_path": "DSC03748.JPG",
            "transform_matrix": [
                [
                    0.5824751195199211,
                    -0.374623396165521,
                    0.721373721579643,
                    1.3265015858055436
                ],
                [
                    -0.810887348026175,
                    -0.32941278063330837,
                    0.4836826736265288,
                    2.261017584329495
                ],
                [
                    0.05643087764095891,
                    -0.866685947157817,
                    -0.4956521209959939,
                    -1.4077499912055613
                ],
                [
                    0.0,
                    0.0,
                    0.0,
                    1.0
                ]
            ],
            "is_bad": true,
            "mask_path": "DSC03748.png"
        },
        {
            "file_path": "DSC03739.JPG",
            "transform_matrix": [
                [
                    0.7945128509417508,
                    0.12452844449683557,
                    0.5943416493899857,
                    1.2282576229641498
                ],
                [
                    -0.6058649906581212,
                    0.09655709958905305,
                    0.7896862285830893,
                    2.688552922439301
                ],
                [
                    0.04095049185595401,
                    -0.9875066546763862,
                    0.15216328133491144,
                    -1.6629599337893943
                ],
                [
                    0.0,
                    0.0,
                    0.0,
                    1.0
                ]
            ],
            "is_bad": true,
            "mask_path": "DSC03739.png"
        },
        {
            "file_path": "DSC03852.JPG",
            "transform_matrix": [
                [
                    0.8829943468982203,
                    -0.20202219147917722,
                    0.42368386504059324,
                    1.3253637136522844
                ],
                [
                    -0.46920467042788433,
                    -0.40481729697496627,
                    0.7848375203305087,
                    3.0922961592751625
                ],
                [
                    0.012959961205386844,
                    -0.8918015419474404,
                    -0.45224114052761943,
                    -1.2857061161231436
                ],
                [
                    0.0,
                    0.0,
                    0.0,
                    1.0
                ]
            ],
            "is_bad": false,
            "mask_path": "DSC03852.png"
        },
        {
            "file_path": "DSC03839.JPG",
            "transform_matrix": [
                [
                    0.5148529667400218,
                    0.2975600059319598,
                    0.8039803887588122,
                    1.3060704604280622
                ],
                [
                    -0.8569343896345006,
                    0.15206353723266414,
                    0.49248363679013457,
                    4.411971151402085
                ],
                [
                    0.024287332104307974,
                    -0.9425151051914569,
                    0.3332797653401605,
                    -1.7742415198652226
                ],
                [
                    0.0,
                    0.0,
                    0.0,
                    1.0
                ]
            ],
            "is_bad": true,
            "mask_path": "DSC03839.png"
        },
        {
            "file_path": "DSC03846.JPG",
            "transform_matrix": [
                [
                    -0.07084099839544195,
                    0.01963126015987119,
                    0.9972944232125598,
                    1.270032664846609
                ],
                [
                    -0.9965895960599732,
                    -0.04380833058948064,
                    -0.06992858640057086,
                    3.4829751178481234
                ],
                [
                    0.04231701751489958,
                    -0.9988470572592674,
                    0.02266773550987062,
                    -1.654119139903546
                ],
                [
                    0.0,
                    0.0,
                    0.0,
                    1.0
                ]
            ],
            "is_bad": true,
            "mask_path": "DSC03846.png"
        },
        {
            "file_path": "DSC03877.JPG",
            "transform_matrix": [
                [
                    -0.286078984625104,
                    -0.251909763133785,
                    0.9245000193584367,
                    0.9635219232768175
                ],
                [
                    -0.957625390051707,
                    0.0415803974538809,
                    -0.28499944364137586,
                    1.4931569722175706
                ],
                [
                    0.03335306408991511,
                    -0.9668570430965779,
                    -0.25313046306273873,
                    -1.430672896016998
                ],
                [
                    0.0,
                    0.0,
                    0.0,
                    1.0
                ]
            ],
            "is_bad": false,
            "mask_path": "DSC03877.png"
        },
        {
            "file_path": "DSC03737.JPG",
            "transform_matrix": [
                [
                    0.6156261908378755,
                    -0.27321559251686744,
                    0.7391600862872026,
                    1.2613974184841081
                ],
                [
                    -0.7869117077521921,
                    -0.2632722699657491,
                    0.5580839328180035,
                    2.888178850569064
                ],
                [
                    0.04212312140589638,
                    -0.9252248115310888,
                    -0.3770738532042299,
                    -1.457282692151589
                ],
                [
                    0.0,
                    0.0,
                    0.0,
                    1.0
                ]
            ],
            "is_bad": true,
            "mask_path": "DSC03737.png"
        },
        {
            "file_path": "DSC03873.JPG",
            "transform_matrix": [
                [
                    0.9602976520339221,
                    0.17007329151985623,
                    -0.22114134622394477,
                    1.129223052805903
                ],
                [
                    0.27896994778207623,
                    -0.5912260433018576,
                    0.7567215696384607,
                    1.3641721150916395
                ],
                [
                    -0.0020463950259440203,
                    -0.7883697363757897,
                    -0.6151983184584999,
                    -1.2853375659404394
                ],
                [
                    0.0,
                    0.0,
                    0.0,
                    1.0
                ]
            ],
            "is_bad": false,
            "mask_path": "DSC03873.png"
        },
        {
            "file_path": "DSC03755.JPG",
            "transform_matrix": [
                [
                    -0.18128281589328513,
                    0.18788060795704567,
                    0.9653172627771093,
                    1.277751564551618
                ],
                [
                    -0.9833333716902295,
                    -0.04846101711109752,
                    -0.17523415746046955,
                    1.805712852849976
                ],
                [
                    0.013857156350565529,
                    -0.9809956202625206,
                    0.19353442134056564,
                    -1.703734001112899
                ],
                [
                    0.0,
                    0.0,
                    0.0,
                    1.0
                ]
            ],
            "is_bad": false,
            "mask_path": "DSC03755.png"
        },
        {
            "file_path": "DSC03725.JPG",
            "transform_matrix": [
                [
                    0.9976168562602027,
                    -0.0166836817942749,
                    0.06694970401203049,
                    1.1937810390523547
                ],
                [
                    -0.06890764979673607,
                    -0.1915035140652583,
                    0.9790700383017289,
                    4.4425735452946915
                ],
                [
                    -0.003513389389402301,
                    -0.9813501204271824,
                    -0.19219676696696494,
                    -1.5331812378814074
                ],
                [
                    0.0,
                    0.0,
                    0.0,
                    1.0
                ]
            ],
            "is_bad": false,
            "mask_path": "DSC03725.png"
        },
        {
            "file_path": "DSC03773.JPG",
            "transform_matrix": [
                [
                    -0.99777865958461,
                    -0.06547967290084321,
                    -0.01225393464716464,
                    1.0450979368319784
                ],
                [
                    0.029289136337455467,
                    -0.2659915204043198,
                    -0.9635303096247693,
                    0.974498666081273
                ],
                [
                    0.05983220679654342,
                    -0.9617488879690981,
                    0.26731850575681965,
                    -1.7208862698834593
                ],
                [
                    0.0,
                    0.0,
                    0.0,
                    1.0
                ]
            ],
            "is_bad": false,
            "mask_path": "DSC03773.png"
        },
        {
            "file_path": "DSC03727.JPG",
            "transform_matrix": [
                [
                    0.9872978941765214,
                    -0.003749663908448228,
                    0.158835789969329,
                    1.340332806173592
                ],
                [
                    -0.15818251450085694,
                    0.07037720543671079,
                    0.9848986450701952,
                    4.232958427710473
                ],
                [
                    -0.01487145792427338,
                    -0.9975134029051909,
                    0.06889013546012106,
                    -1.6405969744432891
                ],
                [
                    0.0,
                    0.0,
                    0.0,
                    1.0
                ]
            ],
            "is_bad": false,
            "mask_path": "DSC03727.png"
        },
        {
            "file_path": "DSC03820.JPG",
            "transform_matrix": [
                [
                    -0.9983601332153129,
                    0.023817840784976303,
                    0.05205530584525571,
                    1.1950635337712283
                ],
                [
                    -0.04877613109903563,
                    0.12206981372523479,
                    -0.9913222733360202,
                    3.6616565040711433
                ],
                [
                    -0.029965537560859064,
                    -0.9922356932893651,
                    -0.12070789336766931,
                    -1.5443943870422059
                ],
                [
                    0.0,
                    0.0,
                    0.0,
                    1.0
                ]
            ],
            "is_bad": false,
            "mask_path": "DSC03820.png"
        },
        {
            "file_path": "DSC03817.JPG",
            "transform_matrix": [
                [
                    -0.8917330685185291,
                    0.1473398146428915,
                    0.4279054960286521,
                    1.4319345024085601
                ],
                [
                    -0.4522254305109136,
                    -0.2536592738987136,
                    -0.8550725891784836,
                    3.622872645520332
                ],
                [
                    -0.017444039375878486,
                    -0.9560062509137561,
                    0.292827173780162,
                    -1.7124080729284266
                ],
                [
                    0.0,
                    0.0,
                    0.0,
                    1.0
                ]
            ],
            "is_bad": false,
            "mask_path": "DSC03817.png"
        },
        {
            "file_path": "DSC03825.JPG",
            "transform_matrix": [
                [
                    -0.9232358670679565,
                    0.18277613220527228,
                    -0.3379769507752856,
                    1.0499879355808286
