{
    "fl_x": 622.5349495682524,
    "fl_y": 623.0708733052446,
    "cx": 876.0,
    "cy": 584.0,
    "w": 1752,
    "h": 1168,
    "k1": 0.0,
    "k2": 0.0,
    "k3": 0.0,
    "k4": 0.0,
    "camera_model": "PINHOLE",
    "has_mask": false,
    "aabb_range": [
        [
            0.0036565554328262806,
            0.001806797576136887,
            -3.517578125
        ],
        [
            4.033405780792236,
            5.266536235809326,
            -0.0
        ]
    ],
    "frames": [
        {
            "file_path": "DSC00828.JPG",
            "transform_matrix": [
                [
                    0.6683954534043164,
                    0.09278723175829814,
                    0.7379959671238516,
                    2.162926456235511
                ],
                [
                    -0.743798819270762,
                    0.07898848246424707,
                    0.6637199229263906,
                    3.805368557956784
                ],
                [
                    0.003291552803323739,
                    -0.9925479077911685,
                    0.12181057597563508,
                    -1.6412006623656796
                ],
                [
                    0.0,
                    0.0,
                    0.0,
                    1.0
                ]
            ],
            "is_bad": false,
            "mask_path": "DSC00828.png"
        },
        {
            "file_path": "DSC00597.JPG",
            "transform_matrix": [
                [
                    -0.34332308003155954,
                    0.3081349979930222,
                    -0.8872328249842226,
                    1.7327921802926547
                ],
                [
                    0.9391701049538403,
                    0.10315386271644696,
                    -0.3275954739731134,
                    0.7253206854100865
                ],
                [
                    -0.009422137689280501,
                    -0.9457336324877725,
                    -0.3248062802700213,
                    -1.7953706264185176
                ],
                [
                    0.0,
                    0.0,
                    0.0,
                    1.0
                ]
            ],
            "is_bad": false,
            "mask_path": "DSC00597.png"
        },
        {
            "file_path": "DSC00368.JPG",
            "transform_matrix": [
                [
                    -0.9999410344656472,
                    0.00997390940414527,
                    -0.004295197663554107,
                    1.6352311406994244
                ],
                [
                    0.006549358852617276,
                    0.2383924966059634,
                    -0.9711468083974715,
                    2.299064335955253
                ],
                [
                    -0.00866218739065064,
                    -0.9711176749978209,
                    -0.23844376237686646,
                    -1.578717783433323
                ],
                [
                    0.0,
                    0.0,
                    0.0,
                    1.0
                ]
            ],
            "is_bad": false,
            "mask_path": "DSC00368.png"
        },
        {
            "file_path": "DSC00703.JPG",
            "transform_matrix": [
                [
                    -0.22481382957246723,
                    0.10587137936348533,
                    0.9686330538778006,
                    2.533195318207074
                ],
                [
                    -0.9742173037140178,
                    -0.04376236270989836,
                    -0.22132668333085367,
                    1.58029523499697
                ],
                [
                    0.018957509782414013,
                    -0.9934163813032881,
                    0.1129801140959305,
                    -1.7845929350107732
                ],
                [
                    0.0,
                    0.0,
                    0.0,
                    1.0
                ]
            ],
            "is_bad": false,
            "mask_path": "DSC00703.png"
        },
        {
            "file_path": "DSC00286.JPG",
            "transform_matrix": [
                [
                    0.9961324277632142,
                    -0.07879730408369354,
                    0.03887378586794922,
                    1.4193210081899796
                ],
                [
                    -0.045840452419004654,
                    -0.0886244274376458,
                    0.9950097304968282,
                    3.218493518916219
                ],
                [
                    -0.07495891728531207,
                    -0.992943450419253,
                    -0.09189377013118143,
                    -1.5844000175623778
                ],
                [
                    0.0,
                    0.0,
                    0.0,
                    1.0
                ]
            ],
            "is_bad": false,
            "mask_path": "DSC00286.png"
        },
        {
            "file_path": "DSC00171.JPG",
            "transform_matrix": [
                [
                    0.8871108086397339,
                    -0.02079152723754825,
                    -0.4610879803136151,
                    1.7185965005391135
                ],
                [
                    0.45789993308127275,
                    0.16514276733792835,
                    0.8735304904124054,
                    4.611432899588376
                ],
                [
                    0.05798331207100765,
                    -0.9860504950513956,
                    0.1560203728048834,
                    -1.6840766540460366
                ],
                [
                    0.0,
                    0.0,
                    0.0,
                    1.0
                ]
            ],
            "is_bad": false,
            "mask_path": "DSC00171.png"
        },
        {
            "file_path": "DSC00440.JPG",
            "transform_matrix": [
                [
                    0.7910688475695618,
                    0.24651432552381625,
                    -0.5598578084804242,
                    2.242485057360333
                ],
                [
                    0.6117199370328948,
                    -0.323219279984693,
                    0.7220304811312661,
                    3.0212708397931123
                ],
                [
                    -0.002965980687140344,
                    -0.9136520039696265,
                    -0.40648643101689014,
                    -1.5314937540788887
                ],
                [
                    0.0,
                    0.0,
                    0.0,
                    1.0
                ]
            ],
            "is_bad": false,
            "mask_path": "DSC00440.png"
        },
        {
            "file_path": "DSC00206.JPG",
            "transform_matrix": [
                [
                    0.9895396337796529,
                    -0.1294463593242923,
                    0.06367851471977827,
                    1.4873711134148269
                ],
                [
                    -0.11826126586432947,
                    -0.47509848251837006,
                    0.8719493706087005,
                    3.9583012757740432
                ],
                [
                    -0.08261710582801415,
                    -0.8703591626256534,
                    -0.4854372687157164,
                    -1.425678951580709
                ],
                [
                    0.0,
                    0.0,
                    0.0,
                    1.0
                ]
            ],
            "is_bad": false,
            "mask_path": "DSC00206.png"
        },
        {
            "file_path": "DSC00648.JPG",
            "transform_matrix": [
                [
                    0.6200254873162635,
                    -0.3780750396096641,
                    0.6874792065963743,
                    2.8387136183697113
                ],
                [
                    -0.7775829377382641,
                    -0.1793366008700607,
                    0.6026633874118305,
                    0.9553142689026102
                ],
                [
                    -0.10456179998718185,
                    -0.9082387615668707,
                    -0.40517796333329437,
                    -1.7031903358405533
                ],
                [
                    0.0,
                    0.0,
                    0.0,
                    1.0
                ]
            ],
            "is_bad": false,
            "mask_path": "DSC00648.png"
        },
        {
            "file_path": "DSC00510.JPG",
            "transform_matrix": [
                [
                    0.65848852933661,
                    0.314084550097448,
                    -0.6839179425356465,
                    2.240883807561353
                ],
                [
                    0.7516369671196191,
                    -0.3202011769476678,
                    0.5766394679004798,
                    2.0952053696313393
                ],
                [
                    -0.03787778229158739,
                    -0.8937684832614156,
                    -0.4469263607544974,
                    -1.502642209138596
                ],
                [
                    0.0,
                    0.0,
                    0.0,
                    1.0
                ]
            ],
            "is_bad": false,
            "mask_path": "DSC00510.png"
        },
        {
            "file_path": "DSC00553.JPG",
            "transform_matrix": [
                [
                    0.7080231949133029,
                    0.027610738779546926,
                    0.7056492064537497,
                    2.024150266360319
                ],
                [
                    -0.7037071602549679,
                    -0.056118190272150474,
                    0.708270415396879,
                    1.6553139708223132
                ],
                [
                    0.059155625857968054,
                    -0.9980422815816101,
                    -0.020303105790143786,
                    -1.6810153314515979
                ],
                [
                    0.0,
                    0.0,
                    0.0,
                    1.0
                ]
            ],
            "is_bad": false,
            "mask_path": "DSC00553.png"
        },
        {
            "file_path": "DSC00487.JPG",
            "transform_matrix": [
                [
                    0.9963928295534584,
                    0.02898655623580566,
                    -0.07975655942956171,
                    2.0710314925365725
                ],
                [
                    0.08424207257308092,
                    -0.4511378363767251,
                    0.8884694287356877,
                    2.5490152376672026
                ],
                [
                    -0.010227532598063178,
                    -0.891983425937341,
                    -0.45195239288009087,
                    -1.5123356152842853
                ],
                [
                    0.0,
                    0.0,
                    0.0,
                    1.0
                ]
            ],
            "is_bad": false,
            "mask_path": "DSC00487.png"
        },
        {
            "file_path": "DSC00383.JPG",
            "transform_matrix": [
                [
                    -0.9681126022126221,
                    0.07380121830136249,
                    0.2393979315164196,
                    1.5088437562116728
                ],
                [
                    -0.24523146413820182,
                    -0.0839508993330055,
                    -0.9658228489209673,
                    2.754824263956389
                ],
                [
                    -0.05118123126439534,
                    -0.9937331768027142,
                    0.09937230443059183,
                    -1.645407492626316
                ],
                [
                    0.0,
                    0.0,
                    0.0,
                    1.0
                ]
            ],
            "is_bad": false,
            "mask_path": "DSC00383.png"
        },
        {
            "file_path": "DSC00768.JPG",
            "transform_matrix": [
                [
                    -0.9978195688175545,
                    -0.015678205830479422,
                    0.06411163659342402,
                    2.6290021654749642
                ],
                [
                    -0.06571248995939148,
                    0.32669007663760397,
                    -0.9428443469045427,
                    1.9486146108774454
                ],
                [
                    -0.006162527735194396,
                    -0.9450014749662848,
                    -0.32700800535072466,
                    -1.6013901911088062
                ],
                [
                    0.0,
                    0.0,
                    0.0,
                    1.0
                ]
            ],
            "is_bad": false,
            "mask_path": "DSC00768.png"
        },
        {
            "file_path": "DSC00222.JPG",
            "transform_matrix": [
                [
                    0.9475485748855844,
                    0.1291832578717424,
                    -0.2923412118021367,
                    1.5665121328079579
                ],
                [
                    0.3149859408634703,
                    -0.5325010276670207,
                    0.7856376471325197,
                    3.556637978881496
                ],
                [
                    -0.054180764950790994,
                    -0.8365132045695455,
                    -0.545261499915534,
                    -1.3806077365133431
                ],
                [
                    0.0,
                    0.0,
                    0.0,
                    1.0
                ]
            ],
            "is_bad": false,
            "mask_path": "DSC00222.png"
        },
        {
            "file_path": "DSC00304.JPG",
            "transform_matrix": [
                [
                    -0.5780327418614457,
                    0.019272939077378766,
                    0.8157859419942586,
                    1.5505414043554435
                ],
                [
                    -0.8152119289728939,
                    -0.05794136813152107,
                    -0.5762571550265931,
                    1.9216489562070729
                ],
                [
                    0.03616158453987822,
                    -0.9981339347394055,
                    0.04920353773051243,
                    -1.6846268880030164
                ],
                [
                    0.0,
                    0.0,
                    0.0,
                    1.0
                ]
            ],
            "is_bad": false,
            "mask_path": "DSC00304.png"
        },
        {
            "file_path": "DSC00192.JPG",
            "transform_matrix": [
                [
                    0.9838974523754924,
                    -0.08525322901666654,
                    0.15709134333643943,
                    1.5879447764534185
                ],
                [
                    -0.1683836965748694,
                    -0.14737879104484364,
                    0.9746416893802268,
                    4.281194672479828
                ],
                [
                    -0.059939418889388245,
                    -0.985399096251053,
                    -0.15936087088997192,
                    -1.5715181072834223
                ],
                [
                    0.0,
                    0.0,
                    0.0,
                    1.0
                ]
            ],
            "is_bad": false,
            "mask_path": "DSC00192.png"
        },
        {
            "file_path": "DSC00781.JPG",
            "transform_matrix": [
                [
                    -0.42522851261436184,
                    0.024489177716896782,
                    0.9047546585868055,
                    2.22713474370814
                ],
                [
                    -0.9050538746579454,
                    -0.0030795831367617255,
                    -0.42528578642407305,
                    3.3781904444852024
                ],
                [
                    -0.007628632014718943,
                    -0.9996953517659535,
                    0.023473551736582648,
                    -1.5897976224026948
                ],
                [
                    0.0,
                    0.0,
                    0.0,
                    1.0
                ]
            ],
            "is_bad": false,
            "mask_path": "DSC00781.png"
        },
        {
            "file_path": "DSC00249.JPG",
            "transform_matrix": [
                [
                    0.44474654740001335,
                    0.03291790615907251,
                    -0.8950513504988811,
                    1.6975749346248405
                ],
                [
                    0.8955793888004933,
                    -0.0032340694389921707,
                    0.44488998544651315,
                    3.3678436838341668
                ],
                [
                    0.011750188573062165,
                    -0.999452826425023,
                    -0.03091893949557786,
                    -1.6067529363784172
                ],
                [
                    0.0,
                    0.0,
                    0.0,
                    1.0
                ]
            ],
            "is_bad": false,
            "mask_path": "DSC00249.png"
        },
        {
            "file_path": "DSC00475.JPG",
            "transform_matrix": [
                [
                    0.9901775670350993,
                    0.042298736812435254,
                    -0.13326365822880412,
                    2.023116361939797
                ],
                [
                    0.1369843919214003,
                    -0.10265679766322507,
                    0.9852394928460064,
                    2.8429798233046464
                ],
                [
                    0.02799396560645498,
                    -0.9938170851608479,
                    -0.1074427248910814,
                    -1.6352424666047158
                ],
                [
                    0.0,
                    0.0,
                    0.0,
                    1.0
                ]
            ],
            "is_bad": false,
            "mask_path": "DSC00475.png"
        },
        {
            "file_path": "DSC00432.JPG",
            "transform_matrix": [
                [
                    -0.4580639834741199,
                    0.3864143708890112,
                    -0.8005381446341395,
                    1.693883989491046
                ],
                [
                    0.8876988138691134,
                    0.15167313809214514,
                    -0.4347252868613122,
                    2.607574704398419
                ],
                [
                    -0.046563965672935394,
                    -0.9097687580653286,
                    -0.41249558052066315,
                    -1.4783730921770415
                ],
                [
                    0.0,
                    0.0,
                    0.0,
                    1.0
                ]
            ],
            "is_bad": false,
            "mask_path": "DSC00432.png"
        },
        {
            "file_path": "DSC00527.JPG",
            "transform_matrix": [
                [
                    0.8832592240148859,
                    0.03723781751210963,
                    -0.4674039881511029,
                    2.1907500619878335
                ],
                [
                    0.46524595657299284,
                    0.0543509569591173,
                    0.8835112751799542,
                    1.8775627817348888
                ],
                [
                    0.05830388567756279,
                    -0.9978272988972404,
                    0.03068124003906446,
                    -1.6807812050311155
                ],
                [
                    0.0,
                    0.0,
                    0.0,
                    1.0
                ]
            ],
            "is_bad": false,
            "mask_path": "DSC00527.png"
        },
        {
            "file_path": "DSC00595.JPG",
            "transform_matrix": [
                [
                    0.1472684134880642,
                    -0.39113490453424554,
                    0.9084742708760086,
                    1.9064884906849697
                ],
                [
                    -0.9882948321365165,
                    -0.021215601313737727,
                    0.15107356828099308,
                    1.8371201507339607
                ],
                [
                    -0.03981631777254009,
                    -0.9200887917564714,
                    -0.3896809927660742,
                    -1.5409155120140534
                ],
                [
                    0.0,
                    0.0,
                    0.0,
                    1.0
                ]
            ],
            "is_bad": true,
            "mask_path": "DSC00595.png"
        },
        {
            "file_path": "DSC00681.JPG",
            "transform_matrix": [
                [
                    0.27615388171484884,
                    -0.06763422032513437,
                    0.958730747318992,
                    2.6971316259488014
                ],
                [
                    -0.9422540360954507,
                    0.17758851635781653,
                    0.2839359968719423,
                    1.1273762971780836
                ],
                [
                    -0.18946336077367412,
                    -0.9817779438848894,
                    -0.014686858939335277,
                    -1.8198957576799717
                ],
                [
                    0.0,
                    0.0,
                    0.0,
                    1.0
                ]
            ],
            "is_bad": false,
            "mask_path": "DSC00681.png"
        },
        {
            "file_path": "DSC00497.JPG",
            "transform_matrix": [
                [
                    0.9407245567088491,
                    0.18228600189311442,
                    -0.2860229394974505,
                    2.1518386217424066
                ],
                [
                    0.33916997305357305,
                    -0.5030524696388112,
                    0.7949226013701782,
                    2.326774233043668
                ],
                [
                    0.001018716730699088,
                    -0.8448136044738602,
                    -0.5350597498523937,
                    -1.484565852918331
                ],
                [
                    0.0,
                    0.0,
                    0.0,
                    1.0
                ]
            ],
            "is_bad": false,
            "mask_path": "DSC00497.png"
        },
        {
            "file_path": "DSC00144.JPG",
            "transform_matrix": [
                [
                    0.7729130898284244,
                    0.33992593784974606,
                    -0.5357758041838465,
                    1.77957121869662
                ],
                [
                    0.6325332002490146,
                    -0.3461470097629743,
                    0.6928809408656664,
                    4.612107204960132
                ],
                [
                    0.05007101112038517,
                    -0.8744327329241062,
                    -0.4825559961665175,
                    -1.4655146388029157
                ],
                [
                    0.0,
                    0.0,
                    0.0,
                    1.0
                ]
            ],
            "is_bad": false,
            "mask_path": "DSC00144.png"
        },
        {
            "file_path": "DSC00375.JPG",
            "transform_matrix": [
                [
                    -0.9858424726391632,
                    0.02455458150526976,
                    0.16586648747652935,
                    1.5432693603425611
                ],
                [
                    -0.1632118257523851,
                    0.08617020055629919,
                    -0.9828207346564581,
                    2.515997693683982
                ],
                [
                    -0.038425500325612635,
                    -0.995977795466941,
                    -0.08094264550617361,
                    -1.6058629632266936
                ],
                [
                    0.0,
                    0.0,
                    0.0,
                    1.0
                ]
            ],
            "is_bad": true,
            "mask_path": "DSC00375.png"
        },
        {
            "file_path": "DSC00467.JPG",
            "transform_matrix": [
                [
                    0.9473810708498103,
                    0.006778159091142476,
                    -0.32003619038290226,
                    2.136240673047066
                ],
                [
                    0.3133927370903789,
                    0.18406927692287567,
                    0.9316133820593657,
                    3.032182099334323
                ],
                [
                    0.06522345386796854,
                    -0.9828899011854907,
                    0.17225952285173732,
                    -1.7205106112220194
                ],
                [
                    0.0,
                    0.0,
                    0.0,
                    1.0
                ]
            ],
            "is_bad": false,
            "mask_path": "DSC00467.png"
        },
        {
            "file_path": "DSC00889.JPG",
            "transform_matrix": [
                [
                    -0.1085023638201692,
                    -0.44293917440986846,
                    0.8899618670586618,
                    2.076138593312738
                ],
                [
                    -0.9934898408373168,
                    0.07957950441750168,
                    -0.0815171063624415,
                    3.8961139172892416
                ],
                [
                    -0.03471560453854159,
                    -0.8930128723874973,
                    -0.4486901342260089,
                    -1.479379433487225
                ],
                [
                    0.0,
                    0.0,
                    0.0,
                    1.0
                ]
            ],
            "is_bad": false,
            "mask_path": "DSC00889.png"
        },
        {
            "file_path": "DSC00359.JPG",
            "transform_matrix": [
                [
                    -0.9398122429593762,
                    0.11851220709930038,
                    -0.32048058404858115,
                    1.573399603523482
                ],
                [
                    0.3406765816175317,
                    0.25276654463782827,
                    -0.9055653155069747,
                    2.0981244708547973
                ],
                [
                    -0.026313774359832717,
                    -0.9602416001612853,
                    -0.2779274268557074,
                    -1.5843078351793338
                ],
                [
                    0.0,
                    0.0,
                    0.0,
                    1.0
                ]
            ],
            "is_bad": false,
            "mask_path": "DSC00359.png"
        },
        {
            "file_path": "DSC00214.JPG",
            "transform_matrix": [
                [
                    0.9978243863947293,
                    -0.001876481252034294,
                    -0.0659012346932358,
                    1.5366640417545996
                ],
                [
                    0.05402069937916273,
                    -0.5497329574603217,
                    0.8335918902679624,
                    3.7667616215399846
                ],
                [
                    -0.03779230020213503,
                    -0.8353383471983308,
                    -0.5484355821291985,
                    -1.3818108636700959
                ],
                [
                    0.0,
                    0.0,
                    0.0,
                    1.0
                ]
            ],
            "is_bad": false,
            "mask_path": "DSC00214.png"
        },
        {
            "file_path": "DSC00729.JPG",
            "transform_matrix": [
                [
                    -0.5703405352318784,
                    -0.1550694350535963,
                    0.8066381742662401,
                    2.5335446350564923
                ],
                [
                    -0.8198388732548608,
                    0.16814299373593858,
                    -0.547350121547184,
                    1.7469535721444547
                ],
                [
                    -0.050753283357978136,
                    -0.9734892931972466,
                    -0.22303071595345408,
                    -1.6743996697929318
                ],
                [
                    0.0,
                    0.0,
                    0.0,
                    1.0
                ]
            ],
            "is_bad": false,
            "mask_path": "DSC00729.png"
        },
        {
            "file_path": "DSC00539.JPG",
            "transform_matrix": [
                [
                    0.9953168573550992,
                    0.06828120184485313,
                    0.06842536765989618,
                    2.004919653211113
                ],
                [
                    -0.07752037430119109,
                    0.14093004951246363,
                    0.9869798947864228,
                    1.8526300176975004
                ],
                [
                    0.05774898296050579,
                    -0.9876620872641805,
                    0.14556323831239185,
                    -1.7249976933292501
                ],
                [
                    0.0,
                    0.0,
                    0.0,
                    1.0
                ]
            ],
            "is_bad": false,
            "mask_path": "DSC00539.png"
        },
        {
            "file_path": "DSC00199.JPG",
            "transform_matrix": [
                [
                    0.9836182012900638,
                    -0.13395896379121564,
                    0.12062433465468012,
                    1.4762512848921021
                ],
                [
                    -0.15856458186497768,
                    -0.3246639967729213,
                    0.9324433294186938,
                    4.131504529489018
                ],
                [
                    -0.08574676360589696,
                    -0.9362949776749939,
                    -0.34058656361004414,
                    -1.4985558270690833
                ],
                [
                    0.0,
                    0.0,
                    0.0,
                    1.0
                ]
            ],
            "is_bad": false,
            "mask_path": "DSC00199.png"
        },
        {
            "file_path": "DSC00411.JPG",
            "transform_matrix": [
                [
                    -0.6127919279889101,
                    -0.011583241011571358,
                    -0.7901594026013368,
                    1.643355701639601
                ],
                [
                    0.7902407938790992,
                    -0.011960475186726658,
                    -0.6126797162650636,
                    2.6470540687766695
                ],
                [
                    -0.002353865111972935,
                    -0.9998613781724818,
                    0.016482832222014934,
                    -1.6491286192190848
                ],
                [
                    0.0,
                    0.0,
                    0.0,
                    1.0
                ]
            ],
            "is_bad": false,
            "mask_path": "DSC00411.png"
        },
        {
            "file_path": "DSC00186.JPG",
            "transform_matrix": [
                [
                    0.9992897890274547,
                    -0.02646774073036533,
                    0.02682119024382973,
                    1.652492152458268
                ],
                [
                    -0.025990781390878473,
                    0.031234850283946302,
                    0.9991740906420818,
                    4.464984393566221
                ],
                [
                    -0.0272836366373165,
                    -0.9991615699316951,
                    0.03052474968731539,
                    -1.6435017418790312
                ],
                [
                    0.0,
                    0.0,
                    0.0,
                    1.0
                ]
            ],
            "is_bad": false,
            "mask_path": "DSC00186.png"
        },
        {
            "file_path": "DSC00516.JPG",
            "transform_matrix": [
                [
                    0.9506021281666693,
                    0.1485143985548669,
                    -0.2725785526171973,
                    2.1720277421896945
                ],
                [
                    0.3083080819538827,
                    -0.34966199661044145,
                    0.884693514573447,
                    1.810745183460736
                ],
                [
                    0.03607936428095303,
                    -0.9250297084679424,
                    -0.37817762747787814,
                    -1.5389372539500086
                ],
                [
                    0.0,
                    0.0,
                    0.0,
                    1.0
                ]
            ],
            "is_bad": false,
            "mask_path": "DSC00516.png"
        },
        {
            "file_path": "DSC00755.JPG",
            "transform_matrix": [
                [
                    -0.9747994418957135,
                    0.054167472610805,
                    0.21640686909329612,
                    2.590192054293833
                ],
                [
                    -0.2224688709213421,
                    -0.3079765289359357,
                    -0.9250178696087744,
                    1.8779802594810326
                ],
                [
                    0.016542356264708288,
                    -0.9498506948650036,
                    0.31226592499611777,
                    -1.7389897265610623
                ],
                [
                    0.0,
                    0.0,
                    0.0,
                    1.0
                ]
            ],
            "is_bad": false,
            "mask_path": "DSC00755.png"
        },
        {
            "file_path": "DSC00233.JPG",
            "transform_matrix": [
                [
                    0.5446638126889438,
                    0.3357095402714889,
                    -0.7685313498601395,
                    1.7158642135815219
                ],
                [
                    0.8385903148030143,
                    -0.22934501877502178,
                    0.4941327213225879,
                    3.328077132495151
                ],
                [
                    -0.010373768154560746,
                    -0.9136191585851241,
                    -0.4064387014058638,
                    -1.4575669916304903
                ],
                [
                    0.0,
                    0.0,
                    0.0,
                    1.0
                ]
            ],
            "is_bad": false,
            "mask_path": "DSC00233.png"
        },
        {
            "file_path": "DSC00481.JPG",
            "transform_matrix": [
                [
                    0.9982815786172458,
                    0.03438108846739743,
                    -0.04745345666289651,
                    2.0234286072303638
                ],
                [
                    0.055071231987030615,
                    -0.27369608747213103,
                    0.9602383095408549,
                    2.70495399189758
                ],
                [
                    0.020026212844444974,
                    -0.9612015358176687,
                    -0.2751191711619976,
                    -1.568754173498293
                ],
                [
                    0.0,
                    0.0,
                    0.0,
                    1.0
                ]
            ],
            "is_bad": false,
            "mask_path": "DSC00481.png"
        },
        {
            "file_path": "DSC00232.JPG",
            "transform_matrix": [
                [
                    0.8445839928808163,
                    0.21098469428774275,
                    -0.49210094263860676,
                    1.5980649532392242
                ],
                [
                    0.5338395165501143,
                    -0.40246102881130097,
                    0.7436669219870474,
                    3.4106850703468106
                ],
                [
                    -0.041149113466000954,
                    -0.8907921076572564,
                    -0.452544109890412,
                    -1.4196114742079486
                ],
                [
                    0.0,
                    0.0,
                    0.0,
                    1.0
                ]
            ],
            "is_bad": false,
            "mask_path": "DSC00232.png"
        },
        {
            "file_path": "DSC00542.JPG",
            "transform_matrix": [
                [
                    0.5981064820317552,
                    -0.31919110347398083,
                    0.7351092950131018,
                    1.9842554002148372
                ],
                [
                    -0.801406762077524,
                    -0.23365811743880863,
                    0.5505915780788596,
                    1.7126943402738062
                ],
                [
                    -0.003979679385940405,
                    -0.9184339516906013,
                    -0.395554343338523,
                    -1.5534366406164195
                ],
                [
                    0.0,
                    0.0,
                    0.0,
                    1.0
                ]
            ],
            "is_bad": true,
            "mask_path": "DSC00542.png"
        },
        {
            "file_path": "DSC00503.JPG",
            "transform_matrix": [
                [
                    0.8498045387947701,
                    0.2629308769882771,
                    -0.4568365131750997,
                    2.129384137198099
                ],
                [
                    0.5270937272518831,
                    -0.42737042089683036,
                    0.7345248301005103,
                    2.18534539422037
                ],
                [
                    -0.002109155168690015,
                    -0.8649981949510883,
                    -0.5017705393861148,
                    -1.491419606603821
                ],
                [
                    0.0,
                    0.0,
                    0.0,
                    1.0
                ]
            ],
            "is_bad": true,
            "mask_path": "DSC00503.png"
        },
        {
            "file_path": "DSC00867.JPG",
            "transform_matrix": [
                [
                    -0.23455152425446782,
                    -0.019000050920288857,
                    0.9719179906426936,
                    2.081988615424665
