{
    "fl_x": 463.3732102941965,
    "fl_y": 463.73030676503816,
    "cx": 876.0,
    "cy": 584.0,
    "w": 1752,
    "h": 1168,
    "k1": 0.0,
    "k2": 0.0,
    "k3": 0.0,
    "k4": 0.0,
    "camera_model": "PINHOLE",
    "has_mask": false,
    "aabb_range": [
        [
            0.06271179765462875,
            0.036304622888565063,
            -2.833165168762207
        ],
        [
            4.038315773010254,
            7.281944274902344,
            2.3192487788037397e-05
        ]
    ],
    "frames": [
        {
            "file_path": "DSC01468.JPG",
            "transform_matrix": [
                [
                    -0.9893280493814348,
                    -0.009236194492907872,
                    0.14541218455966465,
                    1.5290855519363657
                ],
                [
                    -0.14536152040601122,
                    0.1310722510118252,
                    -0.980657990025037,
                    3.7510017977215324
                ],
                [
                    -0.010001954427887004,
                    -0.991329792614941,
                    -0.13101604169581738,
                    -0.7107042170960874
                ],
                [
                    0.0,
                    0.0,
                    0.0,
                    1.0
                ]
            ],
            "is_bad": false,
            "mask_path": "DSC01468.png"
        },
        {
            "file_path": "DSC01684.JPG",
            "transform_matrix": [
                [
                    -0.9929844195139478,
                    -0.09478452975328874,
                    0.0706953712911688,
                    2.629018593597511
                ],
                [
                    -0.10985263565845176,
                    0.5182494696491238,
                    -0.8481449673536322,
                    0.6819764695136865
                ],
                [
                    0.043753183214936445,
                    -0.8499608109365103,
                    -0.5250259791959923,
                    -1.7760767963580175
                ],
                [
                    0.0,
                    0.0,
                    0.0,
                    1.0
                ]
            ],
            "is_bad": false,
            "mask_path": "DSC01684.png"
        },
        {
            "file_path": "DSC01335.JPG",
            "transform_matrix": [
                [
                    -0.8044000970150288,
                    0.0500353188361436,
                    -0.5919771539436111,
                    0.9372663277641974
                ],
                [
                    0.5931597273346979,
                    0.12332230800954101,
                    -0.7955835256058453,
                    1.938974411758055
                ],
                [
                    0.03319671354877381,
                    -0.9911044724024635,
                    -0.12887941260494365,
                    -1.6175245770519482
                ],
                [
                    0.0,
                    0.0,
                    0.0,
                    1.0
                ]
            ],
            "is_bad": false,
            "mask_path": "DSC01335.png"
        },
        {
            "file_path": "DSC01590.JPG",
            "transform_matrix": [
                [
                    0.9544157478132866,
                    0.01899435333696564,
                    0.29787546872361786,
                    3.2916128749804896
                ],
                [
                    -0.2547629743603479,
                    -0.46814218881699504,
                    0.8461316197523299,
                    3.8379918553456753
                ],
                [
                    0.15551979687831766,
                    -0.8834489830153992,
                    -0.4419632192705444,
                    -1.4006554825927562
                ],
                [
                    0.0,
                    0.0,
                    0.0,
                    1.0
                ]
            ],
            "is_bad": false,
            "mask_path": "DSC01590.png"
        },
        {
            "file_path": "DSC01387.JPG",
            "transform_matrix": [
                [
                    0.7015863553729256,
                    -0.19935670943442843,
                    0.6841297306491019,
                    2.26467744144811
                ],
                [
                    -0.7073748309219268,
                    -0.31072427819870635,
                    0.6348789424103385,
                    4.680359113869422
                ],
                [
                    0.08600833990208212,
                    -0.9293585558552581,
                    -0.35901983249664454,
                    -1.4735947964043037
                ],
                [
                    0.0,
                    0.0,
                    0.0,
                    1.0
                ]
            ],
            "is_bad": false,
            "mask_path": "DSC01387.png"
        },
        {
            "file_path": "DSC01669.JPG",
            "transform_matrix": [
                [
                    -0.863938505855221,
                    0.22200481073939507,
                    -0.452022258422319,
                    1.534363591076232
                ],
                [
                    0.5030374521046994,
                    0.3381207713372333,
                    -0.7953789447617573,
                    0.9454024347536153
                ],
                [
                    -0.023739837418581173,
                    -0.9145426222975502,
                    -0.40379228833703534,
                    -1.3904471436514314
                ],
                [
                    0.0,
                    0.0,
                    0.0,
                    1.0
                ]
            ],
            "is_bad": false,
            "mask_path": "DSC01669.png"
        },
        {
            "file_path": "DSC01608.JPG",
            "transform_matrix": [
                [
                    -0.21572710569072684,
                    0.28053978647648203,
                    -0.9352856483845089,
                    1.18176206278889
                ],
                [
                    0.9763431887697592,
                    0.0763822849470367,
                    -0.20228624345013654,
                    2.6458483657264407
                ],
                [
                    0.014689915357148491,
                    -0.9567983981748711,
                    -0.2903808389629044,
                    -0.7000657090377919
                ],
                [
                    0.0,
                    0.0,
                    0.0,
                    1.0
                ]
            ],
            "is_bad": false,
            "mask_path": "DSC01608.png"
        },
        {
            "file_path": "DSC01700.JPG",
            "transform_matrix": [
                [
                    0.5606332736349625,
                    0.20406389591982552,
                    0.8025261733273052,
                    1.752838005739449
                ],
                [
                    -0.8254808753762504,
                    0.06123421819664719,
                    0.5610986498913582,
                    3.7056445045211546
                ],
                [
                    0.06535791368614016,
                    -0.9770405809913261,
                    0.2027807836426494,
                    -1.7167532145838627
                ],
                [
                    0.0,
                    0.0,
                    0.0,
                    1.0
                ]
            ],
            "is_bad": false,
            "mask_path": "DSC01700.png"
        },
        {
            "file_path": "DSC01631.JPG",
            "transform_matrix": [
                [
                    -0.1432156313747458,
                    0.15269854765778004,
                    -0.9778407009698139,
                    1.2487737565432495
                ],
                [
                    0.9896787733603962,
                    0.017083962031092567,
                    -0.14228163550220183,
                    1.6295521980589407
                ],
                [
                    -0.005020805691734664,
                    -0.9881251397391547,
                    -0.15356920174853092,
                    -0.6844990009076178
                ],
                [
                    0.0,
                    0.0,
                    0.0,
                    1.0
                ]
            ],
            "is_bad": false,
            "mask_path": "DSC01631.png"
        },
        {
            "file_path": "DSC01490.JPG",
            "transform_matrix": [
                [
                    -0.9925622046287847,
                    -0.11128129810355844,
                    0.049363373414242476,
                    0.8036882437877856
                ],
                [
                    -0.06209593077588579,
                    0.1140220937933634,
                    -0.9915357066228401,
                    3.658129361745147
                ],
                [
                    0.10471086535562346,
                    -0.9872261315521206,
                    -0.12008413657562049,
                    -0.8716553064809149
                ],
                [
                    0.0,
                    0.0,
                    0.0,
                    1.0
                ]
            ],
            "is_bad": false,
            "mask_path": "DSC01490.png"
        },
        {
            "file_path": "DSC01568.JPG",
            "transform_matrix": [
                [
                    0.9862176943812702,
                    0.14255245178387838,
                    -0.08398486637304069,
                    2.818446391764823
                ],
                [
                    0.12599469069182548,
                    -0.3180656085003596,
                    0.9396593034748115,
                    4.294788301786595
                ],
                [
                    0.10723803992410272,
                    -0.9372902790383041,
                    -0.33164278314707185,
                    -1.5194059129895667
                ],
                [
                    0.0,
                    0.0,
                    0.0,
                    1.0
                ]
            ],
            "is_bad": false,
            "mask_path": "DSC01568.png"
        },
        {
            "file_path": "DSC01352.JPG",
            "transform_matrix": [
                [
                    0.23561218934971545,
                    0.14223155862473427,
                    -0.9613828997652355,
                    1.1013189994794896
                ],
                [
                    0.9708661308192261,
                    0.009989580085975043,
                    0.2394142107683067,
                    1.3455951758095812
                ],
                [
                    0.04365606782497862,
                    -0.9897830024913971,
                    -0.13573413616764277,
                    -1.6298062533888307
                ],
                [
                    0.0,
                    0.0,
                    0.0,
                    1.0
                ]
            ],
            "is_bad": false,
            "mask_path": "DSC01352.png"
        },
        {
            "file_path": "DSC01528.JPG",
            "transform_matrix": [
                [
                    -0.44435110062817534,
                    -0.031354862074759245,
                    0.8953038433932929,
                    2.112943372776494
                ],
                [
                    -0.8958458053245703,
                    0.019479311976893347,
                    -0.44393788922244415,
                    4.2050995998873235
                ],
                [
                    -0.003520291593240106,
                    -0.9993184822813895,
                    -0.036744775382615794,
                    -1.8143967349831704
                ],
                [
                    0.0,
                    0.0,
                    0.0,
                    1.0
                ]
            ],
            "is_bad": false,
            "mask_path": "DSC01528.png"
        },
        {
            "file_path": "DSC01451.JPG",
            "transform_matrix": [
                [
                    0.4574291488838746,
                    -0.44718394979748505,
                    0.7686254541679549,
                    1.5491034834352349
                ],
                [
                    -0.8837303506247675,
                    -0.13248295459103315,
                    0.4488529092335901,
                    3.9829933870742518
                ],
                [
                    -0.09889004568712365,
                    -0.8845760463557393,
                    -0.4557915939084976,
                    -1.2634659116114288
                ],
                [
                    0.0,
                    0.0,
                    0.0,
                    1.0
                ]
            ],
            "is_bad": false,
            "mask_path": "DSC01451.png"
        },
        {
            "file_path": "DSC01639.JPG",
            "transform_matrix": [
                [
                    -0.31220840729807103,
                    0.368663980387433,
                    -0.8755642637621155,
                    1.7140665991559443
                ],
                [
                    0.9231594308416412,
                    0.33531365512390915,
                    -0.1879931326819704,
                    0.4428302547891514
                ],
                [
                    0.22428235699791144,
                    -0.8669784439375282,
                    -0.44502337251780694,
                    -1.192960820339855
                ],
                [
                    0.0,
                    0.0,
                    0.0,
                    1.0
                ]
            ],
            "is_bad": false,
            "mask_path": "DSC01639.png"
        },
        {
            "file_path": "DSC01299.JPG",
            "transform_matrix": [
                [
                    0.9265913809526728,
                    0.12106652722054904,
                    0.3560495874607589,
                    1.3746264086219468
                ],
                [
                    -0.3689829067925867,
                    0.10973956837743577,
                    0.9229349064951595,
                    2.1629296336741315
                ],
                [
                    0.07266379593108278,
                    -0.9865597412823469,
                    0.14635521733711945,
                    -1.7023479388606528
                ],
                [
                    0.0,
                    0.0,
                    0.0,
                    1.0
                ]
            ],
            "is_bad": false,
            "mask_path": "DSC01299.png"
        },
        {
            "file_path": "DSC01619.JPG",
            "transform_matrix": [
                [
                    -0.2062611496567697,
                    0.17117954261176796,
                    -0.9634074435738468,
                    1.2334232153342921
                ],
                [
                    0.9747059633852612,
                    0.1225287632899932,
                    -0.18690903431304468,
                    2.1248801401042936
                ],
                [
                    0.08605011960176316,
                    -0.9775910527198228,
                    -0.19212264457546785,
                    -0.738280861102198
                ],
                [
                    0.0,
                    0.0,
                    0.0,
                    1.0
                ]
            ],
            "is_bad": false,
            "mask_path": "DSC01619.png"
        },
        {
            "file_path": "DSC01425.JPG",
            "transform_matrix": [
                [
                    -0.1555290648982434,
                    0.5751498066829609,
                    -0.8031272687715378,
                    1.956372788851237
                ],
                [
                    0.9872542787106741,
                    0.06271631894305786,
                    -0.14627252819890485,
                    4.122683261715802
                ],
                [
                    -0.03375943037648538,
                    -0.815640461974996,
                    -0.5775733179864438,
                    -1.377458281536468
                ],
                [
                    0.0,
                    0.0,
                    0.0,
                    1.0
                ]
            ],
            "is_bad": false,
            "mask_path": "DSC01425.png"
        },
        {
            "file_path": "DSC01363.JPG",
            "transform_matrix": [
                [
                    0.35627820960843104,
                    0.291695783088384,
                    -0.8876820418858682,
                    1.135536725921049
                ],
                [
                    0.9342296843183064,
                    -0.12824108108177257,
                    0.33281995442205026,
                    0.9369103342548541
                ],
                [
                    -0.016755127475738773,
                    -0.9478754112495121,
                    -0.31820036211770575,
                    -1.5529611885629941
                ],
                [
                    0.0,
                    0.0,
                    0.0,
                    1.0
                ]
            ],
            "is_bad": false,
            "mask_path": "DSC01363.png"
        },
        {
            "file_path": "DSC01517.JPG",
            "transform_matrix": [
                [
                    -0.9635451439435612,
                    0.011549633918735716,
                    -0.2672963926788475,
                    1.2173169690436496
                ],
                [
                    0.26600843272496283,
                    0.14830467072899398,
                    -0.9524942195935748,
                    3.7383209441642764
                ],
                [
                    0.028640343957266556,
                    -0.9888742744132378,
                    -0.14597054532234086,
                    -0.950265018996277
                ],
                [
                    0.0,
                    0.0,
                    0.0,
                    1.0
                ]
            ],
            "is_bad": false,
            "mask_path": "DSC01517.png"
        },
        {
            "file_path": "DSC01555.JPG",
            "transform_matrix": [
                [
                    0.8048981543685486,
                    -0.02383493168983598,
                    -0.5929341085866493,
                    2.591324269780446
                ],
                [
                    0.5906432291861384,
                    0.1286055061776966,
                    0.7966186035973233,
                    4.534327008588788
                ],
                [
                    0.057267241165212784,
                    -0.991409360361359,
                    0.11759227558477678,
                    -1.6781834735858066
                ],
                [
                    0.0,
                    0.0,
                    0.0,
                    1.0
                ]
            ],
            "is_bad": false,
            "mask_path": "DSC01555.png"
        },
        {
            "file_path": "DSC01638.JPG",
            "transform_matrix": [
                [
                    -0.17135087844201555,
                    0.12174000729520469,
                    -0.9776595762743361,
                    1.2832051616610547
                ],
                [
                    0.9851637735252419,
                    0.011552638921172288,
                    -0.1712275558064854,
                    1.2702908123057883
                ],
                [
                    -0.009550695820497838,
                    -0.9924947894864343,
                    -0.12191339980340062,
                    -0.7111239457956893
                ],
                [
                    0.0,
                    0.0,
                    0.0,
                    1.0
                ]
            ],
            "is_bad": false,
            "mask_path": "DSC01638.png"
        },
        {
            "file_path": "DSC01504.JPG",
            "transform_matrix": [
                [
                    -0.9948465679049077,
                    -0.08964929623973773,
                    0.04736359373554037,
                    1.3403249999874207
                ],
                [
                    -0.06559249619212883,
                    0.2128343726405456,
                    -0.9748841747951348,
                    3.79779504565143
                ],
                [
                    0.07731707942693576,
                    -0.9729668717414919,
                    -0.21761786627587296,
                    -1.4690527292038722
                ],
                [
                    0.0,
                    0.0,
                    0.0,
                    1.0
                ]
            ],
            "is_bad": true,
            "mask_path": "DSC01504.png"
        },
        {
            "file_path": "DSC01714.JPG",
            "transform_matrix": [
                [
                    -0.41738992203522446,
                    -0.1850767228316174,
                    0.8896809875732639,
                    1.713625396082784
                ],
                [
                    -0.9085711706191858,
                    0.0668345988325722,
                    -0.4123488381438363,
                    4.0504734692589555
                ],
                [
                    0.016854699733660557,
                    -0.9804487457612449,
                    -0.19605146271346813,
                    -1.6120545325139848
                ],
                [
                    0.0,
                    0.0,
                    0.0,
                    1.0
                ]
            ],
            "is_bad": false,
            "mask_path": "DSC01714.png"
        },
        {
            "file_path": "DSC01579.JPG",
            "transform_matrix": [
                [
                    0.9618425995215095,
                    0.1931514791574712,
                    -0.19378162927632278,
                    3.090163224508203
                ],
                [
                    0.26013053325750324,
                    -0.42606672581627125,
                    0.8664867285881357,
                    4.092601460461167
                ],
                [
                    0.08479928898801127,
                    -0.8838323660352587,
                    -0.460053724401449,
                    -1.411203850036941
                ],
                [
                    0.0,
                    0.0,
                    0.0,
                    1.0
                ]
            ],
            "is_bad": false,
            "mask_path": "DSC01579.png"
        },
        {
            "file_path": "DSC01541.JPG",
            "transform_matrix": [
                [
                    -0.5283571183156347,
                    -0.4054909045969428,
                    0.7459328936401395,
                    2.1934990517658517
                ],
                [
                    -0.847966726276092,
                    0.20823257215539717,
                    -0.48743371551643383,
                    4.296285304857333
                ],
                [
                    0.04232241313780324,
                    -0.8900653471418268,
                    -0.45386395666927914,
                    -1.5067504229626165
                ],
                [
                    0.0,
                    0.0,
                    0.0,
                    1.0
                ]
            ],
            "is_bad": false,
            "mask_path": "DSC01541.png"
        },
        {
            "file_path": "DSC01601.JPG",
            "transform_matrix": [
                [
                    0.048366242895642286,
                    0.24930859478516582,
                    -0.967215555661925,
                    1.21005733035478
                ],
                [
                    0.9973405465388173,
                    0.0408029692444591,
                    0.060389998596531935,
                    2.9617858625105513
                ],
                [
                    0.054521012259615434,
                    -0.9675641282452974,
                    -0.24667208385852088,
                    -0.6670921404388153
                ],
                [
                    0.0,
                    0.0,
                    0.0,
                    1.0
                ]
            ],
            "is_bad": false,
            "mask_path": "DSC01601.png"
        },
        {
            "file_path": "DSC01345.JPG",
            "transform_matrix": [
                [
                    -0.043148444255690914,
                    0.06191913316398268,
                    -0.9971480495425618,
                    1.0775500054791007
                ],
                [
                    0.9978424039745818,
                    0.0521066649765267,
                    -0.039942862882518484,
                    1.654681923563406
                ],
                [
                    0.04948483190373793,
                    -0.9967200792666141,
                    -0.06403385821746035,
                    -1.6866704028231116
                ],
                [
                    0.0,
                    0.0,
                    0.0,
                    1.0
                ]
            ],
            "is_bad": false,
            "mask_path": "DSC01345.png"
        },
        {
            "file_path": "DSC01307.JPG",
            "transform_matrix": [
                [
                    0.9575691069683366,
                    0.09440549014715273,
                    -0.2723031560778128,
                    1.2376520572697352
                ],
                [
                    0.2862822125584634,
                    -0.2026522280412706,
                    0.9364692035740094,
                    1.9411338698947165
                ],
                [
                    0.03322499288927955,
                    -0.9746895289783227,
                    -0.2210801256276163,
                    -1.561309294203932
                ],
                [
                    0.0,
                    0.0,
                    0.0,
                    1.0
                ]
            ],
            "is_bad": false,
            "mask_path": "DSC01307.png"
        },
        {
            "file_path": "DSC01404.JPG",
            "transform_matrix": [
                [
                    -0.8427993846197007,
                    -0.035322593011330373,
                    0.5370675113126931,
                    2.3081067323206357
                ],
                [
                    -0.5322119158813733,
                    -0.0940818420782949,
                    -0.8413673891856239,
                    4.459594337094673
                ],
                [
                    0.08024757864591317,
                    -0.9949376469980974,
                    0.06049301370701648,
                    -1.7255224349034888
                ],
                [
                    0.0,
                    0.0,
                    0.0,
                    1.0
                ]
            ],
            "is_bad": false,
            "mask_path": "DSC01404.png"
        },
        {
            "file_path": "DSC01452.JPG",
            "transform_matrix": [
                [
                    -0.48549606421563113,
                    -0.1417041450565996,
                    0.8626781015563749,
                    1.1479841284372974
                ],
                [
                    -0.8728547393584591,
                    0.13407383302159764,
                    -0.4692001825216774,
                    3.6709499029225814
                ],
                [
                    -0.049174949014823194,
                    -0.9807875114277691,
                    -0.18877945284568182,
                    -0.6746162555748497
                ],
                [
                    0.0,
                    0.0,
                    0.0,
                    1.0
                ]
            ],
            "is_bad": false,
            "mask_path": "DSC01452.png"
        },
        {
            "file_path": "DSC01678.JPG",
            "transform_matrix": [
                [
                    -0.8610840861300134,
                    0.17884423342504155,
                    -0.47597157140342855,
                    1.4819711965542228
                ],
                [
                    0.5069801682676739,
                    0.373419767526349,
                    -0.7768711516100006,
                    1.010409771487223
                ],
                [
                    0.038798267962899556,
                    -0.9102595329856079,
                    -0.412216298818839,
                    -1.6658919903409604
                ],
                [
                    0.0,
                    0.0,
                    0.0,
                    1.0
                ]
            ],
            "is_bad": false,
            "mask_path": "DSC01678.png"
        },
        {
            "file_path": "DSC01661.JPG",
            "transform_matrix": [
                [
                    -0.6512887684971077,
                    0.35392755002459136,
                    -0.6712363438932002,
                    1.6845873006781684
                ],
                [
                    0.7576092635454733,
                    0.2531262336440863,
                    -0.6016272214845708,
                    0.6968563068438892
                ],
                [
                    -0.04302492091342411,
                    -0.9003679243369064,
                    -0.4329970635069524,
                    -1.315041557348774
                ],
                [
                    0.0,
                    0.0,
                    0.0,
                    1.0
                ]
            ],
            "is_bad": false,
            "mask_path": "DSC01661.png"
        },
        {
            "file_path": "DSC01525.JPG",
            "transform_matrix": [
                [
                    -0.9974338157512511,
                    -0.012957984217749506,
                    -0.07041217111345617,
                    1.5274321951886694
                ],
                [
                    0.06913841098574545,
                    0.08106259794554074,
                    -0.9943081692014227,
                    3.8273669710598646
                ],
                [
                    0.01859202308153373,
                    -0.9966247768640569,
                    -0.07995868194513632,
                    -0.9804766113427554
                ],
                [
                    0.0,
                    0.0,
                    0.0,
                    1.0
                ]
            ],
            "is_bad": false,
            "mask_path": "DSC01525.png"
        },
        {
            "file_path": "DSC01435.JPG",
            "transform_matrix": [
                [
                    0.698065385611302,
                    0.47139411090655,
                    -0.5389733848846032,
                    1.7832739609622974
                ],
                [
                    0.7153832761995366,
                    -0.4270630061183872,
                    0.5530316057325692,
                    3.894228076366976
                ],
                [
                    0.030520248120905143,
                    -0.7716247669740447,
                    -0.6353453654878493,
                    -1.3733794271524578
                ],
                [
                    0.0,
                    0.0,
                    0.0,
                    1.0
                ]
            ],
            "is_bad": false,
            "mask_path": "DSC01435.png"
        },
        {
            "file_path": "DSC01614.JPG",
            "transform_matrix": [
                [
                    -0.3286934017941961,
                    0.2568407600244064,
                    -0.9088418298070597,
                    1.198179488322678
                ],
                [
                    0.9429117688293819,
                    0.14390698995608156,
                    -0.3003467570073404,
                    2.3741879368445775
                ],
                [
                    0.05364740273308021,
                    -0.9556796546081043,
                    -0.2894794534127235,
                    -0.7425939472064872
                ],
                [
                    0.0,
                    0.0,
                    0.0,
                    1.0
                ]
            ],
            "is_bad": false,
            "mask_path": "DSC01614.png"
        },
        {
            "file_path": "DSC01325.JPG",
            "transform_matrix": [
                [
                    -0.3799905776553764,
                    0.47943845154824977,
                    -0.7910410432273091,
                    0.9873506389471504
                ],
                [
                    0.9238033869452084,
                    0.24001298705647503,
                    -0.2982969465361492,
                    1.7510364778748562
                ],
                [
                    0.04684509752039418,
                    -0.8441164239731653,
                    -0.5341095389684216,
                    -1.4803949882912892
                ],
                [
                    0.0,
                    0.0,
                    0.0,
                    1.0
                ]
            ],
            "is_bad": false,
            "mask_path": "DSC01325.png"
        },
        {
            "file_path": "DSC01544.JPG",
            "transform_matrix": [
                [
                    0.5780123497226767,
                    0.4642595674864112,
                    -0.6710922273170812,
                    2.6289668717832804
                ],
                [
                    0.8157848024335284,
                    -0.3086711271985174,
                    0.48909844750569986,
                    4.4184633209754764
                ],
                [
                    0.019921839437144092,
                    -0.8301717829650243,
                    -0.5571516230633395,
                    -1.4507108257906292
                ],
                [
                    0.0,
                    0.0,
                    0.0,
                    1.0
                ]
            ],
            "is_bad": false,
            "mask_path": "DSC01544.png"
        },
        {
            "file_path": "DSC01370.JPG",
            "transform_matrix": [
                [
                    0.7409025154627292,
                    0.3547623229956975,
                    -0.5702693721073374,
                    1.0468616967109214
                ],
                [
                    0.664071446587639,
                    -0.2600828907553293,
                    0.700975037903171,
                    1.157610151303968
                ],
                [
                    0.10036222600162305,
                    -0.8980537757389856,
                    -0.42828359701598573,
                    -1.5224605935437605
                ],
                [
                    0.0,
                    0.0,
                    0.0,
                    1.0
                ]
            ],
            "is_bad": false,
            "mask_path": "DSC01370.png"
        },
        {
            "file_path": "DSC01512.JPG",
            "transform_matrix": [
                [
                    -0.9763719752779934,
                    0.028155045398007852,
                    -0.21425465995022225,
                    1.0028996068389002
                ],
                [
                    0.21572779663944047,
                    0.1848990082411781,
                    -0.9587877108664464,
                    3.717083638303009
                ],
                [
                    0.012620762609350062,
                    -0.982354136841732,
                    -0.18660403581137663,
                    -0.9425723671919249
                ],
                [
                    0.0,
                    0.0,
                    0.0,
                    1.0
                ]
            ],
            "is_bad": false,
            "mask_path": "DSC01512.png"
        },
        {
            "file_path": "DSC01413.JPG",
            "transform_matrix": [
                [
                    -0.5148235550890059,
                    0.06981072527507161,
                    -0.8544490445673668,
                    2.018558404672705
                ],
                [
                    0.8481935130109872,
                    0.18633239028211673,
                    -0.49583062109739956,
                    4.277738443399142
                ],
                [
                    0.12459723757610967,
                    -0.9800034198758295,
                    -0.15514130791017935,
                    -1.6118370441452177
                ],
                [
                    0.0,
                    0.0,
                    0.0,
                    1.0
                ]
            ],
            "is_bad": false,
            "mask_path": "DSC01413.png"
        },
        {
            "file_path": "DSC01463.JPG",
            "transform_matrix": [
                [
                    -0.9823862134655544,
                    -0.01570069609644106,
                    0.18620100895241748,
                    1.3346111541701804
                ],
                [
                    -0.1861166353897147,
                    0.17111465109924417,
                    -0.9675124672118688,
                    3.721678586538791
                ],
                [
                    -0.016671101464008235,
                    -0.9851260144373775,
                    -0.17102283489261247,
                    -0.6608599013286186
                ],
                [
                    0.0,
                    0.0,
                    0.0,
                    1.0
                ]
            ],
            "is_bad": false,
            "mask_path": "DSC01463.png"
        },
        {
            "file_path": "DSC01625.JPG",
            "transform_matrix": [
                [
                    -0.17488971689577917,
                    0.1689745786532815,
                    -0.9699799888106251,
                    1.2687569318857959
                ],
                [
                    0.9845153795477337,
                    0.04197980570322541,
                    -0.17019742461947399,
                    1.9353922642133745
                ],
                [
                    0.01196053335333752,
                    -0.9847259962456894,
                    -0.17369990777153071,
                    -0.7346558705610636
                ],
                [
                    0.0,
                    0.0,
                    0.0,
                    1.0
                ]
            ],
            "is_bad": false,
            "mask_path": "DSC01625.png"
        },
        {
            "file_path": "DSC01378.JPG",
            "transform_matrix": [
                [
                    0.9899605447331304,
                    0.14130008648758996,
                    -0.003522134336490632,
