{
    "fl_x": 622.1906963655252,
    "fl_y": 621.804913572925,
    "cx": 876.0,
    "cy": 584.0,
    "w": 1752,
    "h": 1168,
    "k1": 0.0,
    "k2": 0.0,
    "k3": 0.0,
    "k4": 0.0,
    "camera_model": "PINHOLE",
    "has_mask": false,
    "aabb_range": [
        [
            0.0,
            0.002145001431927085,
            -2.438443660736084
        ],
        [
            3.1527011394500732,
            3.163912057876587,
            -0.016933662816882133
        ]
    ],
    "frames": [
        {
            "file_path": "DSC07648.JPG",
            "transform_matrix": [
                [
                    -0.8010035260231572,
                    0.12508101510831995,
                    0.5854469155764184,
                    1.6889886021523515
                ],
                [
                    -0.5985209956411577,
                    -0.14627438017597402,
                    -0.7876397802808418,
                    1.3639078632202852
                ],
                [
                    -0.012882898555345119,
                    -0.9813045120469015,
                    0.1920299079862449,
                    -1.6777684519471254
                ],
                [
                    0.0,
                    0.0,
                    0.0,
                    1.0
                ]
            ],
            "is_bad": false,
            "mask_path": "DSC07648.png"
        },
        {
            "file_path": "DSC07602.JPG",
            "transform_matrix": [
                [
                    0.46953539996582744,
                    -0.398361414884407,
                    0.7879369843523171,
                    1.6024143992650184
                ],
                [
                    -0.8829127220585751,
                    -0.21055742557302912,
                    0.4196792772620253,
                    2.177051848659238
                ],
                [
                    -0.001278047748765796,
                    -0.8927338649717237,
                    -0.4505825262109044,
                    -0.6845911117045202
                ],
                [
                    0.0,
                    0.0,
                    0.0,
                    1.0
                ]
            ],
            "is_bad": false,
            "mask_path": "DSC07602.png"
        },
        {
            "file_path": "DSC07484.JPG",
            "transform_matrix": [
                [
                    -0.26359604810945136,
                    0.025793719656300732,
                    -0.9642882387789308,
                    1.4020373276542242
                ],
                [
                    0.9641409833012227,
                    -0.02488390859805106,
                    -0.26422141361334717,
                    2.266421157298072
                ],
                [
                    -0.030810513465884697,
                    -0.9993575311764934,
                    -0.018309482264458804,
                    -1.6147084171103254
                ],
                [
                    0.0,
                    0.0,
                    0.0,
                    1.0
                ]
            ],
            "is_bad": false,
            "mask_path": "DSC07484.png"
        },
        {
            "file_path": "DSC07677.JPG",
            "transform_matrix": [
                [
                    0.10338019510160676,
                    0.4312878656904221,
                    -0.8962718963400306,
                    1.56803157308866
                ],
                [
                    0.9944009568957872,
                    -0.06464935969610268,
                    0.08358945636637864,
                    1.2555371515823683
                ],
                [
                    -0.02189228598151658,
                    -0.8998951256669214,
                    -0.43555652975867465,
                    -0.8870530280958899
                ],
                [
                    0.0,
                    0.0,
                    0.0,
                    1.0
                ]
            ],
            "is_bad": false,
            "mask_path": "DSC07677.png"
        },
        {
            "file_path": "DSC07690.JPG",
            "transform_matrix": [
                [
                    0.4662266836707344,
                    -0.05661416967266233,
                    0.8828519214600277,
                    2.0600537323023924
                ],
                [
                    -0.8793931186734376,
                    -0.13844643247812147,
                    0.4555220391637317,
                    0.8168033146198642
                ],
                [
                    0.09643869691774319,
                    -0.9887504341978085,
                    -0.11433353230986763,
                    -1.5759557514998654
                ],
                [
                    0.0,
                    0.0,
                    0.0,
                    1.0
                ]
            ],
            "is_bad": false,
            "mask_path": "DSC07690.png"
        },
        {
            "file_path": "DSC07668.JPG",
            "transform_matrix": [
                [
                    -0.664367473563701,
                    0.32575138850544477,
                    -0.6726826093763386,
                    1.3837599980049178
                ],
                [
                    0.7386569431342337,
                    0.1488612434022365,
                    -0.6574391611186009,
                    1.6822841784772202
                ],
                [
                    -0.11402534994541641,
                    -0.9336628744356896,
                    -0.33951709304585886,
                    -1.3436541862443403
                ],
                [
                    0.0,
                    0.0,
                    0.0,
                    1.0
                ]
            ],
            "is_bad": false,
            "mask_path": "DSC07668.png"
        },
        {
            "file_path": "DSC07509.JPG",
            "transform_matrix": [
                [
                    0.6673250996663966,
                    0.2695004474642454,
                    -0.694295844846997,
                    1.5274216403492804
                ],
                [
                    0.7446679655270185,
                    -0.25661314708133487,
                    0.6161325456935905,
                    2.0935300412406703
                ],
                [
                    -0.01211744498997494,
                    -0.9281805867187619,
                    -0.3719327438735803,
                    -1.1646375005120995
                ],
                [
                    0.0,
                    0.0,
                    0.0,
                    1.0
                ]
            ],
            "is_bad": false,
            "mask_path": "DSC07509.png"
        },
        {
            "file_path": "DSC07627.JPG",
            "transform_matrix": [
                [
                    0.22021341129304023,
                    0.3462573141408695,
                    0.911927588074093,
                    1.7977948460688802
                ],
                [
                    -0.9731794645080571,
                    0.1417610924923916,
                    0.1811781513184559,
                    2.1616992191648667
                ],
                [
                    -0.06654159110279849,
                    -0.9273670605856744,
                    0.3681882013239881,
                    -1.70898585304617
                ],
                [
                    0.0,
                    0.0,
                    0.0,
                    1.0
                ]
            ],
            "is_bad": false,
            "mask_path": "DSC07627.png"
        },
        {
            "file_path": "DSC07541.JPG",
            "transform_matrix": [
                [
                    0.48837739601016067,
                    -0.07089613406793815,
                    -0.869747812437925,
                    1.5709040576901832
                ],
                [
                    0.8648855566666728,
                    -0.09318830472892166,
                    0.49324326019838266,
                    1.9476751795090979
                ],
                [
                    -0.1160193644859099,
                    -0.993121179935244,
                    0.015805980776751632,
                    -1.505675597978495
                ],
                [
                    0.0,
                    0.0,
                    0.0,
                    1.0
                ]
            ],
            "is_bad": true,
            "mask_path": "DSC07541.png"
        },
        {
            "file_path": "DSC07673.JPG",
            "transform_matrix": [
                [
                    -0.3796756471268318,
                    0.4656774406233941,
                    -0.7993690788823815,
                    1.450436181233081
                ],
                [
                    0.9234320786550456,
                    0.1386010713325888,
                    -0.3578588257068425,
                    1.3986099087378037
                ],
                [
                    -0.055853371336412855,
                    -0.8740333313552203,
                    -0.48264493842829514,
                    -1.2032320433150674
                ],
                [
                    0.0,
                    0.0,
                    0.0,
                    1.0
                ]
            ],
            "is_bad": false,
            "mask_path": "DSC07673.png"
        },
        {
            "file_path": "DSC07662.JPG",
            "transform_matrix": [
                [
                    -0.9549009484187552,
                    -0.14911696683483328,
                    0.25676508506987705,
                    1.8199575786650757
                ],
                [
                    -0.29674026734914183,
                    0.44879783621568686,
                    -0.8429268746111239,
                    1.3595726864852025
                ],
                [
                    0.01045908421047916,
                    -0.88110421200338,
                    -0.47280648805550624,
                    -1.435634746710478
                ],
                [
                    0.0,
                    0.0,
                    0.0,
                    1.0
                ]
            ],
            "is_bad": false,
            "mask_path": "DSC07662.png"
        },
        {
            "file_path": "DSC07521.JPG",
            "transform_matrix": [
                [
                    0.9169376344565261,
                    0.13166361077476432,
                    -0.3766829809203252,
                    1.5431758566224394
                ],
                [
                    0.3982337594128989,
                    -0.3615733706862234,
                    0.8430151662185401,
                    2.034535655859929
                ],
                [
                    -0.025204114369275603,
                    -0.9230002119221618,
                    -0.38397312589620963,
                    -0.8873296943444663
                ],
                [
                    0.0,
                    0.0,
                    0.0,
                    1.0
                ]
            ],
            "is_bad": false,
            "mask_path": "DSC07521.png"
        },
        {
            "file_path": "DSC07616.JPG",
            "transform_matrix": [
                [
                    0.027934752499711186,
                    -0.2867614299917271,
                    0.9575946594837922,
                    1.6665640137014044
                ],
                [
                    -0.9983848158900419,
                    0.039406527573669185,
                    0.04092535870084931,
                    2.167204193771794
                ],
                [
                    -0.049471294737326345,
                    -0.957191207572283,
                    -0.28519744589201224,
                    -1.4228565641305608
                ],
                [
                    0.0,
                    0.0,
                    0.0,
                    1.0
                ]
            ],
            "is_bad": false,
            "mask_path": "DSC07616.png"
        },
        {
            "file_path": "DSC07564.JPG",
            "transform_matrix": [
                [
                    0.9912432834773518,
                    0.05448714173438415,
                    0.12028260201149496,
                    1.4077160975863796
                ],
                [
                    -0.13189338723131083,
                    0.3644278157980507,
                    0.9218440765537923,
                    2.035464757565966
                ],
                [
                    0.006394322926633521,
                    -0.9296362291016199,
                    0.36842311840603964,
                    -1.6508386075433554
                ],
                [
                    0.0,
                    0.0,
                    0.0,
                    1.0
                ]
            ],
            "is_bad": false,
            "mask_path": "DSC07564.png"
        },
        {
            "file_path": "DSC07505.JPG",
            "transform_matrix": [
                [
                    0.5708487619331902,
                    0.2292986334472575,
                    -0.7883868515510418,
                    1.4474441389174157
                ],
                [
                    0.8195868179396172,
                    -0.216539384979768,
                    0.530460312004769,
                    2.08089692167093
                ],
                [
                    -0.04908297932029894,
                    -0.9489640833307678,
                    -0.31154137717041547,
                    -1.3794447185794338
                ],
                [
                    0.0,
                    0.0,
                    0.0,
                    1.0
                ]
            ],
            "is_bad": false,
            "mask_path": "DSC07505.png"
        },
        {
            "file_path": "DSC07591.JPG",
            "transform_matrix": [
                [
                    0.5933573023272464,
                    -0.3980161560711613,
                    0.6996500920326313,
                    1.5320826059053345
                ],
                [
                    -0.80444720240748,
                    -0.2628310611377512,
                    0.5327143060215129,
                    2.2568249022179443
                ],
                [
                    -0.02813912425273704,
                    -0.8789214827318426,
                    -0.47613571266892823,
                    -1.2820654693662261
                ],
                [
                    0.0,
                    0.0,
                    0.0,
                    1.0
                ]
            ],
            "is_bad": false,
            "mask_path": "DSC07591.png"
        },
        {
            "file_path": "DSC07681.JPG",
            "transform_matrix": [
                [
                    0.3795300034722432,
                    -0.3670132577516263,
                    0.8492692418184574,
                    1.944449263431344
                ],
                [
                    -0.9221474082490626,
                    -0.22431989861486507,
                    0.3151582785600814,
                    0.8836968326933463
                ],
                [
                    0.0748407236997096,
                    -0.9027634528047505,
                    -0.4235764563289006,
                    -1.4343856502455163
                ],
                [
                    0.0,
                    0.0,
                    0.0,
                    1.0
                ]
            ],
            "is_bad": false,
            "mask_path": "DSC07681.png"
        },
        {
            "file_path": "DSC07635.JPG",
            "transform_matrix": [
                [
                    -0.6516618676505217,
                    -0.23339032507011837,
                    0.7217103064345826,
                    1.6259260600609517
                ],
                [
                    -0.7583651583816398,
                    0.18190780108646892,
                    -0.6259327747104138,
                    1.4208928498666966
                ],
                [
                    0.014801918896748343,
                    -0.9552164718363847,
                    -0.2955374682327511,
                    -1.5032358557377752
                ],
                [
                    0.0,
                    0.0,
                    0.0,
                    1.0
                ]
            ],
            "is_bad": false,
            "mask_path": "DSC07635.png"
        },
        {
            "file_path": "DSC07595.JPG",
            "transform_matrix": [
                [
                    0.549439242745877,
                    -0.4129893961505057,
                    0.7263306941043303,
                    1.5674970957714562
                ],
                [
                    -0.8339766397834003,
                    -0.3241176022749534,
                    0.4465766946350033,
                    2.18624234601108
                ],
                [
                    0.05098512357959926,
                    -0.8511095925688865,
                    -0.5225064388223342,
                    -1.0336991094266552
                ],
                [
                    0.0,
                    0.0,
                    0.0,
                    1.0
                ]
            ],
            "is_bad": false,
            "mask_path": "DSC07595.png"
        },
        {
            "file_path": "DSC07631.JPG",
            "transform_matrix": [
                [
                    0.16246046450984825,
                    -0.020481980385017872,
                    0.9865024510617049,
                    1.7231067750666629
                ],
                [
                    -0.9846459447408854,
                    0.06134744599271484,
                    0.16342843808682245,
                    2.1484383207557487
                ],
                [
                    -0.06386674390143711,
                    -0.9979062978805564,
                    -0.010200964353900076,
                    -1.5705042679986965
                ],
                [
                    0.0,
                    0.0,
                    0.0,
                    1.0
                ]
            ],
            "is_bad": false,
            "mask_path": "DSC07631.png"
        },
        {
            "file_path": "DSC07523.JPG",
            "transform_matrix": [
                [
                    0.9279287465120915,
                    0.009590340986705963,
                    -0.37263422649597916,
                    1.5096855062132142
                ],
                [
                    0.3565990809413593,
                    -0.3139781373823544,
                    0.8799175101779058,
                    1.9987904318210497
                ],
                [
                    -0.1085602913973424,
                    -0.9493817749491853,
                    -0.2947692462351831,
                    -1.0399739818977423
                ],
                [
                    0.0,
                    0.0,
                    0.0,
                    1.0
                ]
            ],
            "is_bad": false,
            "mask_path": "DSC07523.png"
        },
        {
            "file_path": "DSC07708.JPG",
            "transform_matrix": [
                [
                    -0.14981012404586816,
                    -0.2529402491054395,
                    0.9558128253564283,
                    2.032217225859197
                ],
                [
                    -0.9877293465747053,
                    -0.004863380849844709,
                    -0.15609960103027196,
                    0.966703667321627
                ],
                [
                    0.04413235376073099,
                    -0.9674696780308857,
                    -0.2491079232829595,
                    -1.5534359029754459
                ],
                [
                    0.0,
                    0.0,
                    0.0,
                    1.0
                ]
            ],
            "is_bad": false,
            "mask_path": "DSC07708.png"
        },
        {
            "file_path": "DSC07671.JPG",
            "transform_matrix": [
                [
                    -0.47302899697298934,
                    0.40563785359520377,
                    -0.7821134826567074,
                    1.4388403450309435
                ],
                [
                    0.8792010433871268,
                    0.15989651278552897,
                    -0.44881915122464955,
                    1.5484316120753057
                ],
                [
                    -0.05700081867583514,
                    -0.8999394629249812,
                    -0.43227291118063527,
                    -1.2332600663920397
                ],
                [
                    0.0,
                    0.0,
                    0.0,
                    1.0
                ]
            ],
            "is_bad": false,
            "mask_path": "DSC07671.png"
        },
        {
            "file_path": "DSC07604.JPG",
            "transform_matrix": [
                [
                    0.46049083616452685,
                    -0.40277610550032705,
                    0.791024398262458,
                    1.5801242617381912
                ],
                [
                    -0.8867241015398115,
                    -0.16771806034749268,
                    0.43080276227258313,
                    2.1814927031532223
                ],
                [
                    -0.040847981062812136,
                    -0.8998011230662385,
                    -0.43438391012079114,
                    -0.8260889877718122
                ],
                [
                    0.0,
                    0.0,
                    0.0,
                    1.0
                ]
            ],
            "is_bad": false,
            "mask_path": "DSC07604.png"
        },
        {
            "file_path": "DSC07499.JPG",
            "transform_matrix": [
                [
                    0.4521986242349798,
                    0.16472806710323928,
                    -0.8765734813171242,
                    1.4284684293808212
                ],
                [
                    0.8908761406409035,
                    -0.13089134581147405,
                    0.43497949104346323,
                    2.0737786027313696
                ],
                [
                    -0.043082551883106966,
                    -0.9776155274442462,
                    -0.2059411911763832,
                    -1.519244755533562
                ],
                [
                    0.0,
                    0.0,
                    0.0,
                    1.0
                ]
            ],
            "is_bad": false,
            "mask_path": "DSC07499.png"
        },
        {
            "file_path": "DSC07526.JPG",
            "transform_matrix": [
                [
                    0.8962145754803487,
                    -0.01835202318220494,
                    -0.44324106075779834,
                    1.4686040134916456
                ],
                [
                    0.4245016408608332,
                    -0.25468513051248304,
                    0.8688692889050113,
                    1.9970456546626383
                ],
                [
                    -0.12883241673988205,
                    -0.9668498784924985,
                    -0.22046206216944012,
                    -1.239722212809776
                ],
                [
                    0.0,
                    0.0,
                    0.0,
                    1.0
                ]
            ],
            "is_bad": false,
            "mask_path": "DSC07526.png"
        },
        {
            "file_path": "DSC07538.JPG",
            "transform_matrix": [
                [
                    0.6586275873789352,
                    0.06149750589039837,
                    -0.749951837061997,
                    1.6601678991676503
                ],
                [
                    0.7491652479842044,
                    -0.14688416992275793,
                    0.6458919970388765,
                    2.038223316324169
                ],
                [
                    -0.07043530617643944,
                    -0.987240141705838,
                    -0.142813760711174,
                    -1.474731393691655
                ],
                [
                    0.0,
                    0.0,
                    0.0,
                    1.0
                ]
            ],
            "is_bad": false,
            "mask_path": "DSC07538.png"
        },
        {
            "file_path": "DSC07674.JPG",
            "transform_matrix": [
                [
                    -0.14524104954222788,
                    0.42623285547090894,
                    -0.8928777018410682,
                    1.5582447873828145
                ],
                [
                    0.9885247908033358,
                    0.024645174586208584,
                    -0.14903473869147577,
                    1.377922969819408
                ],
                [
                    -0.04151837539082264,
                    -0.9042777052912068,
                    -0.4249212353109411,
                    -0.9257041113090357
                ],
                [
                    0.0,
                    0.0,
                    0.0,
                    1.0
                ]
            ],
            "is_bad": false,
            "mask_path": "DSC07674.png"
        },
        {
            "file_path": "DSC07529.JPG",
            "transform_matrix": [
                [
                    0.7098184359682104,
                    -0.020928821798797872,
                    -0.7040736981153022,
                    1.4906213729067712
                ],
                [
                    0.6851565264761326,
                    -0.21143999961239673,
                    0.6970320371339257,
                    1.9621105410888204
                ],
                [
                    -0.16345740174982723,
                    -0.9771668798020243,
                    -0.13574449097908817,
                    -1.402219927052183
                ],
                [
                    0.0,
                    0.0,
                    0.0,
                    1.0
                ]
            ],
            "is_bad": false,
            "mask_path": "DSC07529.png"
        },
        {
            "file_path": "DSC07667.JPG",
            "transform_matrix": [
                [
                    -0.9936874708907489,
                    -0.00781427611648775,
                    0.11191133670688562,
                    1.8695183184660815
                ],
                [
                    -0.11202146561517073,
                    0.12276650725330997,
                    -0.9860930868524795,
                    1.3855388517141944
                ],
                [
                    -0.006033360272328586,
                    -0.9924048174941502,
                    -0.12286690676592284,
                    -1.5434042518038131
                ],
                [
                    0.0,
                    0.0,
                    0.0,
                    1.0
                ]
            ],
            "is_bad": false,
            "mask_path": "DSC07667.png"
        },
        {
            "file_path": "DSC07658.JPG",
            "transform_matrix": [
                [
                    -0.9183015654480411,
                    -0.16802712007002646,
                    0.35845379314027404,
                    1.685017757442991
                ],
                [
                    -0.39574582800537395,
                    0.4133395463490994,
                    -0.8200827147552021,
                    1.3500040112605858
                ],
                [
                    -0.010366991464189117,
                    -0.894939833924546,
                    -0.4460663842334323,
                    -1.4286160706527207
                ],
                [
                    0.0,
                    0.0,
                    0.0,
                    1.0
                ]
            ],
            "is_bad": false,
            "mask_path": "DSC07658.png"
        },
        {
            "file_path": "DSC07492.JPG",
            "transform_matrix": [
                [
                    0.28766666367854293,
                    0.012079658824848712,
                    -0.9576544118056008,
                    1.3746855124079516
                ],
                [
                    0.9571221415948165,
                    -0.03926313427086608,
                    0.28701151955310095,
                    2.1531780485704943
                ],
                [
                    -0.03413351252080774,
                    -0.9991558878022503,
                    -0.022856403765436635,
                    -1.6363417969168836
                ],
                [
                    0.0,
                    0.0,
                    0.0,
                    1.0
                ]
            ],
            "is_bad": false,
            "mask_path": "DSC07492.png"
        },
        {
            "file_path": "DSC07584.JPG",
            "transform_matrix": [
                [
                    0.7938598640770148,
                    -0.2685675527997125,
                    0.5455804118466842,
                    1.5756771975637662
                ],
                [
                    -0.6061163068481923,
                    -0.27704118094299657,
                    0.7455677076124064,
                    2.100611935241456
                ],
                [
                    -0.04908705308258398,
                    -0.9225614633426241,
                    -0.38271504748936186,
                    -1.3968395340380886
                ],
                [
                    0.0,
                    0.0,
                    0.0,
                    1.0
                ]
            ],
            "is_bad": false,
            "mask_path": "DSC07584.png"
        },
        {
            "file_path": "DSC07641.JPG",
            "transform_matrix": [
                [
                    -0.8811528195192485,
                    0.042546717177056576,
                    0.47091345862136363,
                    1.706974747224749
                ],
                [
                    -0.4712080416057538,
                    0.003445917362467325,
                    -0.8820153667479964,
                    1.4456859284158166
                ],
                [
                    -0.03914958721812738,
                    -0.9990885358720656,
                    0.017011975477985622,
                    -1.5996933012277097
                ],
                [
                    0.0,
                    0.0,
                    0.0,
                    1.0
                ]
            ],
            "is_bad": false,
            "mask_path": "DSC07641.png"
        },
        {
            "file_path": "DSC07553.JPG",
            "transform_matrix": [
                [
                    0.9388432820679729,
                    -0.043710721709215354,
                    -0.3415591669440242,
                    1.4885069695765296
                ],
                [
                    0.3443447228071947,
                    0.1193482895181573,
                    0.9312264481123408,
                    1.996826370983839
                ],
                [
                    5.992222231668426e-05,
                    -0.9918897915578874,
                    0.1271008961910879,
                    -1.5753896226055586
                ],
                [
                    0.0,
                    0.0,
                    0.0,
                    1.0
                ]
            ],
            "is_bad": false,
            "mask_path": "DSC07553.png"
        },
        {
            "file_path": "DSC07518.JPG",
            "transform_matrix": [
                [
                    0.8729781851470753,
                    0.24254907695568248,
                    -0.42317730743184323,
                    1.5647528649444005
                ],
                [
                    0.4859177471579052,
                    -0.3571496394665294,
                    0.7977017475384606,
                    2.079116662052745
                ],
                [
                    0.04234419977168911,
                    -0.9020055877304053,
                    -0.42964274513695766,
                    -0.7142400532244819
                ],
                [
                    0.0,
                    0.0,
                    0.0,
                    1.0
                ]
            ],
            "is_bad": false,
            "mask_path": "DSC07518.png"
        },
        {
            "file_path": "DSC07588.JPG",
            "transform_matrix": [
                [
                    0.603084743645456,
                    -0.35410178107495577,
                    0.7147731952316331,
                    1.5586937625330022
                ],
                [
                    -0.7970113891516722,
                    -0.2308938672272799,
                    0.5580867922100934,
                    2.200462065003262
                ],
                [
                    -0.03258277987857143,
                    -0.9062560072718828,
                    -0.42147172116170367,
                    -1.36715510635935
                ],
                [
                    0.0,
                    0.0,
                    0.0,
                    1.0
                ]
            ],
            "is_bad": false,
            "mask_path": "DSC07588.png"
        },
        {
            "file_path": "DSC07605.JPG",
            "transform_matrix": [
                [
                    0.46978032663016833,
                    -0.3941221974556918,
                    0.7899203366061348,
                    1.5751341258163636
                ],
                [
                    -0.8792256156684966,
                    -0.12863621101253972,
                    0.4587101938791973,
                    2.1835827663779215
                ],
                [
                    -0.07917551050423255,
                    -0.910011218990752,
                    -0.4069530929325397,
                    -0.930601093031727
                ],
                [
                    0.0,
                    0.0,
                    0.0,
                    1.0
                ]
            ],
            "is_bad": false,
            "mask_path": "DSC07605.png"
        },
        {
            "file_path": "DSC07686.JPG",
            "transform_matrix": [
                [
                    0.3464082576277287,
                    -0.1443005764226213,
                    0.9269189083686981,
                    1.9749422737981535
                ],
                [
                    -0.9331863092054982,
                    -0.15384406185950758,
                    0.3248004263266687,
                    0.8762640727286286
                ],
                [
                    0.09573208113657014,
                    -0.9775015847939408,
                    -0.18795217574317533,
                    -1.531124386592853
                ],
                [
                    0.0,
                    0.0,
                    0.0,
                    1.0
                ]
            ],
            "is_bad": false,
            "mask_path": "DSC07686.png"
        },
        {
            "file_path": "DSC07608.JPG",
            "transform_matrix": [
                [
                    0.40776304017361725,
                    -0.33918087708065164,
                    0.8477532870423854,
                    1.5563916762657957
                ],
                [
                    -0.9059963477604729,
                    -0.03480535131058368,
                    0.42185211314491744,
                    2.1854000239695286
                ],
                [
                    -0.11357781875460721,
                    -0.9400770820219729,
                    -0.32148897172997903,
                    -1.215578977808683
                ],
                [
                    0.0,
                    0.0,
                    0.0,
                    1.0
                ]
            ],
            "is_bad": false,
            "mask_path": "DSC07608.png"
        },
        {
            "file_path": "DSC07476.JPG",
            "transform_matrix": [
                [
                    -0.35621697643942485,
                    0.34793986415307937,
                    -0.8672066170351161,
                    1.4319934853797807
                ],
                [
                    0.9342558211274502,
                    0.11613533913757777,
                    -0.3371626368577536,
                    2.2703102832429884
                ],
                [
                    -0.0165989874940561,
                    -0.9302958851551136,
                    -0.36643422285266386,
                    -1.5190785846090087
                ],
                [
                    0.0,
                    0.0,
                    0.0,
                    1.0
                ]
            ],
            "is_bad": false,
            "mask_path": "DSC07476.png"
        },
        {
            "file_path": "DSC07652.JPG",
            "transform_matrix": [
                [
                    -0.8502462742165877,
                    -0.013798265615471692,
                    0.5262042199059361,
                    1.6699794869157016
                ],
                [
                    -0.5263471085550588,
                    0.034296229678533394,
                    -0.8495778304225954,
                    1.3601540875887177
                ],
                [
                    -0.0063241202185209296,
                    -0.9993164546307844,
                    -0.03642291871362648,
                    -1.5740834404941062
                ],
                [
                    0.0,
                    0.0,
                    0.0,
                    1.0
                ]
            ],
            "is_bad": false,
            "mask_path": "DSC07652.png"
        },
        {
            "file_path": "DSC07594.JPG",
            "transform_matrix": [
                [
                    0.558942821255861,
                    -0.4221192811901264,
                    0.7137213987362785,
                    1.554135095597312
                ],
                [
                    -0.8291793051669074,
                    -0.29146100210854703,
                    0.47698235201399963,
                    2.211298036806288
                ],
                [
                    0.006678506529464104,
                    -0.8584088750108615,
                    -0.5129226070793955,
                    -1.122187377673967
                ],
                [
                    0.0,
                    0.0,
                    0.0,
                    1.0
                ]
            ],
            "is_bad": false,
            "mask_path": "DSC07594.png"
        },
        {
            "file_path": "DSC07524.JPG",
            "transform_matrix": [
                [
                    0.925403272418174,
                    -0.03876514567319563,
                    -0.37699608337311885,
