{
    "fl_x": 624.7961377451238,
    "fl_y": 626.3217711377005,
    "cx": 876.0,
    "cy": 584.0,
    "w": 1752,
    "h": 1168,
    "k1": 0.0,
    "k2": 0.0,
    "k3": 0.0,
    "k4": 0.0,
    "camera_model": "PINHOLE",
    "has_mask": false,
    "aabb_range": [
        [
            0.35822394490242004,
            0.00026783972862176597,
            -3.465320348739624
        ],
        [
            9.446889877319336,
            8.953664779663086,
            -0.11400149017572403
        ]
    ],
    "frames": [
        {
            "file_path": "DSC09886.JPG",
            "transform_matrix": [
                [
                    0.6431781671074396,
                    0.2791823254707086,
                    -0.7130070648325182,
                    2.2844679913468147
                ],
                [
                    0.7655613564830164,
                    -0.2157099973701446,
                    0.606122930183685,
                    3.659136781415516
                ],
                [
                    0.015416057089883962,
                    -0.9356956910124895,
                    -0.3524711605287189,
                    -1.5046959808159377
                ],
                [
                    0.0,
                    0.0,
                    0.0,
                    1.0
                ]
            ],
            "is_bad": false,
            "mask_path": "DSC09886.png"
        },
        {
            "file_path": "DSC09880.JPG",
            "transform_matrix": [
                [
                    -0.9048376561098521,
                    -0.0009694664996229801,
                    0.42575565318658604,
                    8.114929867008676
                ],
                [
                    -0.4254692975567873,
                    -0.03468178767405038,
                    -0.904308050633338,
                    2.3372639231075882
                ],
                [
                    0.015642663525272823,
                    -0.9993979356284659,
                    0.030968909238086945,
                    -1.665751269853996
                ],
                [
                    0.0,
                    0.0,
                    0.0,
                    1.0
                ]
            ],
            "is_bad": false,
            "mask_path": "DSC09880.png"
        },
        {
            "file_path": "DSC09766.JPG",
            "transform_matrix": [
                [
                    0.22939755586442748,
                    -0.111972790623589,
                    0.9668706508749721,
                    6.166964628394635
                ],
                [
                    -0.972872068792325,
                    -0.056938643258886416,
                    0.22422740391749127,
                    7.813543259758489
                ],
                [
                    0.029944934916733265,
                    -0.9920786687878148,
                    -0.12199678606024557,
                    -1.6435659364778321
                ],
                [
                    0.0,
                    0.0,
                    0.0,
                    1.0
                ]
            ],
            "is_bad": false,
            "mask_path": "DSC09766.png"
        },
        {
            "file_path": "DSC09857.JPG",
            "transform_matrix": [
                [
                    -0.637721895586348,
                    0.1466752523458534,
                    -0.756172701331538,
                    4.754502245611787
                ],
                [
                    0.7701276150549492,
                    0.14006871180824262,
                    -0.6223216310736397,
                    1.2429693623109774
                ],
                [
                    0.014636953902058348,
                    -0.9792176092787852,
                    -0.2022835466833854,
                    -1.538961695897798
                ],
                [
                    0.0,
                    0.0,
                    0.0,
                    1.0
                ]
            ],
            "is_bad": false,
            "mask_path": "DSC09857.png"
        },
        {
            "file_path": "DSC09901.JPG",
            "transform_matrix": [
                [
                    0.12287916958720536,
                    0.3757206555806912,
                    -0.9185503245068145,
                    5.642844866468995
                ],
                [
                    0.9923454230693116,
                    -0.03504656268679896,
                    0.11841579184057015,
                    4.488691424288593
                ],
                [
                    0.012299227412638104,
                    -0.9260700445505488,
                    -0.3771511654379399,
                    -1.5076901679561747
                ],
                [
                    0.0,
                    0.0,
                    0.0,
                    1.0
                ]
            ],
            "is_bad": false,
            "mask_path": "DSC09901.png"
        },
        {
            "file_path": "DSC09976.JPG",
            "transform_matrix": [
                [
                    0.6647389785943845,
                    0.0925287854054562,
                    -0.74132348823485,
                    2.5101650691983584
                ],
                [
                    0.7290989197838275,
                    -0.29672298864055774,
                    0.6167416259522874,
                    6.897867884483923
                ],
                [
                    -0.16290136742013667,
                    -0.9504703529745716,
                    -0.2647059738824251,
                    -1.111522439290225
                ],
                [
                    0.0,
                    0.0,
                    0.0,
                    1.0
                ]
            ],
            "is_bad": false,
            "mask_path": "DSC09976.png"
        },
        {
            "file_path": "DSC09846.JPG",
            "transform_matrix": [
                [
                    -0.9413744151929041,
                    -0.04874264657795672,
                    0.33382385298955847,
                    2.294958456458785
                ],
                [
                    -0.3371089981895048,
                    0.09747117157054196,
                    -0.9364063722830672,
                    0.9470055785532476
                ],
                [
                    0.013104722808455534,
                    -0.9940440257439518,
                    -0.1081884518923863,
                    -1.610684582470715
                ],
                [
                    0.0,
                    0.0,
                    0.0,
                    1.0
                ]
            ],
            "is_bad": false,
            "mask_path": "DSC09846.png"
        },
        {
            "file_path": "DSC09927.JPG",
            "transform_matrix": [
                [
                    -0.9439972533383271,
                    -0.0751515212096885,
                    0.321280927771265,
                    7.577816679007768
                ],
                [
                    -0.3297143378029705,
                    0.2519052358263472,
                    -0.9098528494269946,
                    5.306839259467573
                ],
                [
                    -0.012555522165319702,
                    -0.9648295191499598,
                    -0.26257638477215367,
                    -1.5705550620801987
                ],
                [
                    0.0,
                    0.0,
                    0.0,
                    1.0
                ]
            ],
            "is_bad": true,
            "mask_path": "DSC09927.png"
        },
        {
            "file_path": "DSC09964.JPG",
            "transform_matrix": [
                [
                    -0.5663303210093931,
                    0.2913351920295536,
                    -0.7709693725372624,
                    1.343975267408519
                ],
                [
                    0.8231465621757488,
                    0.15314594094051057,
                    -0.5467870316235487,
                    5.289198810670927
                ],
                [
                    -0.041227474863782386,
                    -0.9442828636899792,
                    -0.32654275165406343,
                    -1.0585505888089763
                ],
                [
                    0.0,
                    0.0,
                    0.0,
                    1.0
                ]
            ],
            "is_bad": false,
            "mask_path": "DSC09964.png"
        },
        {
            "file_path": "DSC09782.JPG",
            "transform_matrix": [
                [
                    -0.21832049586586566,
                    0.3943375774844685,
                    -0.8926556088820385,
                    4.298053761163949
                ],
                [
                    0.9754362668459864,
                    0.06068825859194377,
                    -0.21175699419533436,
                    7.398624499863268
                ],
                [
                    -0.029330025680998687,
                    -0.9169595466828173,
                    -0.39790066516756906,
                    -1.561098521187081
                ],
                [
                    0.0,
                    0.0,
                    0.0,
                    1.0
                ]
            ],
            "is_bad": false,
            "mask_path": "DSC09782.png"
        },
        {
            "file_path": "DSC09869.JPG",
            "transform_matrix": [
                [
                    -0.7080784373956764,
                    -0.13821740294134216,
                    0.6924744587488029,
                    6.406344389824513
                ],
                [
                    -0.7061239043914506,
                    0.13340758426189478,
                    -0.6954073972200604,
                    1.7683237118260438
                ],
                [
                    0.00373605972521407,
                    -0.9813757516800362,
                    -0.19206164602068124,
                    -1.5697847697211158
                ],
                [
                    0.0,
                    0.0,
                    0.0,
                    1.0
                ]
            ],
            "is_bad": true,
            "mask_path": "DSC09869.png"
        },
        {
            "file_path": "DSC09938.JPG",
            "transform_matrix": [
                [
                    -0.9113627314150012,
                    -0.2615467645179345,
                    0.31782268918060014,
                    3.698889484089777
                ],
                [
                    -0.4015768475951828,
                    0.3956027167700919,
                    -0.8259748942671551,
                    4.47439525249491
                ],
                [
                    0.09029954187759562,
                    -0.8803929693349004,
                    -0.46556869770461773,
                    -1.4682138082188543
                ],
                [
                    0.0,
                    0.0,
                    0.0,
                    1.0
                ]
            ],
            "is_bad": false,
            "mask_path": "DSC09938.png"
        },
        {
            "file_path": "DSC09830.JPG",
            "transform_matrix": [
                [
                    0.15194078856538082,
                    0.10593329042424383,
                    -0.9826963593857583,
                    2.3554757906437827
                ],
                [
                    0.9883667018595961,
                    -0.009516949124849081,
                    0.15179160166010286,
                    2.316499646381732
                ],
                [
                    0.006727512565172131,
                    -0.9943276953093723,
                    -0.1061469496285108,
                    -1.6100465161667739
                ],
                [
                    0.0,
                    0.0,
                    0.0,
                    1.0
                ]
            ],
            "is_bad": false,
            "mask_path": "DSC09830.png"
        },
        {
            "file_path": "DSC09715.JPG",
            "transform_matrix": [
                [
                    0.5515848533918835,
                    -0.11123515857210421,
                    -0.8266685484558448,
                    1.586276884840983
                ],
                [
                    0.8338494428813444,
                    0.0987175491188993,
                    0.5430929497815535,
                    6.3313402002101205
                ],
                [
                    0.0211956626488961,
                    -0.9888789536608598,
                    0.14720447986212118,
                    -1.8037205653869675
                ],
                [
                    0.0,
                    0.0,
                    0.0,
                    1.0
                ]
            ],
            "is_bad": false,
            "mask_path": "DSC09715.png"
        },
        {
            "file_path": "DSC09853.JPG",
            "transform_matrix": [
                [
                    -0.48369839400188147,
                    0.22165998880999027,
                    -0.8467010765321815,
                    3.6267798873723334
                ],
                [
                    0.8750223060829954,
                    0.1437839884192284,
                    -0.4622360095572998,
                    0.9598188782067935
                ],
                [
                    0.01928282907660568,
                    -0.9644651440228486,
                    -0.26350551885641443,
                    -1.4922626332831925
                ],
                [
                    0.0,
                    0.0,
                    0.0,
                    1.0
                ]
            ],
            "is_bad": false,
            "mask_path": "DSC09853.png"
        },
        {
            "file_path": "DSC09986.JPG",
            "transform_matrix": [
                [
                    0.9045689978341481,
                    0.16468719145297764,
                    -0.39323409965141204,
                    5.264025621623654
                ],
                [
                    0.4242426989107087,
                    -0.25661826746206656,
                    0.8684268519718431,
                    7.5147590523414545
                ],
                [
                    0.042107725874042046,
                    -0.9523787029202715,
                    -0.30199626760213305,
                    -0.987562198309049
                ],
                [
                    0.0,
                    0.0,
                    0.0,
                    1.0
                ]
            ],
            "is_bad": false,
            "mask_path": "DSC09986.png"
        },
        {
            "file_path": "DSC09735.JPG",
            "transform_matrix": [
                [
                    0.3426125773235928,
                    -0.13896818551532578,
                    0.9291417896501393,
                    3.440041948117144
                ],
                [
                    -0.9379813620298345,
                    -0.10637860312745925,
                    0.3299614481743396,
                    6.775078945817736
                ],
                [
                    0.052986661947532154,
                    -0.9845666235513109,
                    -0.16679621531806263,
                    -1.6137767430170002
                ],
                [
                    0.0,
                    0.0,
                    0.0,
                    1.0
                ]
            ],
            "is_bad": false,
            "mask_path": "DSC09735.png"
        },
        {
            "file_path": "DSC09959.JPG",
            "transform_matrix": [
                [
                    -0.6003675888406331,
                    0.207193428035313,
                    -0.772418048500072,
                    1.513937381757796
                ],
                [
                    0.799495792453975,
                    0.17858070514131008,
                    -0.5735114729450694,
                    4.252587312403046
                ],
                [
                    0.019111151667946847,
                    -0.9618626799757893,
                    -0.27286434129749654,
                    -1.0590655773869988
                ],
                [
                    0.0,
                    0.0,
                    0.0,
                    1.0
                ]
            ],
            "is_bad": false,
            "mask_path": "DSC09959.png"
        },
        {
            "file_path": "DSC09913.JPG",
            "transform_matrix": [
                [
                    0.15222537622545404,
                    -0.1448941283350375,
                    0.9776671859109565,
                    6.644674000183258
                ],
                [
                    -0.9883278194257201,
                    -0.028284266149992625,
                    0.14969342549877973,
                    4.663952123861344
                ],
                [
                    0.005962900487288222,
                    -0.989042815990484,
                    -0.14750848096090194,
                    -1.65933887919103
                ],
                [
                    0.0,
                    0.0,
                    0.0,
                    1.0
                ]
            ],
            "is_bad": true,
            "mask_path": "DSC09913.png"
        },
        {
            "file_path": "DSC09775.JPG",
            "transform_matrix": [
                [
                    0.9979861112591869,
                    0.062258008066488665,
                    0.012151632209659436,
                    4.794607871787743
                ],
                [
                    -0.0025433956142630696,
                    -0.1521388753567826,
                    0.9883558538016167,
                    6.509120844319886
                ],
                [
                    0.06338180237666925,
                    -0.9863963214837971,
                    -0.15167413784399258,
                    -1.6092369726498117
                ],
                [
                    0.0,
                    0.0,
                    0.0,
                    1.0
                ]
            ],
            "is_bad": true,
            "mask_path": "DSC09775.png"
        },
        {
            "file_path": "DSC09921.JPG",
            "transform_matrix": [
                [
                    0.9546779943414925,
                    -0.144620272715502,
                    0.2601440059655395,
                    7.557865134612612
                ],
                [
                    -0.2936556865552018,
                    -0.3151154836673762,
                    0.9024791242499008,
                    4.333048500236242
                ],
                [
                    -0.04854137280606808,
                    -0.937969726948993,
                    -0.3433023834075909,
                    -1.5364675342786596
                ],
                [
                    0.0,
                    0.0,
                    0.0,
                    1.0
                ]
            ],
            "is_bad": false,
            "mask_path": "DSC09921.png"
        },
        {
            "file_path": "DSC09800.JPG",
            "transform_matrix": [
                [
                    -0.1642625998167355,
                    0.30828113266615675,
                    -0.9370061587543157,
                    2.0967096064417725
                ],
                [
                    0.9859369163754765,
                    0.0809332543336761,
                    -0.1462128765566732,
                    5.0712357739097005
                ],
                [
                    0.030760286563415735,
                    -0.9478462700169429,
                    -0.3172400560860885,
                    -1.5245050997598038
                ],
                [
                    0.0,
                    0.0,
                    0.0,
                    1.0
                ]
            ],
            "is_bad": false,
            "mask_path": "DSC09800.png"
        },
        {
            "file_path": "DSC09952.JPG",
            "transform_matrix": [
                [
                    -0.7324642912009888,
                    0.17657468930493217,
                    -0.6575085103725269,
                    1.7706009468081916
                ],
                [
                    0.6772295957362289,
                    0.28783067698912285,
                    -0.6771363053646785,
                    3.152990393124336
                ],
                [
                    0.06968598692977629,
                    -0.9412623866281121,
                    -0.3304072982619681,
                    -0.9543927237075824
                ],
                [
                    0.0,
                    0.0,
                    0.0,
                    1.0
                ]
            ],
            "is_bad": false,
            "mask_path": "DSC09952.png"
        },
        {
            "file_path": "DSC09950.JPG",
            "transform_matrix": [
                [
                    0.11335237377938047,
                    0.19997455893691818,
                    -0.9732221817943552,
                    2.1894942565453412
                ],
                [
                    0.9913502265139656,
                    0.042453671435102196,
                    0.12418701289744168,
                    1.8395180592549234
                ],
                [
                    0.06615109786911014,
                    -0.9788809230747454,
                    -0.19343259986632552,
                    -0.8631189794298512
                ],
                [
                    0.0,
                    0.0,
                    0.0,
                    1.0
                ]
            ],
            "is_bad": false,
            "mask_path": "DSC09950.png"
        },
        {
            "file_path": "DSC09772.JPG",
            "transform_matrix": [
                [
                    0.9620286844062618,
                    -0.04199554824882167,
                    0.26969832091957524,
                    5.566935645207789
                ],
                [
                    -0.2729356904355587,
                    -0.1575322654505397,
                    0.9490467292122583,
                    6.931143472327375
                ],
                [
                    0.0026304497756475718,
                    -0.9866204737736297,
                    -0.16301264203943264,
                    -1.613795683993937
                ],
                [
                    0.0,
                    0.0,
                    0.0,
                    1.0
                ]
            ],
            "is_bad": false,
            "mask_path": "DSC09772.png"
        },
        {
            "file_path": "DSC09898.JPG",
            "transform_matrix": [
                [
                    0.028334164482565673,
                    0.391161335713705,
                    -0.9198858540959006,
                    4.78445224416941
                ],
                [
                    0.9993077692115009,
                    -0.03327815436878039,
                    0.016629697391749035,
                    4.334704439624922
                ],
                [
                    -0.024107208809989508,
                    -0.9197202693669837,
                    -0.39183347049341477,
                    -1.4963510658821622
                ],
                [
                    0.0,
                    0.0,
                    0.0,
                    1.0
                ]
            ],
            "is_bad": false,
            "mask_path": "DSC09898.png"
        },
        {
            "file_path": "DSC09873.JPG",
            "transform_matrix": [
                [
                    -0.9082387455584965,
                    -0.07490541755095814,
                    0.41169352616703275,
                    7.216410077070099
                ],
                [
                    -0.4183215435987416,
                    0.18712858700296559,
                    -0.8888138039473956,
                    2.0718943488574517
                ],
                [
                    -0.010462658720170206,
                    -0.9794754056880604,
                    -0.20129198301153242,
                    -1.5882187777467613
                ],
                [
                    0.0,
                    0.0,
                    0.0,
                    1.0
                ]
            ],
            "is_bad": false,
            "mask_path": "DSC09873.png"
        },
        {
            "file_path": "DSC09866.JPG",
            "transform_matrix": [
                [
                    -0.5248370642546472,
                    -0.13892820462537317,
                    0.8397886698117174,
                    5.573571803124409
                ],
                [
                    -0.8497784664798328,
                    0.02846868326303057,
                    -0.5263706792560285,
                    1.5598525291679397
                ],
                [
                    0.049220055787726605,
                    -0.9898931700101986,
                    -0.13299961682431027,
                    -1.5988259967539993
                ],
                [
                    0.0,
                    0.0,
                    0.0,
                    1.0
                ]
            ],
            "is_bad": false,
            "mask_path": "DSC09866.png"
        },
        {
            "file_path": "DSC09791.JPG",
            "transform_matrix": [
                [
                    0.843600912826591,
                    -0.06247963660854758,
                    0.5333233492801589,
                    2.555522201458179
                ],
                [
                    -0.5365400842369542,
                    -0.1378460703996713,
                    0.8325402085679532,
                    6.218003801649708
                ],
                [
                    0.021499718257331144,
                    -0.9884810346610767,
                    -0.14980990030776567,
                    -1.605511669849825
                ],
                [
                    0.0,
                    0.0,
                    0.0,
                    1.0
                ]
            ],
            "is_bad": false,
            "mask_path": "DSC09791.png"
        },
        {
            "file_path": "DSC09999.JPG",
            "transform_matrix": [
                [
                    0.8296296265539355,
                    -0.28372517373529754,
                    -0.480847905821428,
                    5.362294520651655
                ],
                [
                    0.5564419425559608,
                    0.4906610446656336,
                    0.6705401582397418,
                    7.707169430061416
                ],
                [
                    0.04568421290255947,
                    -0.8238639238590949,
                    0.56494352607581,
                    -1.8347628850190003
                ],
                [
                    0.0,
                    0.0,
                    0.0,
                    1.0
                ]
            ],
            "is_bad": false,
            "mask_path": "DSC09999.png"
        },
        {
            "file_path": "DSC09979.JPG",
            "transform_matrix": [
                [
                    0.9736516251266412,
                    0.11623421263542494,
                    -0.19619408936375743,
                    3.8072596947760764
                ],
                [
                    0.22450214349939385,
                    -0.33760524942359865,
                    0.9141233413089329,
                    7.156121298779251
                ],
                [
                    0.04001625235362029,
                    -0.9340836704357125,
                    -0.3548047296371894,
                    -0.9677385012528776
                ],
                [
                    0.0,
                    0.0,
                    0.0,
                    1.0
                ]
            ],
            "is_bad": false,
            "mask_path": "DSC09979.png"
        },
        {
            "file_path": "DSC09948.JPG",
            "transform_matrix": [
                [
                    -0.40938276666363393,
                    0.4430837663581786,
                    -0.7975478207284373,
                    3.0083681757719027
                ],
                [
                    0.9106259096491142,
                    0.25234863210987807,
                    -0.32723175357534745,
                    1.8804201058519892
                ],
                [
                    0.056269023756879054,
                    -0.8602307503583699,
                    -0.5067907389675973,
                    -1.4494311027553004
                ],
                [
                    0.0,
                    0.0,
                    0.0,
                    1.0
                ]
            ],
            "is_bad": false,
            "mask_path": "DSC09948.png"
        },
        {
            "file_path": "DSC00017.JPG",
            "transform_matrix": [
                [
                    -0.5953911602934114,
                    -0.5801180266983234,
                    -0.5558528954175813,
                    2.9633163754035814
                ],
                [
                    0.803433781222543,
                    -0.43151567750906933,
                    -0.4102296664727404,
                    0.7267503316941144
                ],
                [
                    -0.001877614154217848,
                    -0.6908381106768302,
                    0.7230070396625164,
                    -1.9589179036146758
                ],
                [
                    0.0,
                    0.0,
                    0.0,
                    1.0
                ]
            ],
            "is_bad": false,
            "mask_path": "DSC00017.png"
        },
        {
            "file_path": "DSC09969.JPG",
            "transform_matrix": [
                [
                    0.061887802324857626,
                    0.21351733653349297,
                    -0.974977049434007,
                    1.4741720543662757
                ],
                [
                    0.991517035376041,
                    -0.1250180815303244,
                    0.03555907548831588,
                    6.116971175906441
                ],
                [
                    -0.1142972811684772,
                    -0.9689070266491618,
                    -0.21944317083785905,
                    -1.1012575676936949
                ],
                [
                    0.0,
                    0.0,
                    0.0,
                    1.0
                ]
            ],
            "is_bad": false,
            "mask_path": "DSC09969.png"
        },
        {
            "file_path": "DSC09795.JPG",
            "transform_matrix": [
                [
                    0.999910608250874,
                    0.01283598680808601,
                    0.0037433875073290862,
                    1.634849910416122
                ],
                [
                    -0.0013095487475296424,
                    -0.18460698322047164,
                    0.9828115520425647,
                    5.641345675730733
                ],
                [
                    0.01330641159160599,
                    -0.9827285989472878,
                    -0.18457367152889304,
                    -1.5915622711842952
                ],
                [
                    0.0,
                    0.0,
                    0.0,
                    1.0
                ]
            ],
            "is_bad": false,
            "mask_path": "DSC09795.png"
        },
        {
            "file_path": "DSC09809.JPG",
            "transform_matrix": [
                [
                    -0.24086875045698766,
                    -0.29077922399336736,
                    -0.9259749931542998,
                    1.84077117578761
                ],
                [
                    0.9674784059571705,
                    0.004003300666603197,
                    -0.2529219397172677,
                    4.486318953256037
                ],
                [
                    0.07725140166923689,
                    -0.9567818019159795,
                    0.2803583500852977,
                    -1.7913767261079119
                ],
                [
                    0.0,
                    0.0,
                    0.0,
                    1.0
                ]
            ],
            "is_bad": true,
            "mask_path": "DSC09809.png"
        },
        {
            "file_path": "DSC09892.JPG",
            "transform_matrix": [
                [
                    -0.144396604574008,
                    0.340612354844947,
                    -0.9290494305011321,
                    2.8471406474147916
                ],
                [
                    0.9893194329582495,
                    0.030796357533792562,
                    -0.14247330954890558,
                    4.059992589719254
                ],
                [
                    -0.019916831039726548,
                    -0.9396993179148483,
                    -0.34142131121490393,
                    -1.5042117566242852
                ],
                [
                    0.0,
                    0.0,
                    0.0,
                    1.0
                ]
            ],
            "is_bad": false,
            "mask_path": "DSC09892.png"
        },
        {
            "file_path": "DSC09838.JPG",
            "transform_matrix": [
                [
                    -0.9741894004219253,
                    0.08373682282871157,
                    -0.20962623072536116,
                    2.2683680700258275
                ],
                [
                    0.22566039193737067,
                    0.38468387194516673,
                    -0.8950394997853148,
                    1.683690731344199
                ],
                [
                    0.005692066078481078,
                    -0.9192423310356346,
                    -0.39365103482136365,
                    -1.4867300668657382
                ],
                [
                    0.0,
                    0.0,
                    0.0,
                    1.0
                ]
            ],
            "is_bad": false,
            "mask_path": "DSC09838.png"
        },
        {
            "file_path": "DSC09719.JPG",
            "transform_matrix": [
                [
                    0.1972984970714987,
                    0.06217178412496094,
                    -0.9783700589817982,
                    2.08982375904047
                ],
                [
                    0.9770226143781822,
                    0.06960432454759459,
                    0.2014498672074401,
                    6.718231326260153
                ],
                [
                    0.08062328476904133,
                    -0.9956354288910138,
                    -0.04701041044340806,
                    -1.7137869251274918
                ],
                [
                    0.0,
                    0.0,
                    0.0,
                    1.0
                ]
            ],
            "is_bad": false,
            "mask_path": "DSC09719.png"
        },
        {
            "file_path": "DSC09951.JPG",
            "transform_matrix": [
                [
                    -0.5090271372479427,
                    0.12160816540280522,
                    -0.8521166749058063,
                    2.0617763877655735
                ],
                [
                    0.8566484736477684,
                    0.168106869169317,
                    -0.4877432450942183,
                    2.6031428650456685
                ],
                [
                    0.08393310516186507,
                    -0.9782389966902024,
                    -0.18974640764039033,
                    -0.8386193829547566
                ],
                [
                    0.0,
                    0.0,
                    0.0,
                    1.0
                ]
            ],
            "is_bad": false,
            "mask_path": "DSC09951.png"
        },
        {
            "file_path": "DSC09929.JPG",
            "transform_matrix": [
                [
                    0.31593361849900997,
                    -0.6487992261836445,
                    0.6922756046587418,
                    7.268841537965275
                ],
                [
                    -0.9481630975779193,
                    -0.24223745655333417,
                    0.2056884902808573,
                    4.780566349495926
                ],
                [
                    0.03424454837735269,
                    -0.721374090708889,
                    -0.6916984401893332,
                    -1.2409265617378664
                ],
                [
                    0.0,
                    0.0,
                    0.0,
                    1.0
                ]
            ],
            "is_bad": false,
            "mask_path": "DSC09929.png"
        },
        {
            "file_path": "DSC09973.JPG",
            "transform_matrix": [
                [
                    0.4644910380631166,
                    0.17658391827744996,
                    -0.8677938668628808,
                    1.9941265299032378
                ],
                [
                    0.8790090191781224,
                    -0.21106414395798564,
                    0.42754540266362123,
                    6.575705402647316
                ],
                [
                    -0.10766252719755179,
                    -0.9613896436622696,
                    -0.25325626013263886,
                    -1.100453329229353
                ],
                [
                    0.0,
                    0.0,
                    0.0,
                    1.0
                ]
            ],
            "is_bad": false,
            "mask_path": "DSC09973.png"
        },
        {
            "file_path": "DSC09824.JPG",
            "transform_matrix": [
                [
                    -0.9998615824021192,
                    -0.016303040572485706,
                    -0.003320678307612633,
                    1.7450650758627153
                ],
                [
                    0.0011008179214177561,
                    0.13432563246468107,
                    -0.9909366340300816,
                    3.404878937980674
                ],
                [
                    0.016601332363237,
                    -0.9908031264237394,
                    -0.1342890927540661,
                    -1.570975345350822
                ],
                [
                    0.0,
                    0.0,
                    0.0,
                    1.0
                ]
            ],
            "is_bad": false,
            "mask_path": "DSC09824.png"
        },
        {
            "file_path": "DSC09983.JPG",
            "transform_matrix": [
                [
                    0.9373453832869616,
                    0.13761493991031587,
                    -0.32007149317628975,
                    4.692986127183519
                ],
