{
    "fl_x": 463.66393748178774,
    "fl_y": 464.16624899139674,
    "cx": 876.0,
    "cy": 584.0,
    "w": 1752,
    "h": 1168,
    "k1": 0.0,
    "k2": 0.0,
    "k3": 0.0,
    "k4": 0.0,
    "camera_model": "PINHOLE",
    "has_mask": false,
    "aabb_range": [
        [
            0.0,
            0.02658090554177761,
            -3.0467352867126465
        ],
        [
            4.298177242279053,
            6.5839033126831055,
            -0.0
        ]
    ],
    "frames": [
        {
            "file_path": "DSC09604.JPG",
            "transform_matrix": [
                [
                    0.7711290142254675,
                    -0.18188112233150094,
                    -0.6101469501350417,
                    2.3884970708958773
                ],
                [
                    0.6322299507338898,
                    0.33184403663840994,
                    0.7001177220600469,
                    4.910726565287836
                ],
                [
                    0.0751354298229715,
                    -0.9256342650782541,
                    0.3708852578606462,
                    -1.657369311168464
                ],
                [
                    0.0,
                    0.0,
                    0.0,
                    1.0
                ]
            ],
            "is_bad": false,
            "mask_path": "DSC09604.png"
        },
        {
            "file_path": "DSC09058.JPG",
            "transform_matrix": [
                [
                    -0.9566621813424773,
                    0.10058520734646713,
                    -0.27327657574720843,
                    1.9636256788598785
                ],
                [
                    0.28858446902614626,
                    0.4529765850651661,
                    -0.8435230984505384,
                    1.280697771775613
                ],
                [
                    0.03894194430109032,
                    -0.8858300228857493,
                    -0.4623728966194729,
                    -1.612317172580275
                ],
                [
                    0.0,
                    0.0,
                    0.0,
                    1.0
                ]
            ],
            "is_bad": false,
            "mask_path": "DSC09058.png"
        },
        {
            "file_path": "DSC09359.JPG",
            "transform_matrix": [
                [
                    -0.9870931189813626,
                    -0.10056773474531874,
                    -0.12463268105854604,
                    1.8673744966789647
                ],
                [
                    0.15049730851441864,
                    -0.31644773875147963,
                    -0.9365956378122801,
                    3.1248594629157997
                ],
                [
                    0.05475157157161706,
                    -0.9432639924047092,
                    0.3274985588413596,
                    -1.830638255240013
                ],
                [
                    0.0,
                    0.0,
                    0.0,
                    1.0
                ]
            ],
            "is_bad": false,
            "mask_path": "DSC09359.png"
        },
        {
            "file_path": "DSC09264.JPG",
            "transform_matrix": [
                [
                    0.8561837188487929,
                    -0.129935352908513,
                    -0.5000662392551531,
                    0.7975786626165167
                ],
                [
                    0.5166680185270561,
                    0.21886965768777902,
                    0.8277380211002515,
                    5.7243299109113215
                ],
                [
                    0.001896894719534582,
                    -0.9670640501063906,
                    0.25452607878613986,
                    -1.87661302090337
                ],
                [
                    0.0,
                    0.0,
                    0.0,
                    1.0
                ]
            ],
            "is_bad": false,
            "mask_path": "DSC09264.png"
        },
        {
            "file_path": "DSC09327.JPG",
            "transform_matrix": [
                [
                    0.7412445613455264,
                    0.3809136991864555,
                    -0.5526854928870197,
                    0.878087620042791
                ],
                [
                    0.6710053410890987,
                    -0.4420385072633125,
                    0.5952762302715646,
                    4.2349056438320645
                ],
                [
                    -0.01755939935135635,
                    -0.8121001858567157,
                    -0.5832537660623431,
                    -1.5936085979670267
                ],
                [
                    0.0,
                    0.0,
                    0.0,
                    1.0
                ]
            ],
            "is_bad": false,
            "mask_path": "DSC09327.png"
        },
        {
            "file_path": "DSC09154.JPG",
            "transform_matrix": [
                [
                    0.81576668689523,
                    -0.06485171375136745,
                    -0.5747338234134917,
                    3.2466721036906665
                ],
                [
                    0.5493607823489312,
                    -0.22393030721603227,
                    0.8050204645393209,
                    3.7161060993265242
                ],
                [
                    -0.1809072783747248,
                    -0.9724451001129288,
                    -0.14704789660993348,
                    -1.713443318437194
                ],
                [
                    0.0,
                    0.0,
                    0.0,
                    1.0
                ]
            ],
            "is_bad": false,
            "mask_path": "DSC09154.png"
        },
        {
            "file_path": "DSC09538.JPG",
            "transform_matrix": [
                [
                    -0.28619782088046924,
                    -0.18917250381303405,
                    0.939310689348513,
                    2.632917082613718
                ],
                [
                    -0.9565096376399809,
                    -0.0012896043826355057,
                    -0.2916978745592245,
                    6.069456975685034
                ],
                [
                    0.056392556468949084,
                    -0.9819430231544211,
                    -0.18057624110954504,
                    -0.954923270634177
                ],
                [
                    0.0,
                    0.0,
                    0.0,
                    1.0
                ]
            ],
            "is_bad": false,
            "mask_path": "DSC09538.png"
        },
        {
            "file_path": "DSC09214.JPG",
            "transform_matrix": [
                [
                    -0.9186929161495921,
                    0.10690759054455197,
                    -0.3802290006042644,
                    1.1210385982252953
                ],
                [
                    0.3938712652591269,
                    0.31980896446593865,
                    -0.8617352567061413,
                    2.099283474173426
                ],
                [
                    0.02947460296142423,
                    -0.9414313534884968,
                    -0.3359140581295818,
                    -1.3286562245087477
                ],
                [
                    0.0,
                    0.0,
                    0.0,
                    1.0
                ]
            ],
            "is_bad": false,
            "mask_path": "DSC09214.png"
        },
        {
            "file_path": "DSC09342.JPG",
            "transform_matrix": [
                [
                    0.8655687348377159,
                    -0.016356723841232337,
                    -0.5005229493805626,
                    2.4795560632888765
                ],
                [
                    0.499639349785476,
                    -0.039511878221137345,
                    0.8653319199159273,
                    4.205700738394306
                ],
                [
                    -0.03393059706787747,
                    -0.9990852161175339,
                    -0.026027783578277765,
                    -0.969946962556429
                ],
                [
                    0.0,
                    0.0,
                    0.0,
                    1.0
                ]
            ],
            "is_bad": false,
            "mask_path": "DSC09342.png"
        },
        {
            "file_path": "DSC09609.JPG",
            "transform_matrix": [
                [
                    0.5684935970897246,
                    -0.326640260998609,
                    0.7550636860310173,
                    1.6014288609316212
                ],
                [
                    -0.8087167718410138,
                    -0.0534567251065627,
                    0.5857640834704115,
                    2.8062978332501567
                ],
                [
                    -0.15097090120627824,
                    -0.9436357975594407,
                    -0.29454926337256776,
                    -0.9571759525350906
                ],
                [
                    0.0,
                    0.0,
                    0.0,
                    1.0
                ]
            ],
            "is_bad": false,
            "mask_path": "DSC09609.png"
        },
        {
            "file_path": "DSC09429.JPG",
            "transform_matrix": [
                [
                    0.998952301568003,
                    0.031382403098866564,
                    -0.033308316795197475,
                    2.427632736046511
                ],
                [
                    0.017755624266642723,
                    0.4050371001777941,
                    0.914127827651289,
                    5.95516926500639
                ],
                [
                    0.04217863201777436,
                    -0.9137615073175839,
                    0.4040555292850299,
                    -1.8123109767928685
                ],
                [
                    0.0,
                    0.0,
                    0.0,
                    1.0
                ]
            ],
            "is_bad": false,
            "mask_path": "DSC09429.png"
        },
        {
            "file_path": "DSC09409.JPG",
            "transform_matrix": [
                [
                    -0.9789069476210517,
                    -0.16573130452534435,
                    -0.11947519658725765,
                    2.415800119382053
                ],
                [
                    0.19807350199870832,
                    -0.6265072815007348,
                    -0.7538272441564627,
                    4.091192874482447
                ],
                [
                    0.05008069194014744,
                    -0.7615915972008144,
                    0.6461193104743961,
                    -1.832593719783937
                ],
                [
                    0.0,
                    0.0,
                    0.0,
                    1.0
                ]
            ],
            "is_bad": false,
            "mask_path": "DSC09409.png"
        },
        {
            "file_path": "DSC09186.JPG",
            "transform_matrix": [
                [
                    -0.999658639400423,
                    -0.013475031358807895,
                    0.022383659262391997,
                    1.8428392204156936
                ],
                [
                    -0.021245962170260424,
                    -0.07935378044340814,
                    -0.9966200813854796,
                    1.9370713495284813
                ],
                [
                    0.015205714832115285,
                    -0.9967554369348677,
                    0.07904040218284454,
                    -1.28793470953543
                ],
                [
                    0.0,
                    0.0,
                    0.0,
                    1.0
                ]
            ],
            "is_bad": false,
            "mask_path": "DSC09186.png"
        },
        {
            "file_path": "DSC09368.JPG",
            "transform_matrix": [
                [
                    0.5592289696959009,
                    -0.11391696738475525,
                    -0.8211491240905775,
                    1.8065772344998043
                ],
                [
                    0.8285134888822312,
                    0.11118695092005516,
                    0.548819515583488,
                    3.79219935101787
                ],
                [
                    0.028781212501463736,
                    -0.9872488979416298,
                    0.156560708097478,
                    -1.799495859921977
                ],
                [
                    0.0,
                    0.0,
                    0.0,
                    1.0
                ]
            ],
            "is_bad": false,
            "mask_path": "DSC09368.png"
        },
        {
            "file_path": "DSC09458.JPG",
            "transform_matrix": [
                [
                    -0.42473345385780414,
                    -0.41167126773099905,
                    0.8063053146908882,
                    2.522240710520818
                ],
                [
                    -0.9040038645774898,
                    0.24083537700530522,
                    -0.3532355220128275,
                    5.451094403455143
                ],
                [
                    -0.04876992929031957,
                    -0.878934063799705,
                    -0.4744432584509469,
                    -1.5246070975079076
                ],
                [
                    0.0,
                    0.0,
                    0.0,
                    1.0
                ]
            ],
            "is_bad": false,
            "mask_path": "DSC09458.png"
        },
        {
            "file_path": "DSC09097.JPG",
            "transform_matrix": [
                [
                    0.8780102724550485,
                    0.08877853691299406,
                    0.47033640391426174,
                    1.4951073574250342
                ],
                [
                    -0.4752199612041499,
                    0.04439971237190526,
                    0.8787460691317017,
                    1.9504355446487334
                ],
                [
                    0.05713098928372795,
                    -0.9950613231981635,
                    0.08117273642413697,
                    -1.675322907728004
                ],
                [
                    0.0,
                    0.0,
                    0.0,
                    1.0
                ]
            ],
            "is_bad": false,
            "mask_path": "DSC09097.png"
        },
        {
            "file_path": "DSC09027.JPG",
            "transform_matrix": [
                [
                    0.5800268646225922,
                    -0.10509716330913989,
                    -0.8077892191533989,
                    2.3063891404866332
                ],
                [
                    0.8123409343093632,
                    0.1483838253243028,
                    0.5639897577328137,
                    1.3436053630002815
                ],
                [
                    0.060589130720584916,
                    -0.983329459869122,
                    0.17144133279937204,
                    -1.9017611482967745
                ],
                [
                    0.0,
                    0.0,
                    0.0,
                    1.0
                ]
            ],
            "is_bad": false,
            "mask_path": "DSC09027.png"
        },
        {
            "file_path": "DSC09131.JPG",
            "transform_matrix": [
                [
                    0.9999438403832019,
                    0.008754416816254574,
                    -0.005972961233766312,
                    1.4681421806412958
                ],
                [
                    0.0065648358977317,
                    -0.06921771016048209,
                    0.9975799775104625,
                    2.965406737697554
                ],
                [
                    0.008319796231198107,
                    -0.9975631653115234,
                    -0.0692712942301826,
                    -1.7609797784445937
                ],
                [
                    0.0,
                    0.0,
                    0.0,
                    1.0
                ]
            ],
            "is_bad": false,
            "mask_path": "DSC09131.png"
        },
        {
            "file_path": "DSC09103.JPG",
            "transform_matrix": [
                [
                    -0.35235732182110724,
                    0.05225696240724851,
                    0.934405440715658,
                    1.615988267000397
                ],
                [
                    -0.9358039510692674,
                    -0.00821878150115806,
                    -0.35242505131415175,
                    1.5510547283004081
                ],
                [
                    -0.010736988507161167,
                    -0.9985998505460546,
                    0.051798219729963374,
                    -1.7650765207264365
                ],
                [
                    0.0,
                    0.0,
                    0.0,
                    1.0
                ]
            ],
            "is_bad": false,
            "mask_path": "DSC09103.png"
        },
        {
            "file_path": "DSC09507.JPG",
            "transform_matrix": [
                [
                    -0.9341043145367629,
                    -0.2778372887593976,
                    0.2241775424493522,
                    2.157784472066565
                ],
                [
                    -0.3375913295464919,
                    0.4832185751345846,
                    -0.80779446820335,
                    5.653231636424298
                ],
                [
                    0.11610867228090917,
                    -0.8302446926176213,
                    -0.5451720156073998,
                    -1.7660103663141042
                ],
                [
                    0.0,
                    0.0,
                    0.0,
                    1.0
                ]
            ],
            "is_bad": false,
            "mask_path": "DSC09507.png"
        },
        {
            "file_path": "DSC09244.JPG",
            "transform_matrix": [
                [
                    -0.7319623566361683,
                    0.2814250379249853,
                    0.6205087078329736,
                    1.2287848595528887
                ],
                [
                    -0.6751533669365595,
                    -0.42208258022625733,
                    -0.6049910962847069,
                    4.272908495771496
                ],
                [
                    0.09164627423880023,
                    -0.8617692518873397,
                    0.49895362201278926,
                    -1.7934412377349889
                ],
                [
                    0.0,
                    0.0,
                    0.0,
                    1.0
                ]
            ],
            "is_bad": false,
            "mask_path": "DSC09244.png"
        },
        {
            "file_path": "DSC09383.JPG",
            "transform_matrix": [
                [
                    -0.994354994121905,
                    0.08703644663079439,
                    -0.06068609908958489,
                    2.4538108272806047
                ],
                [
                    0.10259294064389295,
                    0.6427427011328395,
                    -0.7591814728182583,
                    4.202498140225536
                ],
                [
                    -0.02707091049197939,
                    -0.7611218543034656,
                    -0.6480437398098903,
                    -1.4648684963842082
                ],
                [
                    0.0,
                    0.0,
                    0.0,
                    1.0
                ]
            ],
            "is_bad": false,
            "mask_path": "DSC09383.png"
        },
        {
            "file_path": "DSC09298.JPG",
            "transform_matrix": [
                [
                    0.7380973617076948,
                    -0.3900194723189283,
                    0.5505425468137818,
                    0.9505623423084243
                ],
                [
                    -0.6738233802041156,
                    -0.38467501713007146,
                    0.6308622539717199,
                    5.46574416064892
                ],
                [
                    -0.03426859977355528,
                    -0.8366062050977414,
                    -0.5467318544419337,
                    -1.6541010027917118
                ],
                [
                    0.0,
                    0.0,
                    0.0,
                    1.0
                ]
            ],
            "is_bad": false,
            "mask_path": "DSC09298.png"
        },
        {
            "file_path": "DSC09164.JPG",
            "transform_matrix": [
                [
                    -0.7499666744528584,
                    -0.2309538760458009,
                    0.6198469926921816,
                    1.6230900745153611
                ],
                [
                    -0.6608612126397044,
                    0.221228436534239,
                    -0.7171613740972085,
                    1.8805084142643749
                ],
                [
                    0.028503418014341805,
                    -0.9474799660193546,
                    -0.3185424134294565,
                    -1.035710296332275
                ],
                [
                    0.0,
                    0.0,
                    0.0,
                    1.0
                ]
            ],
            "is_bad": false,
            "mask_path": "DSC09164.png"
        },
        {
            "file_path": "DSC09482.JPG",
            "transform_matrix": [
                [
                    -0.5384464895768382,
                    0.4267827980714573,
                    -0.7265891694297942,
                    2.433834645586349
                ],
                [
                    0.8416568417462109,
                    0.230328089931485,
                    -0.4884288399862435,
                    5.72357106857717
                ],
                [
                    -0.041099131428456365,
                    -0.8745315398879634,
                    -0.4832240134109801,
                    -1.3459643327451072
                ],
                [
                    0.0,
                    0.0,
                    0.0,
                    1.0
                ]
            ],
            "is_bad": false,
            "mask_path": "DSC09482.png"
        },
        {
            "file_path": "DSC09457.JPG",
            "transform_matrix": [
                [
                    -0.8825149936447241,
                    -0.2678305553084065,
                    -0.3865670441662647,
                    2.550170159343087
                ],
                [
                    0.46993248315675484,
                    -0.4704360389232814,
                    -0.7468958391611905,
                    4.646188986828699
                ],
                [
                    0.018186458324221017,
                    -0.8408071877222287,
                    0.5410291358219611,
                    -1.7744061640461726
                ],
                [
                    0.0,
                    0.0,
                    0.0,
                    1.0
                ]
            ],
            "is_bad": false,
            "mask_path": "DSC09457.png"
        },
        {
            "file_path": "DSC09215.JPG",
            "transform_matrix": [
                [
                    -0.5916436442074509,
                    -0.22039918382583334,
                    -0.775488232043423,
                    0.8027956118485522
                ],
                [
                    0.8056880723785437,
                    -0.12738072884844054,
                    -0.5784815294760818,
                    4.427466871802774
                ],
                [
                    0.028714600743768255,
                    -0.9670565390332392,
                    0.25293699218813254,
                    -1.8308107559954931
                ],
                [
                    0.0,
                    0.0,
                    0.0,
                    1.0
                ]
            ],
            "is_bad": false,
            "mask_path": "DSC09215.png"
        },
        {
            "file_path": "DSC09573.JPG",
            "transform_matrix": [
                [
                    0.9715584770419861,
                    0.05576905025969248,
                    -0.23013895524440883,
                    2.4335253901116136
                ],
                [
                    0.22396380646880798,
                    0.09922168976700686,
                    0.9695335319996838,
                    5.943927406663764
                ],
                [
                    0.0769047402951116,
                    -0.993501318224043,
                    0.08390942502025481,
                    -1.527983002782102
                ],
                [
                    0.0,
                    0.0,
                    0.0,
                    1.0
                ]
            ],
            "is_bad": false,
            "mask_path": "DSC09573.png"
        },
        {
            "file_path": "DSC09430.JPG",
            "transform_matrix": [
                [
                    -0.8945314574263142,
                    0.30623604345770433,
                    -0.3256270218549505,
                    2.5818852203279556
                ],
                [
                    0.4417091008011703,
                    0.49376757379495034,
                    -0.7490571762810029,
                    4.717965296989457
                ],
                [
                    -0.06860424144450056,
                    -0.8138876266143986,
                    -0.5769578748052627,
                    -1.5103785147555324
                ],
                [
                    0.0,
                    0.0,
                    0.0,
                    1.0
                ]
            ],
            "is_bad": false,
            "mask_path": "DSC09430.png"
        },
        {
            "file_path": "DSC09314.JPG",
            "transform_matrix": [
                [
                    0.9149309609617079,
                    -0.2070344988669777,
                    0.34646508186624625,
                    1.061836422235149
                ],
                [
                    -0.403004961922238,
                    -0.5156153188671148,
                    0.7561268700526507,
                    4.413966316407477
                ],
                [
                    0.022098356041578955,
                    -0.831431030951132,
                    -0.5551883495101425,
                    -1.6413276494759623
                ],
                [
                    0.0,
                    0.0,
                    0.0,
                    1.0
                ]
            ],
            "is_bad": false,
            "mask_path": "DSC09314.png"
        },
        {
            "file_path": "DSC09283.JPG",
            "transform_matrix": [
                [
                    0.8628085054492538,
                    0.29993725036962154,
                    -0.40693872851466906,
                    0.836706129959808
                ],
                [
                    0.504040038811794,
                    -0.5721804198443007,
                    0.6469568814236423,
                    5.6894495689168005
                ],
                [
                    -0.038795904410516675,
                    -0.7633133124657986,
                    -0.6448625162105945,
                    -1.6150585565946858
                ],
                [
                    0.0,
                    0.0,
                    0.0,
                    1.0
                ]
            ],
            "is_bad": false,
            "mask_path": "DSC09283.png"
        },
        {
            "file_path": "DSC09526.JPG",
            "transform_matrix": [
                [
                    -0.8984346209651243,
                    0.13394220174444657,
                    0.41818024635688233,
                    2.3217947697744328
                ],
                [
                    -0.43590978784547163,
                    -0.157337015968762,
                    -0.8861307579959973,
                    5.522266467458341
                ],
                [
                    -0.05289507266058601,
                    -0.978419414156268,
                    0.19974373905165593,
                    -1.8462282859235015
                ],
                [
                    0.0,
                    0.0,
                    0.0,
                    1.0
                ]
            ],
            "is_bad": false,
            "mask_path": "DSC09526.png"
        },
        {
            "file_path": "DSC09045.JPG",
            "transform_matrix": [
                [
                    -0.15906610020179077,
                    0.206061352068083,
                    -0.9655240519792698,
                    2.325850345233295
                ],
                [
                    0.987145434870791,
                    0.048601632329269485,
                    -0.1522556131927087,
                    1.4668020069631864
                ],
                [
                    0.01555204746491835,
                    -0.9773313667936809,
                    -0.21114339511536911,
                    -1.7170101904810118
                ],
                [
                    0.0,
                    0.0,
                    0.0,
                    1.0
                ]
            ],
            "is_bad": false,
            "mask_path": "DSC09045.png"
        },
        {
            "file_path": "DSC09118.JPG",
            "transform_matrix": [
                [
                    -0.34233578061337716,
                    -0.2723710383255069,
                    0.8992331348395229,
                    1.8007320721862738
                ],
                [
                    -0.9394969476690979,
                    0.11177583295030331,
                    -0.3238080426560091,
                    1.4260519426568259
                ],
                [
                    -0.012316599866832678,
                    -0.9556778644761799,
                    -0.2941566261670298,
                    -1.6481383329869965
                ],
                [
                    0.0,
                    0.0,
                    0.0,
                    1.0
                ]
            ],
            "is_bad": false,
            "mask_path": "DSC09118.png"
        },
        {
            "file_path": "DSC09079.JPG",
            "transform_matrix": [
                [
                    0.9978438116054846,
                    -0.06549900696117146,
                    -0.004196156305264592,
                    1.5910081110277574
                ],
                [
                    -0.04037319804533123,
                    -0.6629574787869674,
                    0.7475676465712113,
                    1.9023705296024744
                ],
                [
                    -0.05174681169144849,
                    -0.7457863376380178,
                    -0.6641724219449657,
                    -1.4872169167485718
                ],
                [
                    0.0,
                    0.0,
                    0.0,
                    1.0
                ]
            ],
            "is_bad": false,
            "mask_path": "DSC09079.png"
        },
        {
            "file_path": "DSC09235.JPG",
            "transform_matrix": [
                [
                    -0.47043633074975993,
                    0.21491945547030122,
                    -0.8558617215245998,
                    0.8525915772361106
                ],
                [
                    0.882232238351648,
                    0.13528601975371818,
                    -0.4509589454398678,
                    4.027580967986986
                ],
                [
                    0.018866274771230665,
                    -0.967216273911655,
                    -0.25325233099955985,
                    -1.546030814255078
                ],
                [
                    0.0,
                    0.0,
                    0.0,
                    1.0
                ]
            ],
            "is_bad": false,
            "mask_path": "DSC09235.png"
        },
        {
            "file_path": "DSC09394.JPG",
            "transform_matrix": [
                [
                    -0.993031511847648,
                    -0.04953875712472668,
                    -0.10693141736698968,
                    2.453648844644594
                ],
                [
                    0.1071882737993153,
                    -0.002550033696410371,
                    -0.9942354707452714,
                    4.17278093465347
                ],
                [
                    0.048980510792548324,
                    -0.998768946689216,
                    0.007842237679171169,
                    -1.6591110250997794
                ],
                [
                    0.0,
                    0.0,
                    0.0,
                    1.0
                ]
            ],
            "is_bad": false,
            "mask_path": "DSC09394.png"
        },
        {
            "file_path": "DSC09481.JPG",
            "transform_matrix": [
                [
                    -0.4945420621196601,
                    0.30688512471077173,
                    0.8131725948565212,
                    2.5857666122710268
                ],
                [
                    -0.8690227710580473,
                    -0.1583504546442433,
                    -0.46874786068477564,
                    5.411613109476653
                ],
                [
                    -0.015085495584385631,
                    -0.9384810353679053,
                    0.34500112184999937,
                    -1.7044894659868768
                ],
                [
                    0.0,
                    0.0,
                    0.0,
                    1.0
                ]
            ],
            "is_bad": false,
            "mask_path": "DSC09481.png"
        },
        {
            "file_path": "DSC09589.JPG",
            "transform_matrix": [
                [
                    0.7523758853968598,
                    0.23287900310781232,
                    -0.6161963136734938,
                    2.407598816106436
                ],
                [
                    0.6582422812701416,
                    -0.2296474369563754,
                    0.7169233946856856,
                    4.810837861747299
                ],
                [
                    0.025448501361986592,
                    -0.9450023410610573,
                    -0.3260719999747752,
                    -1.4944446080266893
                ],
                [
                    0.0,
                    0.0,
                    0.0,
                    1.0
                ]
            ],
            "is_bad": false,
            "mask_path": "DSC09589.png"
        },
        {
            "file_path": "DSC09505.JPG",
            "transform_matrix": [
                [
                    -0.5400324559275463,
                    -0.36443981355788296,
                    -0.7586491737547457,
                    2.405295527850011
                ],
                [
                    0.8405766447453186,
                    -0.18815680291930248,
                    -0.507964488742953,
                    5.669546386372262
                ],
                [
                    0.04237748050044377,
                    -0.9120200873934095,
                    0.4079503760720809,
                    -1.526970575733323
                ],
                [
                    0.0,
                    0.0,
                    0.0,
                    1.0
                ]
            ],
            "is_bad": false,
            "mask_path": "DSC09505.png"
        },
        {
            "file_path": "DSC09192.JPG",
            "transform_matrix": [
                [
                    -0.3463771478614505,
                    0.44166135892338404,
                    -0.8276219641075969,
                    1.2191974417671174
                ],
                [
                    0.9380712911138562,
                    0.16938988842925812,
                    -0.30220740971376975,
                    1.9461529217425397
                ],
                [
                    0.006717456910889818,
                    -0.8810461450638513,
                    -0.472982627631055,
                    -1.2825993633891113
                ],
                [
                    0.0,
                    0.0,
                    0.0,
                    1.0
                ]
            ],
            "is_bad": false,
            "mask_path": "DSC09192.png"
        },
        {
            "file_path": "DSC09299.JPG",
            "transform_matrix": [
                [
                    0.8736670633552759,
                    0.21786784555293295,
                    0.43501662529412916,
                    1.0750580483852754
                ],
                [
                    -0.4777476625585971,
                    0.2151072128590492,
                    0.8517546934979634,
                    4.40179418099584
                ],
                [
                    0.09199474619763023,
                    -0.9519781976758374,
                    0.2920179409246943,
                    -1.826999707284227
                ],
                [
                    0.0,
                    0.0,
                    0.0,
                    1.0
                ]
            ],
            "is_bad": false,
            "mask_path": "DSC09299.png"
        },
        {
            "file_path": "DSC09176.JPG",
            "transform_matrix": [
                [
                    -0.8751251876286317,
                    -0.00026989845667177274,
                    0.48389651076730705,
                    1.6818060804145072
                ],
                [
                    -0.4831758041043963,
                    -0.05407317584261217,
                    -0.8738519519817775,
                    1.9176977986537822
                ],
                [
                    0.02640167240954619,
                    -0.9985369391310049,
                    0.04719038975111373,
                    -1.213747171004457
                ],
                [
                    0.0,
                    0.0,
                    0.0,
                    1.0
                ]
            ],
            "is_bad": false,
            "mask_path": "DSC09176.png"
        },
        {
            "file_path": "DSC09284.JPG",
            "transform_matrix": [
                [
                    0.7029362984463394,
                    0.13070110049899583,
                    0.699140745955283,
                    0.9487020809284912
                ],
                [
