{
    "fl_x": 623.5195448383981,
    "fl_y": 623.855733446002,
    "cx": 876.0,
    "cy": 584.0,
    "w": 1752,
    "h": 1168,
    "k1": 0.0,
    "k2": 0.0,
    "k3": 0.0,
    "k4": 0.0,
    "camera_model": "PINHOLE",
    "has_mask": true,
    "aabb_range": [
        [
            0.001769338734447956,
            0.02964211441576481,
            -3.578871488571167
        ],
        [
            2.069913864135742,
            5.208929538726807,
            -0.016683993861079216
        ]
    ],
    "frames": [
        {
            "file_path": "DSC09769.JPG",
            "transform_matrix": [
                [
                    -0.9971575263241578,
                    -0.026208798195341162,
                    -0.07063969558429885,
                    0.7696588498196864
                ],
                [
                    0.060949303531953374,
                    0.27059294656385835,
                    -0.9607625303210251,
                    2.6173920969052813
                ],
                [
                    0.044295034643358475,
                    -0.9623370283674243,
                    -0.2682263852399666,
                    -1.4020028673096303
                ],
                [
                    0.0,
                    0.0,
                    0.0,
                    1.0
                ]
            ],
            "is_bad": false,
            "mask_path": "DSC09769.png"
        },
        {
            "file_path": "DSC09620.JPG",
            "transform_matrix": [
                [
                    -0.47196375913246075,
                    -0.29946312836708894,
                    -0.8291996411083122,
                    0.694564242823131
                ],
                [
                    0.881600761483684,
                    -0.1661840959831074,
                    -0.44177250207959545,
                    0.4289195031425119
                ],
                [
                    -0.005505217247789786,
                    -0.9395236457859241,
                    0.3424397926529287,
                    -1.7816646829138003
                ],
                [
                    0.0,
                    0.0,
                    0.0,
                    1.0
                ]
            ],
            "is_bad": true,
            "mask_path": "DSC09620.png"
        },
        {
            "file_path": "DSC09711.JPG",
            "transform_matrix": [
                [
                    0.19898206345031194,
                    -0.28048598124718294,
                    -0.9390067905765441,
                    0.6046960057455266
                ],
                [
                    0.9797732174054713,
                    0.07769107249923209,
                    0.18441404422887706,
                    4.489384482647491
                ],
                [
                    0.021226890492655467,
                    -0.9567087914186452,
                    0.2902717822012481,
                    -1.7510320398265309
                ],
                [
                    0.0,
                    0.0,
                    0.0,
                    1.0
                ]
            ],
            "is_bad": false,
            "mask_path": "DSC09711.png"
        },
        {
            "file_path": "DSC09782.JPG",
            "transform_matrix": [
                [
                    0.8386591308164296,
                    -0.3154990902386571,
                    -0.4439720558287537,
                    0.6663102529473376
                ],
                [
                    0.5444613275665777,
                    0.4638011748992145,
                    0.698892218404632,
                    1.5530012264054813
                ],
                [
                    -0.014585097965742137,
                    -0.827857955340581,
                    0.560748143730001,
                    -1.9125850840352463
                ],
                [
                    0.0,
                    0.0,
                    0.0,
                    1.0
                ]
            ],
            "is_bad": false,
            "mask_path": "DSC09782.png"
        },
        {
            "file_path": "DSC09670.JPG",
            "transform_matrix": [
                [
                    0.8486178153094937,
                    -0.16016808947392674,
                    -0.504176543141006,
                    0.994580042412874
                ],
                [
                    0.5289762911910928,
                    0.267096098128647,
                    0.8055083846380299,
                    3.5168692888307405
                ],
                [
                    0.005646848418249989,
                    -0.9502662034812795,
                    0.31138762920870333,
                    -1.7870465483180404
                ],
                [
                    0.0,
                    0.0,
                    0.0,
                    1.0
                ]
            ],
            "is_bad": false,
            "mask_path": "DSC09670.png"
        },
        {
            "file_path": "DSC09763.JPG",
            "transform_matrix": [
                [
                    -0.9953988914628422,
                    -0.002410308361822673,
                    -0.09578745892937068,
                    0.9059496845619494
                ],
                [
                    0.07852774474571081,
                    0.5523010209844013,
                    -0.8299379347425568,
                    4.0588216449836025
                ],
                [
                    0.054903917708096626,
                    -0.8336412733503475,
                    -0.5495705479618732,
                    -1.2877744962767295
                ],
                [
                    0.0,
                    0.0,
                    0.0,
                    1.0
                ]
            ],
            "is_bad": false,
            "mask_path": "DSC09763.png"
        },
        {
            "file_path": "DSC09773.JPG",
            "transform_matrix": [
                [
                    -0.9453238120337393,
                    0.127682862197005,
                    -0.30009994519023114,
                    0.580366418909038
                ],
                [
                    0.3258464708073104,
                    0.40835350482990324,
                    -0.8526848729487082,
                    1.9146347127580179
                ],
                [
                    0.013673619287512031,
                    -0.9038498225890818,
                    -0.4276313018726124,
                    -1.3335851958214127
                ],
                [
                    0.0,
                    0.0,
                    0.0,
                    1.0
                ]
            ],
            "is_bad": false,
            "mask_path": "DSC09773.png"
        },
        {
            "file_path": "DSC09628.JPG",
            "transform_matrix": [
                [
                    -0.9318303314646424,
                    0.12906738334331114,
                    -0.3391663956222746,
                    0.7676183108486397
                ],
                [
                    0.36279866944033806,
                    0.3098797344839666,
                    -0.87883540871341,
                    1.0197941505197714
                ],
                [
                    -0.008328193970774847,
                    -0.9419746072549179,
                    -0.3355808106434693,
                    -1.4388841220789446
                ],
                [
                    0.0,
                    0.0,
                    0.0,
                    1.0
                ]
            ],
            "is_bad": false,
            "mask_path": "DSC09628.png"
        },
        {
            "file_path": "DSC09643.JPG",
            "transform_matrix": [
                [
                    0.20330688720111376,
                    -0.3621586009117015,
                    -0.9096743688827736,
                    0.6007950837912084
                ],
                [
                    0.9791081570030074,
                    0.07868923862867169,
                    0.1874972549511436,
                    2.2732317089937877
                ],
                [
                    0.003677839959512118,
                    -0.9287890780525571,
                    0.3705905044432646,
                    -1.8364678461794262
                ],
                [
                    0.0,
                    0.0,
                    0.0,
                    1.0
                ]
            ],
            "is_bad": true,
            "mask_path": "DSC09643.png"
        },
        {
            "file_path": "DSC09785.JPG",
            "transform_matrix": [
                [
                    0.22474036603377892,
                    -0.6839334625366548,
                    -0.6940654052015743,
                    0.6492414577538465
                ],
                [
                    0.9703125142231415,
                    0.22239967873385716,
                    0.09503687516455542,
                    1.0043201941513882
                ],
                [
                    0.08936102403715625,
                    -0.6948189704676316,
                    0.7136113827997219,
                    -1.9884592358364213
                ],
                [
                    0.0,
                    0.0,
                    0.0,
                    1.0
                ]
            ],
            "is_bad": false,
            "mask_path": "DSC09785.png"
        },
        {
            "file_path": "DSC09663.JPG",
            "transform_matrix": [
                [
                    0.998724454713892,
                    0.004597271792687791,
                    0.050282488487572184,
                    0.989687208940405
                ],
                [
                    -0.050042787266135084,
                    -0.04244951816734282,
                    0.9978445559554837,
                    3.051100431661205
                ],
                [
                    0.006721830039133794,
                    -0.9990880359104618,
                    -0.042165311590220605,
                    -1.5917569141067218
                ],
                [
                    0.0,
                    0.0,
                    0.0,
                    1.0
                ]
            ],
            "is_bad": false,
            "mask_path": "DSC09663.png"
        },
        {
            "file_path": "DSC09738.JPG",
            "transform_matrix": [
                [
                    -0.37953405059813367,
                    0.4256352788146622,
                    -0.8214551198117515,
                    0.9008339184676377
                ],
                [
                    0.9240305604966935,
                    0.13018852513719195,
                    -0.3594697083076253,
                    1.4946679528046798
                ],
                [
                    -0.046058959006254105,
                    -0.895480629243854,
                    -0.4427109835369941,
                    -1.390618893169561
                ],
                [
                    0.0,
                    0.0,
                    0.0,
                    1.0
                ]
            ],
            "is_bad": false,
            "mask_path": "DSC09738.png"
        },
        {
            "file_path": "DSC09725.JPG",
            "transform_matrix": [
                [
                    0.8034834148478837,
                    0.14147017732721862,
                    0.5782738027884273,
                    1.063189423711226
                ],
                [
                    -0.5952714646383325,
                    0.20420147603645067,
                    0.777144542908119,
                    4.1373689748751925
                ],
                [
                    -0.008141587788516305,
                    -0.9686526447140585,
                    0.2482856589429639,
                    -1.741323380250842
                ],
                [
                    0.0,
                    0.0,
                    0.0,
                    1.0
                ]
            ],
            "is_bad": false,
            "mask_path": "DSC09725.png"
        },
        {
            "file_path": "DSC09797.JPG",
            "transform_matrix": [
                [
                    -0.7707606082045688,
                    0.4502087079879803,
                    0.4508216987811422,
                    1.0480715201203532
                ],
                [
                    -0.6255975061415305,
                    -0.4007944862473383,
                    -0.6693217015032665,
                    0.6913723193932685
                ],
                [
                    -0.12064760730996252,
                    -0.7979197322071463,
                    0.5905660469455187,
                    -1.9848923550093207
                ],
                [
                    0.0,
                    0.0,
                    0.0,
                    1.0
                ]
            ],
            "is_bad": false,
            "mask_path": "DSC09797.png"
        },
        {
            "file_path": "DSC09765.JPG",
            "transform_matrix": [
                [
                    -0.9986871909362718,
                    0.01818226734764732,
                    -0.04788841001658906,
                    0.8907259371834857
                ],
                [
                    0.05122334367319989,
                    0.3498788282128999,
                    -0.9353934865238825,
                    3.6191107088420535
                ],
                [
                    -0.00025243366564223587,
                    -0.9366184979608646,
                    -0.350350860645122,
                    -1.354311961428951
                ],
                [
                    0.0,
                    0.0,
                    0.0,
                    1.0
                ]
            ],
            "is_bad": false,
            "mask_path": "DSC09765.png"
        },
        {
            "file_path": "DSC09734.JPG",
            "transform_matrix": [
                [
                    0.32005979868867473,
                    0.23642300360923227,
                    -0.9174235056001964,
                    0.8798533284523107
                ],
                [
                    0.9470545789949381,
                    -0.10588825344518882,
                    0.30310938980349666,
                    2.1878254212440185
                ],
                [
                    -0.025482340318062888,
                    -0.9658632621374085,
                    -0.2577960612290227,
                    -1.4757714200813623
                ],
                [
                    0.0,
                    0.0,
                    0.0,
                    1.0
                ]
            ],
            "is_bad": false,
            "mask_path": "DSC09734.png"
        },
        {
            "file_path": "DSC09616.JPG",
            "transform_matrix": [
                [
                    -0.3925925721015402,
                    0.3659684898266327,
                    -0.8437642661221861,
                    0.7235747413866569
                ],
                [
                    0.9186420843785746,
                    0.11178779614173624,
                    -0.3789461827784541,
                    0.4019781514907864
                ],
                [
                    -0.04435981446404924,
                    -0.923888820739697,
                    -0.38008111472806394,
                    -1.392832601481997
                ],
                [
                    0.0,
                    0.0,
                    0.0,
                    1.0
                ]
            ],
            "is_bad": false,
            "mask_path": "DSC09616.png"
        },
        {
            "file_path": "DSC09677.JPG",
            "transform_matrix": [
                [
                    0.9941627140205915,
                    -0.0048898830512797715,
                    -0.10778027229023118,
                    0.7602955752108739
                ],
                [
                    0.10712608297623578,
                    0.16349311795179994,
                    0.9807109679862703,
                    3.90342844056341
                ],
                [
                    0.012825770829863595,
                    -0.9865323559955569,
                    0.1630625958841457,
                    -1.690992192476978
                ],
                [
                    0.0,
                    0.0,
                    0.0,
                    1.0
                ]
            ],
            "is_bad": false,
            "mask_path": "DSC09677.png"
        },
        {
            "file_path": "DSC09624.JPG",
            "transform_matrix": [
                [
                    -0.9426788542788203,
                    -0.07464784325492554,
                    -0.32524494952721145,
                    0.5284138145424061
                ],
                [
                    0.3300737740382436,
                    -0.06525989342776813,
                    -0.9416965806468379,
                    0.8148487986911284
                ],
                [
                    0.04907016800175877,
                    -0.9950722816997689,
                    0.086158416913815,
                    -1.677295963189779
                ],
                [
                    0.0,
                    0.0,
                    0.0,
                    1.0
                ]
            ],
            "is_bad": false,
            "mask_path": "DSC09624.png"
        },
        {
            "file_path": "DSC09659.JPG",
            "transform_matrix": [
                [
                    0.9433407466671251,
                    0.09259411916940807,
                    0.31864488819491676,
                    0.9063640654124315
                ],
                [
                    -0.33167211865791135,
                    0.2923167729529609,
                    0.8969640516516468,
                    2.5874431942710308
                ],
                [
                    -0.010091649145787026,
                    -0.9518283633857565,
                    0.3064652105409522,
                    -1.7577753597080423
                ],
                [
                    0.0,
                    0.0,
                    0.0,
                    1.0
                ]
            ],
            "is_bad": false,
            "mask_path": "DSC09659.png"
        },
        {
            "file_path": "DSC09692.JPG",
            "transform_matrix": [
                [
                    0.9892783124252379,
                    0.019253927916414657,
                    -0.14476776859806453,
                    0.5762951368405788
                ],
                [
                    0.13879563299424322,
                    -0.43233389900549846,
                    0.8909675482487737,
                    4.143409570515966
                ],
                [
                    -0.04543338889848046,
                    -0.901508006636931,
                    -0.43037091112516723,
                    -1.4442905748932906
                ],
                [
                    0.0,
                    0.0,
                    0.0,
                    1.0
                ]
            ],
            "is_bad": false,
            "mask_path": "DSC09692.png"
        },
        {
            "file_path": "DSC09602.JPG",
            "transform_matrix": [
                [
                    0.7364156043544386,
                    -0.08258105708310447,
                    -0.6714703468317297,
                    0.5909597551278335
                ],
                [
                    0.6765267790385874,
                    0.08711688836817204,
                    0.7312469931594398,
                    1.9107263107080232
                ],
                [
                    -0.0018907424364705183,
                    -0.9927693673618683,
                    0.12002253255516002,
                    -1.7485403860311899
                ],
                [
                    0.0,
                    0.0,
                    0.0,
                    1.0
                ]
            ],
            "is_bad": true,
            "mask_path": "DSC09602.png"
        },
        {
            "file_path": "DSC09608.JPG",
            "transform_matrix": [
                [
                    0.7041124616557051,
                    0.23821590897666023,
                    -0.6689385786838475,
                    0.5916441273765276
                ],
                [
                    0.7100713132822691,
                    -0.2427548060019934,
                    0.6609605390766742,
                    1.3353142799431073
                ],
                [
                    -0.004936739281793162,
                    -0.9403846472977734,
                    -0.34007696736460336,
                    -1.4957529989318854
                ],
                [
                    0.0,
                    0.0,
                    0.0,
                    1.0
                ]
            ],
            "is_bad": false,
            "mask_path": "DSC09608.png"
        },
        {
            "file_path": "DSC09756.JPG",
            "transform_matrix": [
                [
                    -0.4362218912374898,
                    0.32898109088176747,
                    -0.8375451650194327,
                    0.9649517333675427
                ],
                [
                    0.8984661645132165,
                    0.21063662261936886,
                    -0.3852152183343947,
                    4.367103551785812
                ],
                [
                    0.04968916209896771,
                    -0.9205453030968908,
                    -0.387462684804814,
                    -1.499407091806269
                ],
                [
                    0.0,
                    0.0,
                    0.0,
                    1.0
                ]
            ],
            "is_bad": false,
            "mask_path": "DSC09756.png"
        },
        {
            "file_path": "DSC09791.JPG",
            "transform_matrix": [
                [
                    -0.8934697777733557,
                    -0.26899573938715654,
                    -0.3596568481166281,
                    0.6710959413435421
                ],
                [
                    0.4490922425479999,
                    -0.5445137758701157,
                    -0.7083931857174219,
                    0.6851596642473377
                ],
                [
                    -0.005283359616648795,
                    -0.7944470026875463,
                    0.6073105021584387,
                    -1.972196077043161
                ],
                [
                    0.0,
                    0.0,
                    0.0,
                    1.0
                ]
            ],
            "is_bad": false,
            "mask_path": "DSC09791.png"
        },
        {
            "file_path": "DSC09706.JPG",
            "transform_matrix": [
                [
                    0.1292678646034031,
                    0.4380412689650139,
                    -0.8896120872967027,
                    0.6556493776323816
                ],
                [
                    0.9905551555030363,
                    -0.01567893045271975,
                    0.13621547285904886,
                    4.497580873718452
                ],
                [
                    0.045719832537223344,
                    -0.898818122771998,
                    -0.43593081915527504,
                    -1.4367544962070329
                ],
                [
                    0.0,
                    0.0,
                    0.0,
                    1.0
                ]
            ],
            "is_bad": false,
            "mask_path": "DSC09706.png"
        },
        {
            "file_path": "DSC09777.JPG",
            "transform_matrix": [
                [
                    0.9995101769806662,
                    -0.02111890370762842,
                    -0.023095411194971122,
                    0.7752345583746757
                ],
                [
                    0.02361806379383191,
                    0.02484297086775051,
                    0.9994123342550332,
                    1.677850181090771
                ],
                [
                    -0.020532734223852513,
                    -0.9994682679828567,
                    0.025329589823773768,
                    -1.5921128989162259
                ],
                [
                    0.0,
                    0.0,
                    0.0,
                    1.0
                ]
            ],
            "is_bad": false,
            "mask_path": "DSC09777.png"
        },
        {
            "file_path": "DSC09729.JPG",
            "transform_matrix": [
                [
                    0.9038912421698685,
                    -0.21080737110268338,
                    -0.37221079325751566,
                    0.7867553113386492
                ],
                [
                    0.42190393502298806,
                    0.2958346237919242,
                    0.8570174706375652,
                    3.1503546222535554
                ],
                [
                    -0.07055275997954594,
                    -0.9316877844292408,
                    0.35634278497621097,
                    -1.7880188856416104
                ],
                [
                    0.0,
                    0.0,
                    0.0,
                    1.0
                ]
            ],
            "is_bad": true,
            "mask_path": "DSC09729.png"
        },
        {
            "file_path": "DSC09750.JPG",
            "transform_matrix": [
                [
                    -0.9498592898575797,
                    0.023546056523908367,
                    -0.31178985341641074,
                    0.7934528121471391
                ],
                [
                    0.3066666968909841,
                    0.26473758129091624,
                    -0.9142590169477184,
                    3.392692072799915
                ],
                [
                    0.06101529717396585,
                    -0.9640329850551839,
                    -0.25868424234259835,
                    -1.5157646747024445
                ],
                [
                    0.0,
                    0.0,
                    0.0,
                    1.0
                ]
            ],
            "is_bad": false,
            "mask_path": "DSC09750.png"
        },
        {
            "file_path": "DSC09683.JPG",
            "transform_matrix": [
                [
                    0.8702910094345004,
                    -0.19378319038330882,
                    -0.45281523165894577,
                    0.587698175300785
                ],
                [
                    0.49016311277112645,
                    0.2505846756024111,
                    0.8348337817983617,
                    4.19680089248155
                ],
                [
                    -0.0483081957435623,
                    -0.9485016581314454,
                    0.3130669620798415,
                    -1.7649806088711648
                ],
                [
                    0.0,
                    0.0,
                    0.0,
                    1.0
                ]
            ],
            "is_bad": false,
            "mask_path": "DSC09683.png"
        },
        {
            "file_path": "DSC09647.JPG",
            "transform_matrix": [
                [
                    -0.6307013174342726,
                    -0.008448358178738694,
                    -0.775979686223007,
                    0.6102193463803477
                ],
                [
                    0.77459257575504,
                    0.05388837640358512,
                    -0.6301606021275515,
                    2.7002920489732656
                ],
                [
                    0.047140107889624416,
                    -0.998511225842088,
                    -0.02744343446956473,
                    -1.624504530363601
                ],
                [
                    0.0,
                    0.0,
                    0.0,
                    1.0
                ]
            ],
            "is_bad": false,
            "mask_path": "DSC09647.png"
        },
        {
            "file_path": "DSC09640.JPG",
            "transform_matrix": [
                [
                    0.0033552977369160067,
                    0.2848844048865654,
                    -0.9585560066211699,
                    0.6830654832271554
                ],
                [
                    0.9999334927698121,
                    -0.011532769391858308,
                    7.25762918212165e-05,
                    2.382023977741192
                ],
                [
                    -0.011034129519838195,
                    -0.9584924992312571,
                    -0.28490415388891366,
                    -1.5484437924947425
                ],
                [
                    0.0,
                    0.0,
                    0.0,
                    1.0
                ]
            ],
            "is_bad": true,
            "mask_path": "DSC09640.png"
        },
        {
            "file_path": "DSC09780.JPG",
            "transform_matrix": [
                [
                    0.9948511892804093,
                    -0.04940748639398044,
                    -0.08848735206561067,
                    0.818835520076506
                ],
                [
                    0.10134354114487733,
                    0.4783250191309701,
                    0.8723156898403084,
                    1.7969376551744896
                ],
                [
                    -0.0007732112074083501,
                    -0.8767919230704543,
                    0.4808693437752538,
                    -1.8569756993845454
                ],
                [
                    0.0,
                    0.0,
                    0.0,
                    1.0
                ]
            ],
            "is_bad": false,
            "mask_path": "DSC09780.png"
        },
        {
            "file_path": "DSC09696.JPG",
            "transform_matrix": [
                [
                    0.6815736450905692,
                    -0.4268253347546414,
                    0.5943715167549198,
                    0.7234640438206713
                ],
                [
                    -0.7256824657330749,
                    -0.289882039553782,
                    0.6239818603707213,
                    3.812156290851078
                ],
                [
                    -0.0940336389039662,
                    -0.856614578883484,
                    -0.5073156197070534,
                    -1.44076720242792
                ],
                [
                    0.0,
                    0.0,
                    0.0,
                    1.0
                ]
            ],
            "is_bad": false,
            "mask_path": "DSC09696.png"
        },
        {
            "file_path": "DSC09747.JPG",
            "transform_matrix": [
                [
                    -0.9975161709300004,
                    -0.05846573825610429,
                    0.0392841721730244,
                    0.8516474274521392
                ],
                [
                    -0.053863222303405414,
                    0.27375389942081296,
                    -0.960290349756257,
                    2.8362194124271993
                ],
                [
                    0.045389888920828514,
                    -0.9600211247686526,
                    -0.2762230945842274,
                    -1.53571230609504
                ],
                [
                    0.0,
                    0.0,
                    0.0,
                    1.0
                ]
            ],
            "is_bad": false,
            "mask_path": "DSC09747.png"
        },
        {
            "file_path": "DSC09742.JPG",
            "transform_matrix": [
                [
                    -0.8249514947467763,
                    0.09305835934150909,
                    -0.5574900654466645,
                    0.8443416257932392
                ],
                [
                    0.564749693466663,
                    0.09619652874952193,
                    -0.8196365118672134,
                    1.9215965110735993
                ],
                [
                    -0.022645419942447242,
                    -0.9910027091856051,
                    -0.13191215009399723,
                    -1.5458934106410929
                ],
                [
                    0.0,
                    0.0,
                    0.0,
                    1.0
                ]
            ],
            "is_bad": true,
            "mask_path": "DSC09742.png"
        },
        {
            "file_path": "DSC09720.JPG",
            "transform_matrix": [
                [
                    0.7394423030563578,
                    -0.24488708891427963,
                    0.6271007846700557,
                    1.1227900678269214
                ],
                [
                    -0.6732132875818836,
                    -0.27311249528447584,
                    0.6871633243579581,
                    4.173103123654518
                ],
                [
                    0.0029916339854122783,
                    -0.9302902120320182,
                    -0.3668121747209609,
                    -1.4620829459465245
                ],
                [
                    0.0,
                    0.0,
                    0.0,
                    1.0
                ]
            ],
            "is_bad": false,
            "mask_path": "DSC09720.png"
        },
        {
            "file_path": "DSC09645.JPG",
            "transform_matrix": [
                [
                    -0.4433979858706368,
                    -0.2871637333767839,
                    -0.8490790401128564,
                    0.6243963507412358
                ],
                [
                    0.8960023787866501,
                    -0.11659651505277899,
                    -0.4284681900517367,
                    2.5232089364507413
                ],
                [
                    0.024040868006932142,
                    -0.9507587721975821,
                    0.3089980481407914,
                    -1.8210910885070266
                ],
                [
                    0.0,
                    0.0,
                    0.0,
                    1.0
                ]
            ],
            "is_bad": true,
            "mask_path": "DSC09645.png"
        },
        {
            "file_path": "DSC09613.JPG",
            "transform_matrix": [
                [
                    0.43006928943905826,
                    -0.07131908417229701,
                    -0.8999744410338595,
                    0.6626203474923446
                ],
                [
                    0.9027926082305646,
                    0.03128947570779111,
                    0.42893644661439717,
                    1.025002707942947
                ],
                [
                    -0.002431626130296161,
                    -0.996962665771771,
                    0.07784298460109365,
                    -1.7099890670375517
                ],
                [
                    0.0,
                    0.0,
                    0.0,
                    1.0
                ]
            ],
            "is_bad": false,
            "mask_path": "DSC09613.png"
        },
        {
            "file_path": "DSC09631.JPG",
            "transform_matrix": [
                [
                    -0.687094172996292,
                    -0.1535088505737326,
                    -0.7101666214558899,
                    0.6997619440103151
                ],
                [
                    0.726365875771303,
                    -0.12205353859601202,
                    -0.6763841720732233,
                    1.3847110750631737
                ],
                [
                    0.01715260765976051,
                    -0.9805804232757882,
                    0.19536586584853316,
                    -1.7322618803794916
                ],
                [
                    0.0,
                    0.0,
                    0.0,
                    1.0
                ]
            ],
            "is_bad": false,
            "mask_path": "DSC09631.png"
        },
        {
            "file_path": "DSC09767.JPG",
            "transform_matrix": [
                [
                    -0.9983932816996325,
                    -0.04303348411443306,
                    0.0368642686352476,
                    0.8916666932957438
                ],
                [
                    -0.047984042012809355,
                    0.2960375876475856,
                    -0.9539702712411493,
                    3.0957902963785315
                ],
                [
                    0.030139455355926523,
                    -0.9542064063633044,
                    -0.29762685914762044,
                    -1.3767880261226106
                ],
                [
                    0.0,
                    0.0,
                    0.0,
                    1.0
                ]
            ],
            "is_bad": false,
            "mask_path": "DSC09767.png"
        },
        {
            "file_path": "DSC09651.JPG",
            "transform_matrix": [
                [
                    0.030080091065790352,
                    0.4931858562506648,
                    -0.8694037608129908,
                    0.7441736423552704
                ],
                [
                    0.9993293355423509,
                    0.0033329729910362652,
                    0.03646601726984444,
                    2.349804492432081
                ],
                [
                    0.020882223204374814,
                    -0.8699175837315509,
                    -0.4927548378947721,
                    -1.3284599586520427
                ],
                [
                    0.0,
                    0.0,
                    0.0,
                    1.0
                ]
            ],
            "is_bad": true,
            "mask_path": "DSC09651.png"
        },
        {
            "file_path": "DSC09728.JPG",
            "transform_matrix": [
                [
                    0.8615845176632912,
                    -0.2788611314962009,
                    -0.4241563252664895,
                    0.7789774572181152
                ],
                [
                    0.5063687822164733,
                    0.4136604610475772,
                    0.7566212258207613,
                    3.366305861369189
                ],
                [
                    -0.035535550080437774,
                    -0.8666726557971954,
                    0.4976100203712907,
                    -1.860785407595127
                ],
                [
                    0.0,
                    0.0,
                    0.0,
                    1.0
                ]
            ],
            "is_bad": true,
            "mask_path": "DSC09728.png"
        },
        {
            "file_path": "DSC09753.JPG",
            "transform_matrix": [
                [
                    -0.7035084386698961,
                    0.1240888169358991,
                    -0.6997698494731635,
