{
    "fl_x": 463.11600668785366,
    "fl_y": 462.92175432996595,
    "cx": 876.0,
    "cy": 584.0,
    "w": 1752,
    "h": 1168,
    "k1": 0.0,
    "k2": 0.0,
    "k3": 0.0,
    "k4": 0.0,
    "camera_model": "PINHOLE",
    "has_mask": false,
    "aabb_range": [
        [
            -0.0002913381904363632,
            0.07214834541082382,
            -4.684394359588623
        ],
        [
            8.786006927490234,
            11.529230117797852,
            -0.08686932176351547
        ]
    ],
    "frames": [
        {
            "file_path": "f7226bb3_DSC01420.JPG",
            "transform_matrix": [
                [
                    -0.9935765275498146,
                    0.060297829136836185,
                    -0.09575936352878506,
                    3.1883462425489397
                ],
                [
                    0.11285446970871113,
                    0.4656176844211032,
                    -0.8777608105976797,
                    4.14548721024641
                ],
                [
                    -0.00833981827251801,
                    -0.8829294104036376,
                    -0.4694316815847294,
                    -1.572744305079662
                ],
                [
                    0.0,
                    0.0,
                    0.0,
                    1.0
                ]
            ],
            "is_bad": true,
            "mask_path": "f7226bb3_DSC01420.png"
        },
        {
            "file_path": "f7226bb3_DSC00792.JPG",
            "transform_matrix": [
                [
                    0.2887550374866223,
                    0.46413382111273044,
                    -0.8373770503335969,
                    5.63113525978161
                ],
                [
                    0.9560381478682827,
                    -0.18647000441774692,
                    0.22631835381388976,
                    9.127133449892439
                ],
                [
                    -0.051103699931442176,
                    -0.8659149690077782,
                    -0.4975737918154208,
                    -1.5092049248348827
                ],
                [
                    0.0,
                    0.0,
                    0.0,
                    1.0
                ]
            ],
            "is_bad": false,
            "mask_path": "f7226bb3_DSC00792.png"
        },
        {
            "file_path": "f7226bb3_DSC01867.JPG",
            "transform_matrix": [
                [
                    -0.31065217212908847,
                    -0.29910178553065264,
                    0.902237967414282,
                    7.488209898429255
                ],
                [
                    -0.9502896959052364,
                    0.11878810569922973,
                    -0.2878174417937917,
                    3.6706225628115323
                ],
                [
                    -0.02108842829167808,
                    -0.9467985571581551,
                    -0.3211351278752029,
                    -1.4829978913860036
                ],
                [
                    0.0,
                    0.0,
                    0.0,
                    1.0
                ]
            ],
            "is_bad": false,
            "mask_path": "f7226bb3_DSC01867.png"
        },
        {
            "file_path": "f7226bb3_DSC01137.JPG",
            "transform_matrix": [
                [
                    0.5515073090890585,
                    -0.22206109078812583,
                    -0.8040699969401509,
                    2.863756528767059
                ],
                [
                    0.8340255463177705,
                    0.16473075480260205,
                    0.5265597463835511,
                    7.401580665903768
                ],
                [
                    0.015526625863026434,
                    -0.9610164672783466,
                    0.2760548378658791,
                    -1.684613819080092
                ],
                [
                    0.0,
                    0.0,
                    0.0,
                    1.0
                ]
            ],
            "is_bad": false,
            "mask_path": "f7226bb3_DSC01137.png"
        },
        {
            "file_path": "f7226bb3_DSC01609.JPG",
            "transform_matrix": [
                [
                    -0.9941449051303337,
                    0.08135935911138366,
                    -0.0711095091277187,
                    5.108128658551278
                ],
                [
                    0.10625291756544794,
                    0.6163603424870218,
                    -0.7802629337076776,
                    1.8223979016979268
                ],
                [
                    -0.019652610824779856,
                    -0.7832500130190018,
                    -0.6213961634846998,
                    -1.544335237927642
                ],
                [
                    0.0,
                    0.0,
                    0.0,
                    1.0
                ]
            ],
            "is_bad": false,
            "mask_path": "f7226bb3_DSC01609.png"
        },
        {
            "file_path": "f7226bb3_DSC02036.JPG",
            "transform_matrix": [
                [
                    0.2919485238385985,
                    0.5602213082620792,
                    0.7751891028630297,
                    5.49081714945766
                ],
                [
                    -0.9551754872400507,
                    0.12921542022757873,
                    0.26635157921653685,
                    6.033678808614806
                ],
                [
                    0.04904944448407284,
                    -0.818202579404719,
                    0.572833912274115,
                    -1.6083473959373127
                ],
                [
                    0.0,
                    0.0,
                    0.0,
                    1.0
                ]
            ],
            "is_bad": false,
            "mask_path": "f7226bb3_DSC02036.png"
        },
        {
            "file_path": "f7226bb3_DSC01270.JPG",
            "transform_matrix": [
                [
                    0.3480778422164802,
                    -0.21641671004499402,
                    -0.9121434225883672,
                    1.3143710419708816
                ],
                [
                    0.9372004948677685,
                    0.05719269437940599,
                    0.34407009188424637,
                    5.611333764783527
                ],
                [
                    -0.02229457731218564,
                    -0.9746244421944925,
                    0.22273335740195296,
                    -1.617075214815429
                ],
                [
                    0.0,
                    0.0,
                    0.0,
                    1.0
                ]
            ],
            "is_bad": false,
            "mask_path": "f7226bb3_DSC01270.png"
        },
        {
            "file_path": "f7226bb3_DSC02159.JPG",
            "transform_matrix": [
                [
                    0.38388724084614595,
                    0.18604434727333707,
                    -0.9044435234790348,
                    4.873103778671445
                ],
                [
                    0.9232830006041222,
                    -0.06314263915395468,
                    0.37889511466383696,
                    7.600098912374807
                ],
                [
                    0.013382343254521714,
                    -0.9805103303730723,
                    -0.19601123672051748,
                    -1.510195310982764
                ],
                [
                    0.0,
                    0.0,
                    0.0,
                    1.0
                ]
            ],
            "is_bad": false,
            "mask_path": "f7226bb3_DSC02159.png"
        },
        {
            "file_path": "f7226bb3_DSC01931.JPG",
            "transform_matrix": [
                [
                    0.7469606505530122,
                    -0.42377564344256763,
                    0.5123123954680958,
                    6.63503139308688
                ],
                [
                    -0.6595516038180673,
                    -0.3750415120707152,
                    0.6514104283205225,
                    4.96770846923528
                ],
                [
                    -0.0839134579578032,
                    -0.8244744194021724,
                    -0.5596431571323058,
                    -1.4790928506658894
                ],
                [
                    0.0,
                    0.0,
                    0.0,
                    1.0
                ]
            ],
            "is_bad": false,
            "mask_path": "f7226bb3_DSC01931.png"
        },
        {
            "file_path": "f7226bb3_DSC01724.JPG",
            "transform_matrix": [
                [
                    0.9390679019869486,
                    -0.06893909604594069,
                    0.3367474966413251,
                    6.2697987377555
                ],
                [
                    -0.34302141035172906,
                    -0.12500320775903648,
                    0.930972883649283,
                    2.781229252552788
                ],
                [
                    -0.022085911757073085,
                    -0.9897583538855932,
                    -0.14103408600596862,
                    -1.5608648878362001
                ],
                [
                    0.0,
                    0.0,
                    0.0,
                    1.0
                ]
            ],
            "is_bad": false,
            "mask_path": "f7226bb3_DSC01724.png"
        },
        {
            "file_path": "f7226bb3_DSC01540.JPG",
            "transform_matrix": [
                [
                    -0.6592399033257368,
                    -0.26840995407050566,
                    -0.7023950785839423,
                    3.9994228530699827
                ],
                [
                    0.7504613563028536,
                    -0.17645431547937637,
                    -0.6369235646800847,
                    2.8806162572701512
                ],
                [
                    0.0470159819545921,
                    -0.9470057925401377,
                    0.3177570240549714,
                    -1.5991801647420767
                ],
                [
                    0.0,
                    0.0,
                    0.0,
                    1.0
                ]
            ],
            "is_bad": false,
            "mask_path": "f7226bb3_DSC01540.png"
        },
        {
            "file_path": "f7226bb3_DSC01340.JPG",
            "transform_matrix": [
                [
                    -0.7933025422931207,
                    -0.14774955738298787,
                    -0.5906277547528578,
                    2.0333919218800194
                ],
                [
                    0.6088192702120316,
                    -0.19759714556174424,
                    -0.7683062307988526,
                    4.588602684547855
                ],
                [
                    -0.003189452893584755,
                    -0.9690848447679807,
                    0.24670709562405713,
                    -1.6470725193561526
                ],
                [
                    0.0,
                    0.0,
                    0.0,
                    1.0
                ]
            ],
            "is_bad": false,
            "mask_path": "f7226bb3_DSC01340.png"
        },
        {
            "file_path": "f7226bb3_DSC01215.JPG",
            "transform_matrix": [
                [
                    0.7971513292959111,
                    0.0493849809385709,
                    -0.6017564971476923,
                    2.035841569121083
                ],
                [
                    0.6027867247718451,
                    -0.007962375782715345,
                    0.7978626228936454,
                    6.552502415674137
                ],
                [
                    0.03461101906321982,
                    -0.9987480784610268,
                    -0.0361158293524266,
                    -1.6355693201558215
                ],
                [
                    0.0,
                    0.0,
                    0.0,
                    1.0
                ]
            ],
            "is_bad": false,
            "mask_path": "f7226bb3_DSC01215.png"
        },
        {
            "file_path": "f7226bb3_DSC01084.JPG",
            "transform_matrix": [
                [
                    0.9997755992015217,
                    0.0001340988780497733,
                    -0.021183325015878593,
                    3.8101028375607724
                ],
                [
                    0.01917536328215113,
                    -0.4307229090736524,
                    0.9022804891175066,
                    8.105581479089182
                ],
                [
                    -0.009003148573414837,
                    -0.902484214608001,
                    -0.43062882590363566,
                    -1.5774476623735245
                ],
                [
                    0.0,
                    0.0,
                    0.0,
                    1.0
                ]
            ],
            "is_bad": false,
            "mask_path": "f7226bb3_DSC01084.png"
        },
        {
            "file_path": "f7226bb3_DSC00930.JPG",
            "transform_matrix": [
                [
                    -0.6109739308564542,
                    0.029460421322165465,
                    0.7911023570874586,
                    5.995063556918795
                ],
                [
                    -0.7916470443613755,
                    -0.025780063317021058,
                    -0.6104345546324095,
                    8.016188031630978
                ],
                [
                    0.002411009686879942,
                    -0.9992334421499766,
                    0.03907320208786218,
                    -1.6264440843106733
                ],
                [
                    0.0,
                    0.0,
                    0.0,
                    1.0
                ]
            ],
            "is_bad": false,
            "mask_path": "f7226bb3_DSC00930.png"
        },
        {
            "file_path": "f7226bb3_DSC02081.JPG",
            "transform_matrix": [
                [
                    0.15854581520299288,
                    -0.3004730127414926,
                    0.9405207031722743,
                    5.405100814332904
                ],
                [
                    -0.9873092681681519,
                    -0.03942397222961651,
                    0.15383809477144256,
                    6.9032352949150235
                ],
                [
                    -0.00914513372714348,
                    -0.9529751932908271,
                    -0.3029102961297678,
                    -1.4963599986429992
                ],
                [
                    0.0,
                    0.0,
                    0.0,
                    1.0
                ]
            ],
            "is_bad": false,
            "mask_path": "f7226bb3_DSC02081.png"
        },
        {
            "file_path": "f7226bb3_DSC01637.JPG",
            "transform_matrix": [
                [
                    -0.8141635620914165,
                    -0.2908085012831803,
                    0.5025615482147892,
                    5.903474527816351
                ],
                [
                    -0.5804575428121242,
                    0.4290781034047722,
                    -0.6920700991742617,
                    2.0345529084589438
                ],
                [
                    -0.014378287628399116,
                    -0.8551738985492912,
                    -0.5181417451671694,
                    -1.5297138885712043
                ],
                [
                    0.0,
                    0.0,
                    0.0,
                    1.0
                ]
            ],
            "is_bad": false,
            "mask_path": "f7226bb3_DSC01637.png"
        },
        {
            "file_path": "f7226bb3_DSC01965.JPG",
            "transform_matrix": [
                [
                    0.9258782551887718,
                    -0.23319026368069704,
                    0.29727387623725454,
                    5.989587714835472
                ],
                [
                    -0.3778217434915604,
                    -0.5705482354556466,
                    0.7291950638638778,
                    5.439615806655178
                ],
                [
                    -0.0004321036828543865,
                    -0.787462387637006,
                    -0.6163625567338041,
                    -1.4513260845744138
                ],
                [
                    0.0,
                    0.0,
                    0.0,
                    1.0
                ]
            ],
            "is_bad": false,
            "mask_path": "f7226bb3_DSC01965.png"
        },
        {
            "file_path": "f7226bb3_DSC01512.JPG",
            "transform_matrix": [
                [
                    -0.3028507595598307,
                    -0.42285202939895566,
                    -0.8540945958541233,
                    3.790416025189197
                ],
                [
                    0.9519064951633851,
                    -0.09055489464507875,
                    -0.2927009318768545,
                    3.6316806184434163
                ],
                [
                    0.04642673690659214,
                    -0.9016628928202621,
                    0.4299402119030072,
                    -1.604103772044025
                ],
                [
                    0.0,
                    0.0,
                    0.0,
                    1.0
                ]
            ],
            "is_bad": false,
            "mask_path": "f7226bb3_DSC01512.png"
        },
        {
            "file_path": "f7226bb3_DSC01903.JPG",
            "transform_matrix": [
                [
                    0.5298349009716813,
                    -0.540204697011277,
                    0.6537995587634504,
                    7.149956463341777
                ],
                [
                    -0.847149725743518,
                    -0.30060566062299476,
                    0.4381478962337874,
                    4.386097421844215
                ],
                [
                    -0.04015370325399205,
                    -0.78601216410967,
                    -0.6169056313461748,
                    -1.4610292689204039
                ],
                [
                    0.0,
                    0.0,
                    0.0,
                    1.0
                ]
            ],
            "is_bad": false,
            "mask_path": "f7226bb3_DSC01903.png"
        },
        {
            "file_path": "f7226bb3_DSC01569.JPG",
            "transform_matrix": [
                [
                    -0.8126194555901531,
                    -0.28796704225354536,
                    -0.5066799808282427,
                    4.57354574234395
                ],
                [
                    0.582666490220609,
                    -0.4196711030642144,
                    -0.6959712109181403,
                    2.3640325242796205
                ],
                [
                    -0.012222175353028072,
                    -0.8607851926169566,
                    0.5088216491080438,
                    -1.6354771469482858
                ],
                [
                    0.0,
                    0.0,
                    0.0,
                    1.0
                ]
            ],
            "is_bad": false,
            "mask_path": "f7226bb3_DSC01569.png"
        },
        {
            "file_path": "f7226bb3_DSC01813.JPG",
            "transform_matrix": [
                [
                    -0.3150258159910854,
                    0.46967231617566424,
                    -0.8247221657487673,
                    6.941177624180838
                ],
                [
                    0.949050342243405,
                    0.14867132642577044,
                    -0.2778493919130974,
                    3.1485654930481957
                ],
                [
                    -0.007885629133221057,
                    -0.8702325850696401,
                    -0.49257797833052225,
                    -1.4954070823100094
                ],
                [
                    0.0,
                    0.0,
                    0.0,
                    1.0
                ]
            ],
            "is_bad": false,
            "mask_path": "f7226bb3_DSC01813.png"
        },
        {
            "file_path": "f7226bb3_DSC02186.JPG",
            "transform_matrix": [
                [
                    0.3905417582817432,
                    0.09990340923750597,
                    -0.9151483179577659,
                    5.292519934846376
                ],
                [
                    0.9205411359532538,
                    -0.03265243026286827,
                    0.3892786095020144,
                    8.18953368129889
                ],
                [
                    0.009008443600189769,
                    -0.99446122479494,
                    -0.10471733535212913,
                    -1.567751066869228
                ],
                [
                    0.0,
                    0.0,
                    0.0,
                    1.0
                ]
            ],
            "is_bad": false,
            "mask_path": "f7226bb3_DSC02186.png"
        },
        {
            "file_path": "f7226bb3_DSC00873.JPG",
            "transform_matrix": [
                [
                    -0.9981020046033484,
                    -0.009460009736888543,
                    -0.06085143073548368,
                    6.127322574356036
                ],
                [
                    0.061565304254896425,
                    -0.1765434016687724,
                    -0.9823655840058835,
                    8.681900150453668
                ],
                [
                    -0.0014497305885742687,
                    -0.9842473954971872,
                    0.17679073148280172,
                    -1.6114617934437974
                ],
                [
                    0.0,
                    0.0,
                    0.0,
                    1.0
                ]
            ],
            "is_bad": false,
            "mask_path": "f7226bb3_DSC00873.png"
        },
        {
            "file_path": "f7226bb3_DSC01059.JPG",
            "transform_matrix": [
                [
                    0.9464599138152902,
                    0.11248877155188158,
                    0.30258867760625496,
                    4.461934614702103
                ],
                [
                    -0.3218258999800857,
                    0.25522868429519596,
                    0.9117490931253789,
                    8.072581222948815
                ],
                [
                    0.025332225381148404,
                    -0.960314841595032,
                    0.2777655186835598,
                    -1.6462705009866108
                ],
                [
                    0.0,
                    0.0,
                    0.0,
                    1.0
                ]
            ],
            "is_bad": false,
            "mask_path": "f7226bb3_DSC01059.png"
        },
        {
            "file_path": "f7226bb3_DSC00963.JPG",
            "transform_matrix": [
                [
                    -0.25371239228434533,
                    0.24062344998900342,
                    0.9368726580046748,
                    5.518723856775729
                ],
                [
                    -0.9672549713647697,
                    -0.05618665072381837,
                    -0.24750935467286564,
                    7.5926189655483265
                ],
                [
                    -0.006916818017932742,
                    -0.9689909264775544,
                    0.24699947779839027,
                    -1.628334758213431
                ],
                [
                    0.0,
                    0.0,
                    0.0,
                    1.0
                ]
            ],
            "is_bad": false,
            "mask_path": "f7226bb3_DSC00963.png"
        },
        {
            "file_path": "f7226bb3_DSC01303.JPG",
            "transform_matrix": [
                [
                    0.1553863796516748,
                    0.1284052003344965,
                    -0.9794729080203309,
                    1.587254209337671
                ],
                [
                    0.9877046320564473,
                    -0.0029661881116442657,
                    0.15630342780094292,
                    5.031763694790624
                ],
                [
                    0.01716487206430099,
                    -0.991717351998615,
                    -0.1272873163825525,
                    -1.5762161913266985
                ],
                [
                    0.0,
                    0.0,
                    0.0,
                    1.0
                ]
            ],
            "is_bad": true,
            "mask_path": "f7226bb3_DSC01303.png"
        },
        {
            "file_path": "f7226bb3_DSC01361.JPG",
            "transform_matrix": [
                [
                    -0.9994844414712423,
                    -0.031820035398192587,
                    0.00428212612797593,
                    2.5682128739386982
                ],
                [
                    -0.01112843333650823,
                    0.21822889052508512,
                    -0.9758341607628133,
                    4.221893470790064
                ],
                [
                    0.030116593904241172,
                    -0.975378714493733,
                    -0.21847048790204743,
                    -1.5917863565396315
                ],
                [
                    0.0,
                    0.0,
                    0.0,
                    1.0
                ]
            ],
            "is_bad": false,
            "mask_path": "f7226bb3_DSC01361.png"
        },
        {
            "file_path": "f7226bb3_DSC01116.JPG",
            "transform_matrix": [
                [
                    0.8777762269522756,
                    0.16726905976924814,
                    -0.4489208806029619,
                    3.254410948727562
                ],
                [
                    0.47906911876974506,
                    -0.30900851523450606,
                    0.8215878023399239,
                    7.854052782536161
                ],
                [
                    -0.001294155557606306,
                    -0.9362343719157493,
                    -0.351373769659767,
                    -1.6119718550467663
                ],
                [
                    0.0,
                    0.0,
                    0.0,
                    1.0
                ]
            ],
            "is_bad": false,
            "mask_path": "f7226bb3_DSC01116.png"
        },
        {
            "file_path": "f7226bb3_DSC01244.JPG",
            "transform_matrix": [
                [
                    0.5926792510937032,
                    -0.4562225388031281,
                    -0.663771271155234,
                    1.6266018221052447
                ],
                [
                    0.8045896062051382,
                    0.2975276095076061,
                    0.5139191445814704,
                    6.113709096599746
                ],
                [
                    -0.03697121731384842,
                    -0.8386526794023362,
                    0.5434103536201849,
                    -1.6455223367117635
                ],
                [
                    0.0,
                    0.0,
                    0.0,
                    1.0
                ]
            ],
            "is_bad": false,
            "mask_path": "f7226bb3_DSC01244.png"
        },
        {
            "file_path": "f7226bb3_DSC01177.JPG",
            "transform_matrix": [
                [
                    0.6742493199342917,
                    -0.16452745349296544,
                    -0.7199434502898577,
                    2.4230219219786804
                ],
                [
                    0.7383343778320985,
                    0.12929773334599243,
                    0.6619248013655905,
                    7.009222044591743
                ],
                [
                    -0.015817745712745704,
                    -0.9778613466124471,
                    0.20865518378860903,
                    -1.683461835464874
                ],
                [
                    0.0,
                    0.0,
                    0.0,
                    1.0
                ]
            ],
            "is_bad": true,
            "mask_path": "f7226bb3_DSC01177.png"
        },
        {
            "file_path": "f7226bb3_DSC02203.JPG",
            "transform_matrix": [
                [
                    -0.05677667565216446,
                    -0.5670275390320093,
                    -0.8217397270919744,
                    5.688455830470616
                ],
                [
                    0.9982380983899604,
                    -0.01803115998418289,
                    -0.0565294276675482,
                    8.474928214619593
                ],
                [
                    0.017236821768663667,
                    -0.8235014555232602,
                    0.5670522416201063,
                    -1.6485419321363102
                ],
                [
                    0.0,
                    0.0,
                    0.0,
                    1.0
                ]
            ],
            "is_bad": false,
            "mask_path": "f7226bb3_DSC02203.png"
        },
        {
            "file_path": "f7226bb3_DSC01624.JPG",
            "transform_matrix": [
                [
                    -0.9391444242637498,
                    0.1343224322963669,
                    0.31617279224547024,
                    5.535735006680822
                ],
                [
                    -0.3381227253718462,
                    -0.5239958055955256,
                    -0.7817297604066322,
                    1.7996241441609635
                ],
                [
                    0.060669374163776754,
                    -0.8410623519693912,
                    0.5375252060492529,
                    -1.665395512063241
                ],
                [
                    0.0,
                    0.0,
                    0.0,
                    1.0
                ]
            ],
            "is_bad": false,
            "mask_path": "f7226bb3_DSC01624.png"
        },
        {
            "file_path": "f7226bb3_DSC01654.JPG",
            "transform_matrix": [
                [
                    -0.7272822813623736,
                    0.2758169767651286,
                    0.6284787017429363,
                    6.235564992976933
                ],
                [
                    -0.6845665446697617,
                    -0.35727298066901786,
                    -0.635393313785076,
                    2.34753692271259
                ],
                [
                    0.04928619619371737,
                    -0.8923457920627076,
                    0.44865338319546155,
                    -1.6271389083237564
                ],
                [
                    0.0,
                    0.0,
                    0.0,
                    1.0
                ]
            ],
            "is_bad": true,
            "mask_path": "f7226bb3_DSC01654.png"
        },
        {
            "file_path": "f7226bb3_DSC02119.JPG",
            "transform_matrix": [
                [
                    0.9949413729946635,
                    -0.07804701468643041,
                    -0.06324814465287086,
                    5.140499180270188
                ],
                [
                    0.09902570896227443,
                    0.6560602336481385,
                    0.7481837199445527,
                    7.230941353329246
                ],
                [
                    -0.016898913219886975,
                    -0.750662129938687,
                    0.6604701305947913,
                    -1.6177753906791872
                ],
                [
                    0.0,
                    0.0,
                    0.0,
                    1.0
                ]
            ],
            "is_bad": false,
            "mask_path": "f7226bb3_DSC02119.png"
        },
        {
            "file_path": "f7226bb3_DSC02059.JPG",
            "transform_matrix": [
                [
                    -0.025933475357796342,
                    0.19635660045274672,
                    0.9801895430550698,
                    5.412376771543606
                ],
                [
                    -0.9996583531507455,
                    -0.008292100172641873,
                    -0.024787457527254503,
                    6.45875790386209
                ],
                [
                    0.0032606489852701525,
                    -0.9804974893049787,
                    0.1965045588143639,
                    -1.556186119120569
                ],
                [
                    0.0,
                    0.0,
                    0.0,
                    1.0
                ]
            ],
            "is_bad": false,
            "mask_path": "f7226bb3_DSC02059.png"
        },
        {
            "file_path": "f7226bb3_DSC01891.JPG",
            "transform_matrix": [
                [
                    0.2694985432812352,
                    0.03723603159444888,
                    0.9622806311676392,
                    7.424971985321076
                ],
                [
                    -0.9629972714560131,
                    0.01312449424585577,
                    0.2691913869704324,
                    4.0781173790807
                ],
                [
                    -0.002605827616473638,
                    -0.9992203088417929,
                    0.03939522890586492,
                    -1.5503060208450534
                ],
                [
                    0.0,
                    0.0,
                    0.0,
                    1.0
                ]
            ],
            "is_bad": false,
            "mask_path": "f7226bb3_DSC01891.png"
        },
        {
            "file_path": "f7226bb3_DSC01474.JPG",
            "transform_matrix": [
                [
                    -0.3281091266582738,
                    0.5586793006033891,
                    -0.7617229418107696,
                    3.5001853734706234
                ],
                [
                    0.9365630436798323,
                    0.08717050375327462,
                    -0.3394863303412504,
                    3.889602898973314
                ],
                [
                    -0.12326421304138975,
                    -0.8247901201837402,
                    -0.5518398240708788,
                    -1.470594165590419
                ],
                [
                    0.0,
                    0.0,
                    0.0,
                    1.0
                ]
            ],
            "is_bad": false,
            "mask_path": "f7226bb3_DSC01474.png"
        },
        {
            "file_path": "f7226bb3_DSC02010.JPG",
            "transform_matrix": [
                [
                    0.7387939388265252,
                    0.2620871441022955,
                    0.620881506287224,
                    5.378971286885866
                ],
                [
                    -0.6716883378528203,
                    0.21125233933618703,
                    0.710075507194485,
                    5.639557163724431
                ],
                [
                    0.05493899112383971,
                    -0.9416383477860764,
                    0.3321128260591619,
                    -1.5895329975845431
                ],
                [
                    0.0,
                    0.0,
                    0.0,
                    1.0
                ]
            ],
            "is_bad": false,
            "mask_path": "f7226bb3_DSC02010.png"
        },
        {
            "file_path": "f7226bb3_DSC01950.JPG",
            "transform_matrix": [
                [
                    0.8462493386360341,
                    0.14889823714184006,
                    0.5115577893397055,
                    6.317798157569692
                ],
                [
                    -0.5326426938546469,
                    0.258788248555601,
                    0.8058041964973801,
                    5.201867803828013
                ],
                [
                    -0.012402319998240438,
                    -0.9543887873322779,
                    0.2983089423283934,
                    -1.5812580519239547
                ],
                [
                    0.0,
                    0.0,
                    0.0,
                    1.0
                ]
            ],
            "is_bad": false,
            "mask_path": "f7226bb3_DSC01950.png"
        },
        {
            "file_path": "f7226bb3_DSC01915.JPG",
            "transform_matrix": [
                [
                    0.6964475661576733,
                    0.43027042888317873,
                    0.5743066651378316,
                    6.948216278525351
                ],
                [
                    -0.716801114096143,
                    0.37917981916762067,
                    0.5851656411363688,
                    4.715367591842547
                ],
                [
                    0.03401397394572372,
                    -0.8192008439721574,
                    0.5724971849814848,
                    -1.5846479209958264
                ],
                [
                    0.0,
                    0.0,
                    0.0,
                    1.0
                ]
            ],
            "is_bad": true,
            "mask_path": "f7226bb3_DSC01915.png"
        },
        {
            "file_path": "f7226bb3_DSC01521.JPG",
            "transform_matrix": [
                [
                    -0.6107261650455581,
                    -0.022077069807117308,
                    -0.7915340512684702,
                    3.8024992892781757
                ],
                [
                    0.7915840311523391,
                    0.008485604229068966,
                    -0.611001404372756,
                    3.232671845794492
                ],
                [
                    0.020205765349479748,
                    -0.9997202596274614,
                    0.012293475385035885,
                    -1.598041312641935
                ],
                [
                    0.0,
                    0.0,
                    0.0,
                    1.0
                ]
            ],
            "is_bad": false,
            "mask_path": "f7226bb3_DSC01521.png"
        },
        {
            "file_path": "f7226bb3_DSC00759.JPG",
            "transform_matrix": [
                [
                    0.6623785897235924,
                    -0.07589593560279195,
                    -0.7453149742456286,
                    5.360361307310725
                ],
                [
                    0.7488470501915115,
                    0.09625008474174712,
                    0.6557164147759902,
                    8.848245462834143
