{
    "fl_x": 463.7701321168119,
    "fl_y": 464.06883978610375,
    "cx": 876.0,
    "cy": 584.0,
    "w": 1752,
    "h": 1168,
    "k1": 0.0,
    "k2": 0.0,
    "k3": 0.0,
    "k4": 0.0,
    "camera_model": "PINHOLE",
    "has_mask": false,
    "aabb_range": [
        [
            0.03197562322020531,
            0.018932081758975983,
            -2.7476003170013428
        ],
        [
            2.126143455505371,
            3.548801898956299,
            -0.027335990220308304
        ]
    ],
    "frames": [
        {
            "file_path": "DSC02941.JPG",
            "transform_matrix": [
                [
                    0.5677842446475502,
                    0.17098898983420702,
                    -0.805222836788357,
                    0.715499146812911
                ],
                [
                    0.8231594947657889,
                    -0.12439051150740378,
                    0.554017551007058,
                    1.20741490828516
                ],
                [
                    -0.005431179148428486,
                    -0.9773892602246068,
                    -0.21137818309999212,
                    -0.8849853362214901
                ],
                [
                    0.0,
                    0.0,
                    0.0,
                    1.0
                ]
            ],
            "is_bad": false,
            "mask_path": "DSC02941.png"
        },
        {
            "file_path": "DSC02623.JPG",
            "transform_matrix": [
                [
                    0.3350554384400781,
                    0.4565656175103195,
                    0.8241878973141665,
                    1.0328260173168387
                ],
                [
                    -0.9394479909129448,
                    0.09509564390425568,
                    0.3292328824404776,
                    2.1625141730198547
                ],
                [
                    0.07193973548295396,
                    -0.8845929320415435,
                    0.46078196475208044,
                    -1.7985246971027213
                ],
                [
                    0.0,
                    0.0,
                    0.0,
                    1.0
                ]
            ],
            "is_bad": false,
            "mask_path": "DSC02623.png"
        },
        {
            "file_path": "DSC02782.JPG",
            "transform_matrix": [
                [
                    0.7159375913751983,
                    0.33696795549127145,
                    0.6114621511000597,
                    1.142811824234561
                ],
                [
                    -0.692305248424639,
                    0.2294198757792698,
                    0.6841636964945769,
                    0.9976436869079779
                ],
                [
                    0.09025967128002747,
                    -0.9131369653942705,
                    0.39753499741653486,
                    -1.8057359560926323
                ],
                [
                    0.0,
                    0.0,
                    0.0,
                    1.0
                ]
            ],
            "is_bad": false,
            "mask_path": "DSC02782.png"
        },
        {
            "file_path": "DSC02464.JPG",
            "transform_matrix": [
                [
                    0.09462645469390141,
                    -0.10521182730133988,
                    -0.9899375260429198,
                    0.6628215849917638
                ],
                [
                    0.9953058770017568,
                    0.030274815377576238,
                    0.09192196015978667,
                    1.4424616198449893
                ],
                [
                    0.020298898438751815,
                    -0.9939888867335325,
                    0.10758274848880989,
                    -1.5475056449102746
                ],
                [
                    0.0,
                    0.0,
                    0.0,
                    1.0
                ]
            ],
            "is_bad": false,
            "mask_path": "DSC02464.png"
        },
        {
            "file_path": "DSC02904.JPG",
            "transform_matrix": [
                [
                    -0.8689384377954648,
                    0.11615828589784777,
                    -0.481095878114592,
                    0.6051674286185376
                ],
                [
                    0.4940175092601949,
                    0.14488582602647715,
                    -0.8572950472042739,
                    1.7903014872230714
                ],
                [
                    -0.02987794949339711,
                    -0.9826064064689882,
                    -0.18328109040534085,
                    -0.8880078313579816
                ],
                [
                    0.0,
                    0.0,
                    0.0,
                    1.0
                ]
            ],
            "is_bad": false,
            "mask_path": "DSC02904.png"
        },
        {
            "file_path": "DSC02581.JPG",
            "transform_matrix": [
                [
                    0.9595772474084776,
                    0.0308192125706801,
                    -0.2797528952352302,
                    1.1919659400864913
                ],
                [
                    0.27472195600753685,
                    -0.3185323356526813,
                    0.9072292973835453,
                    2.1759989188740976
                ],
                [
                    -0.0611502505584661,
                    -0.9474108545294233,
                    -0.3141230962162228,
                    -1.3462341675787584
                ],
                [
                    0.0,
                    0.0,
                    0.0,
                    1.0
                ]
            ],
            "is_bad": false,
            "mask_path": "DSC02581.png"
        },
        {
            "file_path": "DSC02415.JPG",
            "transform_matrix": [
                [
                    -0.9350871501598398,
                    -0.05627773419510253,
                    0.3499211886122565,
                    0.866508765365027
                ],
                [
                    -0.347842508932006,
                    0.3350257643944517,
                    -0.8756502304983422,
                    1.0530788812731515
                ],
                [
                    -0.06795300277277067,
                    -0.9405267427488588,
                    -0.33285407551716256,
                    -1.3574228062569766
                ],
                [
                    0.0,
                    0.0,
                    0.0,
                    1.0
                ]
            ],
            "is_bad": false,
            "mask_path": "DSC02415.png"
        },
        {
            "file_path": "DSC02257.JPG",
            "transform_matrix": [
                [
                    -0.9987030985424298,
                    -0.01143123084038962,
                    -0.049612981398242495,
                    0.6791655191947857
                ],
                [
                    0.05038571678325728,
                    -0.3617785904727357,
                    -0.9309014614983676,
                    1.0864051610177998
                ],
                [
                    -0.007307564983362976,
                    -0.9321939596656017,
                    0.3618853700510426,
                    -1.777017202068207
                ],
                [
                    0.0,
                    0.0,
                    0.0,
                    1.0
                ]
            ],
            "is_bad": false,
            "mask_path": "DSC02257.png"
        },
        {
            "file_path": "DSC02668.JPG",
            "transform_matrix": [
                [
                    -0.9859682885011625,
                    0.022022929903680807,
                    0.16547363726149011,
                    1.0584601009898942
                ],
                [
                    -0.15905116271050937,
                    -0.42492300691070506,
                    -0.8911471067328903,
                    1.7416559717932623
                ],
                [
                    0.05068788524415777,
                    -0.904961562032567,
                    0.422463382475987,
                    -1.7917725157289235
                ],
                [
                    0.0,
                    0.0,
                    0.0,
                    1.0
                ]
            ],
            "is_bad": false,
            "mask_path": "DSC02668.png"
        },
        {
            "file_path": "DSC02970.JPG",
            "transform_matrix": [
                [
                    0.9309759418901082,
                    0.030537868984863818,
                    -0.36380109150425877,
                    0.9440030464440786
                ],
                [
                    0.3640995904602491,
                    -0.15066455161270356,
                    0.9190928577211458,
                    1.4952938511256613
                ],
                [
                    -0.026744791053689203,
                    -0.9881131673271069,
                    -0.1513838984380053,
                    -0.8996234935755756
                ],
                [
                    0.0,
                    0.0,
                    0.0,
                    1.0
                ]
            ],
            "is_bad": false,
            "mask_path": "DSC02970.png"
        },
        {
            "file_path": "DSC02734.JPG",
            "transform_matrix": [
                [
                    0.9727328599889855,
                    0.09415362896843758,
                    0.21195725335483023,
                    0.8940669276327963
                ],
                [
                    -0.22764792246626542,
                    0.21283301749541397,
                    0.9501992054619869,
                    1.4626334916853891
                ],
                [
                    0.0443532016256232,
                    -0.9725416190661826,
                    0.2284635478357236,
                    -1.7647741156121148
                ],
                [
                    0.0,
                    0.0,
                    0.0,
                    1.0
                ]
            ],
            "is_bad": false,
            "mask_path": "DSC02734.png"
        },
        {
            "file_path": "DSC02693.JPG",
            "transform_matrix": [
                [
                    -0.6411620424329405,
                    -0.05497413590323925,
                    -0.7654339159750579,
                    0.8954288660757008
                ],
                [
                    0.7674013039952798,
                    -0.0426231919885052,
                    -0.6397487804842266,
                    1.60751682076919
                ],
                [
                    0.0025443996471530535,
                    -0.9975776199807226,
                    0.0695155964085209,
                    -1.4474466769156609
                ],
                [
                    0.0,
                    0.0,
                    0.0,
                    1.0
                ]
            ],
            "is_bad": false,
            "mask_path": "DSC02693.png"
        },
        {
            "file_path": "DSC02692.JPG",
            "transform_matrix": [
                [
                    -0.8968552508135786,
                    0.011839140337520272,
                    -0.44216568596418915,
                    0.9957214240226243
                ],
                [
                    0.4418709879712127,
                    -0.021258009567129334,
                    -0.8968266984309669,
                    1.968597086239584
                ],
                [
                    -0.02001721952364196,
                    -0.9997039220615835,
                    0.013833984864455171,
                    -1.3816622626923447
                ],
                [
                    0.0,
                    0.0,
                    0.0,
                    1.0
                ]
            ],
            "is_bad": false,
            "mask_path": "DSC02692.png"
        },
        {
            "file_path": "DSC02884.JPG",
            "transform_matrix": [
                [
                    -0.12906464446415059,
                    -0.23957417513639806,
                    0.9622611559015862,
                    1.0850367597220745
                ],
                [
                    -0.9915537261113699,
                    0.01866518470004078,
                    -0.1283464807260888,
                    1.0915535528548106
                ],
                [
                    0.012787720047034507,
                    -0.9706986275295889,
                    -0.2399596814637221,
                    -1.542824400919812
                ],
                [
                    0.0,
                    0.0,
                    0.0,
                    1.0
                ]
            ],
            "is_bad": false,
            "mask_path": "DSC02884.png"
        },
        {
            "file_path": "DSC02434.JPG",
            "transform_matrix": [
                [
                    -0.6666913181039247,
                    0.1804742303146754,
                    -0.7231540213240726,
                    0.742738972966065
                ],
                [
                    0.7450103188500437,
                    0.13277312421765244,
                    -0.653705531789689,
                    1.2811997845569603
                ],
                [
                    -0.02196158400043372,
                    -0.9745770106450333,
                    -0.22297385306439535,
                    -1.3010390332966324
                ],
                [
                    0.0,
                    0.0,
                    0.0,
                    1.0
                ]
            ],
            "is_bad": false,
            "mask_path": "DSC02434.png"
        },
        {
            "file_path": "DSC02296.JPG",
            "transform_matrix": [
                [
                    -0.9998369274298141,
                    0.012874384760760802,
                    0.01266367895760499,
                    0.7152375128149505
                ],
                [
                    -0.011204278132380558,
                    0.10771390417065395,
                    -0.9941187952150629,
                    1.101920372576986
                ],
                [
                    -0.014162722169189545,
                    -0.994098569089277,
                    -0.10755209079981372,
                    -1.5437044446353252
                ],
                [
                    0.0,
                    0.0,
                    0.0,
                    1.0
                ]
            ],
            "is_bad": false,
            "mask_path": "DSC02296.png"
        },
        {
            "file_path": "DSC02531.JPG",
            "transform_matrix": [
                [
                    0.9849410204817601,
                    0.04102232639451923,
                    0.16795343077630526,
                    1.0914171634159044
                ],
                [
                    -0.17282148782389609,
                    0.2061262656927998,
                    0.9631431336711469,
                    2.127020576730799
                ],
                [
                    0.004890758497883658,
                    -0.9776651427399481,
                    0.21011175396105863,
                    -1.5440943847255828
                ],
                [
                    0.0,
                    0.0,
                    0.0,
                    1.0
                ]
            ],
            "is_bad": false,
            "mask_path": "DSC02531.png"
        },
        {
            "file_path": "DSC02890.JPG",
            "transform_matrix": [
                [
                    -0.9662848277285784,
                    -0.04293282478059062,
                    0.2538708416851187,
                    0.9548282739038428
                ],
                [
                    -0.2463973960167554,
                    0.4403017145036607,
                    -0.8633786674694356,
                    1.2569202571685931
                ],
                [
                    -0.0747124818066803,
                    -0.8968228212760284,
                    -0.43603540257734824,
                    -1.5012447468748462
                ],
                [
                    0.0,
                    0.0,
                    0.0,
                    1.0
                ]
            ],
            "is_bad": false,
            "mask_path": "DSC02890.png"
        },
        {
            "file_path": "DSC02826.JPG",
            "transform_matrix": [
                [
                    0.5880713848804686,
                    -0.28165218748952137,
                    0.7581847344593102,
                    1.072943198313328
                ],
                [
                    -0.8066025055698649,
                    -0.27342155083344116,
                    0.5240544375809167,
                    0.994152071145915
                ],
                [
                    0.05970296720584954,
                    -0.9197351253606676,
                    -0.3879727501830681,
                    -1.3531509993016169
                ],
                [
                    0.0,
                    0.0,
                    0.0,
                    1.0
                ]
            ],
            "is_bad": false,
            "mask_path": "DSC02826.png"
        },
        {
            "file_path": "DSC02715.JPG",
            "transform_matrix": [
                [
                    -0.323107421152357,
                    -0.03209566058190009,
                    -0.945817880444267,
                    0.6077395084293283
                ],
                [
                    0.9461564413677209,
                    0.00988882209310399,
                    -0.32355864948411045,
                    1.2848968363359834
                ],
                [
                    0.01973785334437012,
                    -0.9994358807694583,
                    0.027172364194779523,
                    -1.793917133400698
                ],
                [
                    0.0,
                    0.0,
                    0.0,
                    1.0
                ]
            ],
            "is_bad": false,
            "mask_path": "DSC02715.png"
        },
        {
            "file_path": "DSC02934.JPG",
            "transform_matrix": [
                [
                    -0.5442458227783001,
                    0.1562331428733982,
                    -0.8242497737071397,
                    0.6987889230793536
                ],
                [
                    0.8382011845837452,
                    0.06044048126893428,
                    -0.542001588915001,
                    1.6109484478146476
                ],
                [
                    -0.03486055866989656,
                    -0.9858692374203992,
                    -0.1638492848850515,
                    -0.8830919308838362
                ],
                [
                    0.0,
                    0.0,
                    0.0,
                    1.0
                ]
            ],
            "is_bad": false,
            "mask_path": "DSC02934.png"
        },
        {
            "file_path": "DSC02968.JPG",
            "transform_matrix": [
                [
                    0.10908708455290342,
                    0.20244726725359208,
                    -0.9731983929113839,
                    0.7677273946124469
                ],
                [
                    0.9940312508036989,
                    -0.020866347708315486,
                    0.10708159486554852,
                    1.394660067102485
                ],
                [
                    0.0013712801980238054,
                    -0.9790708347790102,
                    -0.20351515932664613,
                    -0.8699205772348926
                ],
                [
                    0.0,
                    0.0,
                    0.0,
                    1.0
                ]
            ],
            "is_bad": false,
            "mask_path": "DSC02968.png"
        },
        {
            "file_path": "DSC02480.JPG",
            "transform_matrix": [
                [
                    0.9183926929832512,
                    -0.07070198077273353,
                    -0.3893020567500059,
                    0.8785530714701798
                ],
                [
                    0.3955182439220491,
                    0.1913045285059777,
                    0.898313918459424,
                    1.4835062315499294
                ],
                [
                    0.010962673022169672,
                    -0.978981004559291,
                    0.2036566043915377,
                    -1.585551028785745
                ],
                [
                    0.0,
                    0.0,
                    0.0,
                    1.0
                ]
            ],
            "is_bad": false,
            "mask_path": "DSC02480.png"
        },
        {
            "file_path": "DSC02648.JPG",
            "transform_matrix": [
                [
                    -0.26298156390645006,
                    -0.07047841766553115,
                    0.9622232015954933,
                    0.9361148738022165
                ],
                [
                    -0.9647261149031198,
                    0.006795183765578506,
                    -0.26316790971074994,
                    2.158710015127751
                ],
                [
                    0.012009174378414445,
                    -0.9974901594105856,
                    -0.06977937811269133,
                    -1.5934067133965761
                ],
                [
                    0.0,
                    0.0,
                    0.0,
                    1.0
                ]
            ],
            "is_bad": false,
            "mask_path": "DSC02648.png"
        },
        {
            "file_path": "DSC02814.JPG",
            "transform_matrix": [
                [
                    0.7201946543654516,
                    0.058268555740452095,
                    0.6913207903971562,
                    1.0813886221329432
                ],
                [
                    -0.6935543201127997,
                    0.03550579216247618,
                    0.7195288345686961,
                    0.9744861469036336
                ],
                [
                    0.017380013702488623,
                    -0.9976693410819218,
                    0.06598349027495069,
                    -1.6565490202665096
                ],
                [
                    0.0,
                    0.0,
                    0.0,
                    1.0
                ]
            ],
            "is_bad": false,
            "mask_path": "DSC02814.png"
        },
        {
            "file_path": "DSC02609.JPG",
            "transform_matrix": [
                [
                    0.9758005201322126,
                    -0.06698644286222488,
                    0.20814937276477113,
                    1.0385560267157072
                ],
                [
                    -0.218074732458748,
                    -0.22837221927559712,
                    0.9488358870353623,
                    2.212648752760161
                ],
                [
                    -0.016023606733407855,
                    -0.9712666708663507,
                    -0.23745378095841788,
                    -1.374561398925777
                ],
                [
                    0.0,
                    0.0,
                    0.0,
                    1.0
                ]
            ],
            "is_bad": false,
            "mask_path": "DSC02609.png"
        },
        {
            "file_path": "DSC02387.JPG",
            "transform_matrix": [
                [
                    -0.9407872036852362,
                    -0.021793905335727313,
                    0.33829641303497576,
                    0.9377049005791779
                ],
                [
                    -0.33548784263017095,
                    -0.08337393647415356,
                    -0.9383478534979218,
                    1.0512580309834036
                ],
                [
                    0.04865536794092857,
                    -0.996279986954983,
                    0.07112554227218032,
                    -1.4991882479834546
                ],
                [
                    0.0,
                    0.0,
                    0.0,
                    1.0
                ]
            ],
            "is_bad": false,
            "mask_path": "DSC02387.png"
        },
        {
            "file_path": "DSC02456.JPG",
            "transform_matrix": [
                [
                    -0.5823516588455905,
                    -0.0972105459761995,
                    -0.8071038688984203,
                    0.7170627706855649
                ],
                [
                    0.8124340040582991,
                    -0.03467464112075793,
                    -0.5820211837321271,
                    1.2301486136058284
                ],
                [
                    0.02859256003908613,
                    -0.9946596297297665,
                    0.099169987880686,
                    -1.4512820847993175
                ],
                [
                    0.0,
                    0.0,
                    0.0,
                    1.0
                ]
            ],
            "is_bad": false,
            "mask_path": "DSC02456.png"
        },
        {
            "file_path": "DSC02428.JPG",
            "transform_matrix": [
                [
                    -0.991155948969458,
                    0.03637421391605468,
                    -0.12761975311229007,
                    0.7664618017555768
                ],
                [
                    0.13262332569217516,
                    0.23835689285730974,
                    -0.9620795419869171,
                    1.129985607969038
                ],
                [
                    -0.004575839245429555,
                    -0.9704962175039109,
                    -0.24107292155238413,
                    -1.268511988078018
                ],
                [
                    0.0,
                    0.0,
                    0.0,
                    1.0
                ]
            ],
            "is_bad": false,
            "mask_path": "DSC02428.png"
        },
        {
            "file_path": "DSC02689.JPG",
            "transform_matrix": [
                [
                    -0.9781077571223867,
                    -2.1484380586140354e-05,
                    -0.2080990509239171,
                    1.1375287166146686
                ],
                [
                    0.20791602693427247,
                    -0.04203233018248415,
                    -0.9772431677751946,
                    2.0000532984860673
                ],
                [
                    -0.008725892554954132,
                    -0.9991162508726658,
                    0.04111661514846992,
                    -1.4042686643770992
                ],
                [
                    0.0,
                    0.0,
                    0.0,
                    1.0
                ]
            ],
            "is_bad": false,
            "mask_path": "DSC02689.png"
        },
        {
            "file_path": "DSC02901.JPG",
            "transform_matrix": [
                [
                    -0.9971407131520522,
                    -0.019499616390663846,
                    0.07300796624501195,
                    0.9584144702116711
                ],
                [
                    -0.07536281040669714,
                    0.18560360818164395,
                    -0.9797304463154946,
                    1.3599655722839004
                ],
                [
                    0.005553825908327813,
                    -0.9824312014541127,
                    -0.18654246011889117,
                    -0.8515991729316559
                ],
                [
                    0.0,
                    0.0,
                    0.0,
                    1.0
                ]
            ],
            "is_bad": false,
            "mask_path": "DSC02901.png"
        },
        {
            "file_path": "DSC02652.JPG",
            "transform_matrix": [
                [
                    -0.8297749466938652,
                    0.13452518500320454,
                    0.5416424211959835,
                    0.9522273241619577
                ],
                [
                    -0.5575146824290638,
                    -0.15543524585112656,
                    -0.8154859062075942,
                    1.8218966610480916
                ],
                [
                    -0.025513069498085156,
                    -0.9786433767961923,
                    0.20397603863623842,
                    -1.7411962429263212
                ],
                [
                    0.0,
                    0.0,
                    0.0,
                    1.0
                ]
            ],
            "is_bad": false,
            "mask_path": "DSC02652.png"
        },
        {
            "file_path": "DSC02850.JPG",
            "transform_matrix": [
                [
                    -0.17489214545165793,
                    0.21205639454934122,
                    0.9614805369793247,
                    1.0635422474327216
                ],
                [
                    -0.9842614251263965,
                    -0.01252106305270528,
                    -0.17627441671492167,
                    1.0796973341614429
                ],
                [
                    -0.025341358832387324,
                    -0.9771772144860751,
                    0.21090876468692277,
                    -1.7329943281381486
                ],
                [
                    0.0,
                    0.0,
                    0.0,
                    1.0
                ]
            ],
            "is_bad": false,
            "mask_path": "DSC02850.png"
        },
        {
            "file_path": "DSC02733.JPG",
            "transform_matrix": [
                [
                    0.8996285701207772,
                    -0.030020668069986392,
                    -0.4356227672092863,
                    0.721578121403883
                ],
                [
                    0.4331314756702405,
                    0.18785029910000842,
                    0.8815380819407387,
                    1.1997622588989294
                ],
                [
                    0.05536750496604311,
                    -0.9817387761602713,
                    0.18199839223786107,
                    -1.8221802327963401
                ],
                [
                    0.0,
                    0.0,
                    0.0,
                    1.0
                ]
            ],
            "is_bad": false,
            "mask_path": "DSC02733.png"
        },
        {
            "file_path": "DSC02318.JPG",
            "transform_matrix": [
                [
                    -0.9928868177057102,
                    0.10545608129989219,
                    -0.055270083617616345,
                    0.763389655126446
                ],
                [
                    0.08638196254893758,
                    0.3185687144277876,
                    -0.9439555766740406,
                    1.0934402115500073
                ],
                [
                    -0.08193853655284403,
                    -0.9420153868725802,
                    -0.3254121803542101,
                    -1.421383053495901
                ],
                [
                    0.0,
                    0.0,
                    0.0,
                    1.0
                ]
            ],
            "is_bad": false,
            "mask_path": "DSC02318.png"
        },
        {
            "file_path": "DSC02669.JPG",
            "transform_matrix": [
                [
                    -0.999523366742183,
                    0.003809007990898518,
                    -0.030635449963976814,
                    1.0323033508049062
                ],
                [
                    0.029016439353762028,
                    -0.22288453453057147,
                    -0.9744129158187091,
                    1.7635708113816717
                ],
                [
                    -0.010539714588144275,
                    -0.9748374098921394,
                    0.22266777649939587,
                    -1.9140176916195053
                ],
                [
                    0.0,
                    0.0,
                    0.0,
                    1.0
                ]
            ],
            "is_bad": false,
            "mask_path": "DSC02669.png"
        },
        {
            "file_path": "DSC02650.JPG",
            "transform_matrix": [
                [
                    -0.3134651815332808,
                    -0.32726990211785223,
                    0.8914224537973445,
                    0.9660375584908397
                ],
                [
                    -0.9495413050575235,
                    0.11843589986262598,
                    -0.29042081126080643,
                    2.1509049241061384
                ],
                [
                    -0.010530429998927237,
                    -0.9374792524592219,
                    -0.34788182081352886,
                    -1.4572208569237541
                ],
                [
                    0.0,
                    0.0,
                    0.0,
                    1.0
                ]
            ],
            "is_bad": false,
            "mask_path": "DSC02650.png"
        },
        {
            "file_path": "DSC02558.JPG",
            "transform_matrix": [
                [
                    0.9498123735094354,
                    -0.010815946539104997,
                    -0.31263312433079665,
                    1.1737454093491497
                ],
                [
                    0.31243660669930995,
                    -0.016675401311432542,
                    0.9497922392741072,
                    2.1194571591515907
                ],
                [
                    -0.015486184894708219,
                    -0.9998024536334993,
                    -0.012459204863914736,
                    -1.4564692825546208
                ],
                [
                    0.0,
                    0.0,
                    0.0,
                    1.0
                ]
            ],
            "is_bad": false,
            "mask_path": "DSC02558.png"
        },
        {
            "file_path": "DSC02275.JPG",
            "transform_matrix": [
                [
                    -0.9995830934872079,
                    0.010341507053161081,
                    -0.026957233656532773,
                    0.7051607502968981
                ],
                [
                    0.025417835185144923,
                    -0.12769278211440013,
                    -0.9914880165944441,
                    1.1153336969892849
                ],
                [
                    -0.013695724480446992,
                    -0.9917598533050997,
                    0.1273766874400571,
                    -1.6612418273416263
                ],
                [
                    0.0,
                    0.0,
                    0.0,
                    1.0
                ]
            ],
            "is_bad": false,
            "mask_path": "DSC02275.png"
        },
        {
            "file_path": "DSC02512.JPG",
            "transform_matrix": [
                [
                    0.9563848505134402,
                    -0.06465240636763972,
                    0.28486502779256223,
                    1.0591907348132723
                ],
                [
                    -0.29116956025637575,
                    -0.13282145622941488,
                    0.9474063267390637,
                    2.086848790331458
                ],
                [
                    -0.023415911011365708,
                    -0.9890290830486081,
                    -0.14585324129252816,
                    -1.4240941828464884
                ],
                [
                    0.0,
                    0.0,
                    0.0,
                    1.0
                ]
            ],
            "is_bad": false,
            "mask_path": "DSC02512.png"
        },
        {
            "file_path": "DSC02642.JPG",
            "transform_matrix": [
                [
                    -0.27945749173678613,
                    0.2449783494009724,
                    0.9283798353243996,
                    0.9617157467679212
                ],
                [
                    -0.9599911537477166,
                    -0.08931758178590266,
                    -0.2654041339354883,
                    2.164673820057528
                ],
                [
                    0.017902375214259383,
                    -0.9654056027953711,
                    0.26013751565853427,
                    -1.7088384243822072
                ],
                [
                    0.0,
                    0.0,
                    0.0,
                    1.0
                ]
            ],
            "is_bad": false,
            "mask_path": "DSC02642.png"
        },
        {
            "file_path": "DSC02746.JPG",
            "transform_matrix": [
                [
                    0.9782729001634836,
                    0.04243938302008919,
                    0.20293110056026906,
                    0.9157329483364592
                ],
                [
                    -0.20547333260495237,
                    0.06807064466762182,
                    0.976292526306921,
                    1.5244551764663943
                ],
                [
                    0.027619601625342174,
                    -0.9967774506395143,
                    0.07531182843782767,
                    -1.6782896852517983
                ],
                [
                    0.0,
                    0.0,
                    0.0,
                    1.0
                ]
            ],
            "is_bad": false,
            "mask_path": "DSC02746.png"
        },
        {
            "file_path": "DSC02984.JPG",
            "transform_matrix": [
                [
                    0.9614453042605948,
                    -0.017007146278017013,
                    -0.2744698232788623,
                    0.8564690895854584
                ],
                [
                    0.2737199400324287,
                    -0.03686368999947709,
                    0.9611027326921225,
                    1.5005864852412998
                ],
                [
                    -0.026463585242659838,
                    -0.9991755728274687,
                    -0.030787226588373705,
                    -0.9587124024599515
                ],
                [
                    0.0,
                    0.0,
                    0.0,
                    1.0
                ]
            ],
            "is_bad": false,
            "mask_path": "DSC02984.png"
        },
        {
            "file_path": "DSC02912.JPG",
            "transform_matrix": [
                [
                    -0.7813661652026139,
                    0.13349447206508158,
