{
    "fl_x": 625.883593343986,
    "fl_y": 626.5272789045376,
    "cx": 876.0,
    "cy": 584.0,
    "w": 1752,
    "h": 1168,
    "k1": 0.0,
    "k2": 0.0,
    "k3": 0.0,
    "k4": 0.0,
    "camera_model": "PINHOLE",
    "has_mask": false,
    "aabb_range": [
        [
            0.0,
            0.001117844134569168,
            -3.4445762634277344
        ],
        [
            4.391836166381836,
            5.663454532623291,
            -0.0620059035718441
        ]
    ],
    "frames": [
        {
            "file_path": "DSC03640.JPG",
            "transform_matrix": [
                [
                    -0.968286227833545,
                    -0.016618808744666244,
                    0.24929018469204117,
                    3.124004621132914
                ],
                [
                    -0.23979571060060942,
                    0.34193620295759175,
                    -0.9086130366027627,
                    1.7348712298366757
                ],
                [
                    -0.07014127290998166,
                    -0.9395762067564574,
                    -0.3350772351737949,
                    -1.4216024433251193
                ],
                [
                    0.0,
                    0.0,
                    0.0,
                    1.0
                ]
            ],
            "is_bad": false,
            "mask_path": "DSC03640.png"
        },
        {
            "file_path": "DSC03566.JPG",
            "transform_matrix": [
                [
                    0.4543417910385367,
                    0.5745925104113015,
                    -0.6807473715668195,
                    0.6088752896268563
                ],
                [
                    0.8907830876928737,
                    -0.2854145067797882,
                    0.3536156812133765,
                    4.0923755460638445
                ],
                [
                    0.008889746691815487,
                    -0.7670606275248971,
                    -0.6415130287880886,
                    -1.4977006540042592
                ],
                [
                    0.0,
                    0.0,
                    0.0,
                    1.0
                ]
            ],
            "is_bad": false,
            "mask_path": "DSC03566.png"
        },
        {
            "file_path": "DSC03813.JPG",
            "transform_matrix": [
                [
                    0.9487157758111695,
                    -0.1474505611678564,
                    0.2796367442563557,
                    3.2442582596596106
                ],
                [
                    -0.3160650955743833,
                    -0.42444473146786094,
                    0.8484983943937259,
                    4.685870683678894
                ],
                [
                    -0.006421221578943897,
                    -0.89336722681127,
                    -0.44928138841150994,
                    -1.5673977917101776
                ],
                [
                    0.0,
                    0.0,
                    0.0,
                    1.0
                ]
            ],
            "is_bad": false,
            "mask_path": "DSC03813.png"
        },
        {
            "file_path": "DSC03487.JPG",
            "transform_matrix": [
                [
                    -0.9272216820722952,
                    0.2606119974781151,
                    -0.26896345302938224,
                    1.1301072104136205
                ],
                [
                    0.37318544819475885,
                    0.5825233906133983,
                    -0.7220797190365799,
                    2.107301703210738
                ],
                [
                    -0.031505135306796474,
                    -0.7699012184421682,
                    -0.6373849231748134,
                    -1.4259834965174896
                ],
                [
                    0.0,
                    0.0,
                    0.0,
                    1.0
                ]
            ],
            "is_bad": false,
            "mask_path": "DSC03487.png"
        },
        {
            "file_path": "DSC03744.JPG",
            "transform_matrix": [
                [
                    0.7552663193219054,
                    0.0907766500699201,
                    0.6491012145266898,
                    3.278510246873758
                ],
                [
                    -0.6545550674471896,
                    0.053663686003057785,
                    0.754107334856099,
                    3.190075572377437
                ],
                [
                    0.03362217389082878,
                    -0.9944243604249884,
                    0.0999486909179233,
                    -1.6190328536783436
                ],
                [
                    0.0,
                    0.0,
                    0.0,
                    1.0
                ]
            ],
            "is_bad": false,
            "mask_path": "DSC03744.png"
        },
        {
            "file_path": "DSC03618.JPG",
            "transform_matrix": [
                [
                    0.5221686763144889,
                    -0.19062734250824012,
                    0.8312647531107172,
                    2.0422725589532194
                ],
                [
                    -0.8528227484850829,
                    -0.11012398762421859,
                    0.5104567239405234,
                    1.4535767520346774
                ],
                [
                    -0.005764819366230877,
                    -0.9754660033225082,
                    -0.2200746310224967,
                    -1.6416660599359543
                ],
                [
                    0.0,
                    0.0,
                    0.0,
                    1.0
                ]
            ],
            "is_bad": false,
            "mask_path": "DSC03618.png"
        },
        {
            "file_path": "DSC03506.JPG",
            "transform_matrix": [
                [
                    0.16694647855428973,
                    -0.2420484422812136,
                    -0.9557936099846869,
                    0.9664714596942523
                ],
                [
                    0.9854578971916652,
                    0.07207955062118923,
                    0.15387420591128598,
                    3.1314909636591057
                ],
                [
                    0.031648162046214984,
                    -0.9675831178619672,
                    0.25056197610094605,
                    -1.8127901541836065
                ],
                [
                    0.0,
                    0.0,
                    0.0,
                    1.0
                ]
            ],
            "is_bad": true,
            "mask_path": "DSC03506.png"
        },
        {
            "file_path": "DSC03761.JPG",
            "transform_matrix": [
                [
                    0.7525894475890155,
                    -0.3430058555687589,
                    0.5620997299618676,
                    3.3301044837427796
                ],
                [
                    -0.6560363361777075,
                    -0.31693882657973543,
                    0.6849570101990277,
                    3.949031159760722
                ],
                [
                    -0.056793036476236375,
                    -0.8842492653385721,
                    -0.4635491211899824,
                    -1.4550220924989572
                ],
                [
                    0.0,
                    0.0,
                    0.0,
                    1.0
                ]
            ],
            "is_bad": true,
            "mask_path": "DSC03761.png"
        },
        {
            "file_path": "DSC03849.JPG",
            "transform_matrix": [
                [
                    -0.6552192420985947,
                    0.27923120349372715,
                    -0.7019385156687066,
                    1.7431156251094113
                ],
                [
                    0.7550778742349792,
                    0.21335332033175827,
                    -0.6199498080846536,
                    2.419914514808283
                ],
                [
                    -0.023348418030518812,
                    -0.9362212856471797,
                    -0.35063450440111166,
                    -1.672376375770867
                ],
                [
                    0.0,
                    0.0,
                    0.0,
                    1.0
                ]
            ],
            "is_bad": false,
            "mask_path": "DSC03849.png"
        },
        {
            "file_path": "DSC03698.JPG",
            "transform_matrix": [
                [
                    -0.7738205591646258,
                    -0.008650623817754825,
                    -0.6333458051662699,
                    2.8062056821939505
                ],
                [
                    0.6333813940606223,
                    -0.019178572297707464,
                    -0.7736020889465363,
                    1.2259227261737673
                ],
                [
                    -0.005454527657724897,
                    -0.9997786500381902,
                    0.020319917712574576,
                    -1.6709986741022564
                ],
                [
                    0.0,
                    0.0,
                    0.0,
                    1.0
                ]
            ],
            "is_bad": false,
            "mask_path": "DSC03698.png"
        },
        {
            "file_path": "DSC03559.JPG",
            "transform_matrix": [
                [
                    0.5547404361614485,
                    0.1443525281615589,
                    -0.8194055138335186,
                    1.1756535252342761
                ],
                [
                    0.8299323486373734,
                    -0.16578252662659143,
                    0.5326616661170173,
                    4.347854647285136
                ],
                [
                    -0.05895205825634152,
                    -0.9755401075705037,
                    -0.2117691038576474,
                    -1.6211230106880357
                ],
                [
                    0.0,
                    0.0,
                    0.0,
                    1.0
                ]
            ],
            "is_bad": false,
            "mask_path": "DSC03559.png"
        },
        {
            "file_path": "DSC03476.JPG",
            "transform_matrix": [
                [
                    -0.15768885479539746,
                    -0.19770439773881907,
                    -0.9674953210160999,
                    1.5389865595223218
                ],
                [
                    0.9869672088051982,
                    0.00028739809096827107,
                    -0.160921242058386,
                    1.7800236933888827
                ],
                [
                    0.03209289355281664,
                    -0.9802616428877893,
                    0.1950824381289598,
                    -1.7249571945152193
                ],
                [
                    0.0,
                    0.0,
                    0.0,
                    1.0
                ]
            ],
            "is_bad": false,
            "mask_path": "DSC03476.png"
        },
        {
            "file_path": "DSC03493.JPG",
            "transform_matrix": [
                [
                    -0.620937122534279,
                    0.3968666854815768,
                    -0.6759688778440304,
                    1.1687008233266016
                ],
                [
                    0.7838574947939604,
                    0.31671621053095905,
                    -0.5340957496949827,
                    2.691497257089539
                ],
                [
                    0.0021254915163805275,
                    -0.8615031491188975,
                    -0.507747778275826,
                    -1.4988834485676041
                ],
                [
                    0.0,
                    0.0,
                    0.0,
                    1.0
                ]
            ],
            "is_bad": false,
            "mask_path": "DSC03493.png"
        },
        {
            "file_path": "DSC03653.JPG",
            "transform_matrix": [
                [
                    -0.9153375244432835,
                    -0.18253786357835236,
                    0.35893891500684677,
                    2.566885725722962
                ],
                [
                    -0.4013295826568974,
                    0.4866620346027252,
                    -0.7759475692086268,
                    1.6567374715680767
                ],
                [
                    -0.033042131143168216,
                    -0.8543067320562252,
                    -0.5187178666027721,
                    -1.4369010557712656
                ],
                [
                    0.0,
                    0.0,
                    0.0,
                    1.0
                ]
            ],
            "is_bad": false,
            "mask_path": "DSC03653.png"
        },
        {
            "file_path": "DSC03522.JPG",
            "transform_matrix": [
                [
                    -0.13525062921476275,
                    0.47673520186110346,
                    -0.8685797687049035,
                    0.8282879529581351
                ],
                [
                    0.990600262194723,
                    0.08316027322700892,
                    -0.10860704165271919,
                    3.608525696784608
                ],
                [
                    0.02045453095910565,
                    -0.8751045173367936,
                    -0.4835014952406878,
                    -1.5386815359475543
                ],
                [
                    0.0,
                    0.0,
                    0.0,
                    1.0
                ]
            ],
            "is_bad": false,
            "mask_path": "DSC03522.png"
        },
        {
            "file_path": "DSC03843.JPG",
            "transform_matrix": [
                [
                    -0.29245820259494376,
                    -0.265063641202507,
                    0.9188087210336019,
                    2.986293030756819
                ],
                [
                    -0.9546761367011267,
                    0.13652351620033876,
                    -0.2644897040296788,
                    2.7497620157763745
                ],
                [
                    -0.05533239330036345,
                    -0.954516943609051,
                    -0.2929773551230357,
                    -1.679018456013803
                ],
                [
                    0.0,
                    0.0,
                    0.0,
                    1.0
                ]
            ],
            "is_bad": false,
            "mask_path": "DSC03843.png"
        },
        {
            "file_path": "DSC03733.JPG",
            "transform_matrix": [
                [
                    0.23358523982958546,
                    0.18155912893738102,
                    -0.9552351639430232,
                    2.996725425873858
                ],
                [
                    0.9715200833342005,
                    -0.003333782151018853,
                    0.23693377466051047,
                    2.1787117043450532
                ],
                [
                    0.039832943803629194,
                    -0.9833743786554889,
                    -0.1771670623786146,
                    -1.5966387429870965
                ],
                [
                    0.0,
                    0.0,
                    0.0,
                    1.0
                ]
            ],
            "is_bad": false,
            "mask_path": "DSC03733.png"
        },
        {
            "file_path": "DSC03857.JPG",
            "transform_matrix": [
                [
                    0.3645822058494486,
                    -0.1757649523539831,
                    -0.9144323357700952,
                    1.304278969862349
                ],
                [
                    0.9311573023537295,
                    0.06344990987401078,
                    0.35905457413923186,
                    2.279606168809979
                ],
                [
                    -0.005088560825568049,
                    -0.9823852556207172,
                    0.1867975269850823,
                    -1.8537672599350419
                ],
                [
                    0.0,
                    0.0,
                    0.0,
                    1.0
                ]
            ],
            "is_bad": false,
            "mask_path": "DSC03857.png"
        },
        {
            "file_path": "DSC03798.JPG",
            "transform_matrix": [
                [
                    0.7601011609150661,
                    -0.03861877103666831,
                    0.6486561613822741,
                    2.779343273852052
                ],
                [
                    -0.6497088003299623,
                    -0.062321815518533004,
                    0.75762422485311,
                    4.644459809722006
                ],
                [
                    0.011166913153190149,
                    -0.9973086692865412,
                    -0.07246183972642298,
                    -1.675376255001369
                ],
                [
                    0.0,
                    0.0,
                    0.0,
                    1.0
                ]
            ],
            "is_bad": false,
            "mask_path": "DSC03798.png"
        },
        {
            "file_path": "DSC03694.JPG",
            "transform_matrix": [
                [
                    -0.6594107256145161,
                    0.1793991534900916,
                    -0.730063996284967,
                    2.3562404743026155
                ],
                [
                    0.7515821466232228,
                    0.13487460800236226,
                    -0.6457035829182283,
                    1.1280219249617796
                ],
                [
                    -0.017371580865476192,
                    -0.9744869336441858,
                    -0.22377096401228325,
                    -1.5787130654023411
                ],
                [
                    0.0,
                    0.0,
                    0.0,
                    1.0
                ]
            ],
            "is_bad": false,
            "mask_path": "DSC03694.png"
        },
        {
            "file_path": "DSC03736.JPG",
            "transform_matrix": [
                [
                    0.9907029741075348,
                    0.015256299327887777,
                    -0.135184549506607,
                    3.3734884526437927
                ],
                [
                    0.13462403637331538,
                    -0.25307345237079415,
                    0.9580345487171559,
                    2.7177921765382242
                ],
                [
                    -0.019595558809141232,
                    -0.9673267664217436,
                    -0.2527744865270473,
                    -1.4895278528303206
                ],
                [
                    0.0,
                    0.0,
                    0.0,
                    1.0
                ]
            ],
            "is_bad": false,
            "mask_path": "DSC03736.png"
        },
        {
            "file_path": "DSC03670.JPG",
            "transform_matrix": [
                [
                    -0.7633811100845285,
                    0.45449199618035363,
                    -0.4590057801096967,
                    1.830583488969751
                ],
                [
                    0.6366329396424553,
                    0.40912746610805284,
                    -0.6536919891188894,
                    1.7498669753021856
                ],
                [
                    -0.10930590527651964,
                    -0.7912343154110557,
                    -0.6016647548159015,
                    -1.443682998634304
                ],
                [
                    0.0,
                    0.0,
                    0.0,
                    1.0
                ]
            ],
            "is_bad": false,
            "mask_path": "DSC03670.png"
        },
        {
            "file_path": "DSC03719.JPG",
            "transform_matrix": [
                [
                    -0.9950451350633578,
                    0.09904289710687234,
                    0.008699639039753864,
                    3.127407097283077
                ],
                [
                    0.06064097882424396,
                    0.6739121995414599,
                    -0.7363185580959032,
                    1.332325519220451
                ],
                [
                    -0.07878991606787022,
                    -0.7321426444634064,
                    -0.676579113839726,
                    -1.4300479022632229
                ],
                [
                    0.0,
                    0.0,
                    0.0,
                    1.0
                ]
            ],
            "is_bad": true,
            "mask_path": "DSC03719.png"
        },
        {
            "file_path": "DSC03756.JPG",
            "transform_matrix": [
                [
                    0.8027619197190033,
                    -0.2733109069237829,
                    0.5299758941740265,
                    3.328948349700798
                ],
                [
                    -0.5960156179186608,
                    -0.3403366649876423,
                    0.7272800957417476,
                    3.55475382161375
                ],
                [
                    -0.018403354207760632,
                    -0.8997066758791935,
                    -0.4361068836103309,
                    -1.4807106265195977
                ],
                [
                    0.0,
                    0.0,
                    0.0,
                    1.0
                ]
            ],
            "is_bad": false,
            "mask_path": "DSC03756.png"
        },
        {
            "file_path": "DSC03600.JPG",
            "transform_matrix": [
                [
                    0.736587773971119,
                    0.18094093708390271,
                    -0.6516892116058629,
                    0.8255222806156661
                ],
                [
                    0.6761856581986361,
                    -0.2177270488449925,
                    0.7038237619232017,
                    2.8368687874928447
                ],
                [
                    -0.014539837782762625,
                    -0.9590908765536504,
                    -0.2827247488791909,
                    -1.6481123915419116
                ],
                [
                    0.0,
                    0.0,
                    0.0,
                    1.0
                ]
            ],
            "is_bad": false,
            "mask_path": "DSC03600.png"
        },
        {
            "file_path": "DSC03819.JPG",
            "transform_matrix": [
                [
                    0.2515235897710979,
                    -0.41140307103078366,
                    0.876061297475868,
                    3.298641764974177
                ],
                [
                    -0.9673221561832831,
                    -0.1367796622553186,
                    0.21349278711527406,
                    4.327114855861289
                ],
                [
                    0.03199578012156022,
                    -0.9011319754285507,
                    -0.43236261738805887,
                    -1.5452031832478152
                ],
                [
                    0.0,
                    0.0,
                    0.0,
                    1.0
                ]
            ],
            "is_bad": false,
            "mask_path": "DSC03819.png"
        },
        {
            "file_path": "DSC03679.JPG",
            "transform_matrix": [
                [
                    0.14029302867467686,
                    0.34190476770154715,
                    -0.9292034201014531,
                    1.5878422989972234
                ],
                [
                    0.9900246240570343,
                    -0.06076798179837371,
                    0.12711607352683718,
                    1.5024552272491436
                ],
                [
                    -0.013004224929385652,
                    -0.9377677656067647,
                    -0.34701946331997335,
                    -1.5169979991180438
                ],
                [
                    0.0,
                    0.0,
                    0.0,
                    1.0
                ]
            ],
            "is_bad": false,
            "mask_path": "DSC03679.png"
        },
        {
            "file_path": "DSC03500.JPG",
            "transform_matrix": [
                [
                    -0.38021956944598395,
                    0.4311866955753923,
                    -0.8182365871611247,
                    1.0252811865301878
                ],
                [
                    0.9245147554833135,
                    0.15177815093787456,
                    -0.34962245321419066,
                    3.314252615101885
                ],
                [
                    -0.026562114071356537,
                    -0.8894050969365164,
                    -0.45634748562844796,
                    -1.5289492520063783
                ],
                [
                    0.0,
                    0.0,
                    0.0,
                    1.0
                ]
            ],
            "is_bad": false,
            "mask_path": "DSC03500.png"
        },
        {
            "file_path": "DSC03625.JPG",
            "transform_matrix": [
                [
                    0.21681864348303526,
                    0.11116167776406831,
                    0.9698622362144292,
                    2.4157434027764446
                ],
                [
                    -0.9748750207121504,
                    -0.02732100565719048,
                    0.22107070507275142,
                    1.4405997892810782
                ],
                [
                    0.051072202122682445,
                    -0.9934267180051867,
                    0.1024450395274595,
                    -1.683978250135191
                ],
                [
                    0.0,
                    0.0,
                    0.0,
                    1.0
                ]
            ],
            "is_bad": false,
            "mask_path": "DSC03625.png"
        },
        {
            "file_path": "DSC03482.JPG",
            "transform_matrix": [
                [
                    -0.5479477024081669,
                    0.43424536988149043,
                    -0.7149715198258582,
                    1.3223580460330109
                ],
                [
                    0.8361559690456719,
                    0.2593713054876948,
                    -0.4832905144102272,
                    1.8167262927799712
                ],
                [
                    -0.02442357170653096,
                    -0.8626456309667925,
                    -0.5052187689694428,
                    -1.4824547820440048
                ],
                [
                    0.0,
                    0.0,
                    0.0,
                    1.0
                ]
            ],
            "is_bad": true,
            "mask_path": "DSC03482.png"
        },
        {
            "file_path": "DSC03531.JPG",
            "transform_matrix": [
                [
                    -0.07703470079802453,
                    0.45789291213441285,
                    -0.8856634439164944,
                    0.9316316936337111
                ],
                [
                    0.996995242461792,
                    0.028131731895598627,
                    -0.07217404082567601,
                    4.115857669263415
                ],
                [
                    -0.008132735180185433,
                    -0.8885621456474615,
                    -0.4586841745044927,
                    -1.5420988270702172
                ],
                [
                    0.0,
                    0.0,
                    0.0,
                    1.0
                ]
            ],
            "is_bad": false,
            "mask_path": "DSC03531.png"
        },
        {
            "file_path": "DSC03604.JPG",
            "transform_matrix": [
                [
                    0.8932751148177369,
                    0.040143108866951695,
                    -0.44771430629124975,
                    1.0469486225667741
                ],
                [
                    0.4473079810397657,
                    0.019091476313220633,
                    0.8941762050235457,
                    2.468812741045048
                ],
                [
                    0.04444253981814743,
                    -0.9990115346394542,
                    -0.0009023922842033615,
                    -1.7027638197121049
                ],
                [
                    0.0,
                    0.0,
                    0.0,
                    1.0
                ]
            ],
            "is_bad": false,
            "mask_path": "DSC03604.png"
        },
        {
            "file_path": "DSC03659.JPG",
            "transform_matrix": [
                [
                    -0.9973099160555797,
                    0.04528987570701519,
                    0.057634698712290974,
                    2.2140162808383534
                ],
                [
                    -0.02137397692819377,
                    0.5724294968592366,
                    -0.8196753163513925,
                    1.6161875362788325
                ],
                [
                    -0.07011479478317295,
                    -0.8187022036637773,
                    -0.5699215887019806,
                    -1.4324159967437904
                ],
                [
                    0.0,
                    0.0,
                    0.0,
                    1.0
                ]
            ],
            "is_bad": false,
            "mask_path": "DSC03659.png"
        },
        {
            "file_path": "DSC03633.JPG",
            "transform_matrix": [
                [
                    -0.38217748496086545,
                    -0.3909622082045334,
                    0.8373105288629913,
                    2.8331026344487116
                ],
                [
                    -0.9212674222128394,
                    0.23194970551761693,
                    -0.3121949244936554,
                    1.4768696822200256
                ],
                [
                    -0.07215751352628398,
                    -0.8907007835778104,
                    -0.44882670082736553,
                    -1.4837949958588514
                ],
                [
                    0.0,
                    0.0,
                    0.0,
                    1.0
                ]
            ],
            "is_bad": false,
            "mask_path": "DSC03633.png"
        },
        {
            "file_path": "DSC03574.JPG",
            "transform_matrix": [
                [
                    0.35376533609245386,
                    0.7283853889642946,
                    -0.5867749245858476,
                    0.5734516307181015
                ],
                [
                    0.935114910080458,
                    -0.2618437264217882,
                    0.23874247187873512,
                    3.9494765099062334
                ],
                [
                    0.02025319541726755,
                    -0.6331607916452862,
                    -0.7737552713865703,
                    -1.225741211179969
                ],
                [
                    0.0,
                    0.0,
                    0.0,
                    1.0
                ]
            ],
            "is_bad": false,
            "mask_path": "DSC03574.png"
        },
        {
            "file_path": "DSC03609.JPG",
            "transform_matrix": [
                [
                    0.9945564371786384,
                    0.048054571724199684,
                    -0.09245675423102852,
                    1.3337343601348148
                ],
                [
                    0.08370281027472229,
                    0.16001636483512774,
                    0.9835591505024316,
                    1.985915265915965
                ],
                [
                    0.06205910745931617,
                    -0.9859439746361629,
                    0.1551230030008382,
                    -1.744229556161579
                ],
                [
                    0.0,
                    0.0,
                    0.0,
                    1.0
                ]
            ],
            "is_bad": false,
            "mask_path": "DSC03609.png"
        },
        {
            "file_path": "DSC03585.JPG",
            "transform_matrix": [
                [
                    0.3300973520968573,
                    -0.15440970917803432,
                    -0.931232183641759,
                    0.732714232700481
                ],
                [
                    0.9438989831382378,
                    0.0440547542939441,
                    0.32728258165490653,
                    4.000768313053351
                ],
                [
                    -0.0095104032114197,
                    -0.9870242247967651,
                    0.16028952521952622,
                    -1.7397857436872002
                ],
                [
                    0.0,
                    0.0,
                    0.0,
                    1.0
                ]
            ],
            "is_bad": false,
            "mask_path": "DSC03585.png"
        },
        {
            "file_path": "DSC03496.JPG",
            "transform_matrix": [
                [
                    -0.4436819675498978,
                    0.4220391251409383,
                    -0.7905879385124229,
                    1.0207538093567599
                ],
                [
                    0.8960411601629377,
                    0.22467606004048146,
                    -0.3829241535063343,
                    2.9883428180514344
                ],
                [
                    0.01601720839934982,
                    -0.8782958754855662,
                    -0.47784914370555737,
                    -1.5063080276519527
                ],
                [
                    0.0,
                    0.0,
                    0.0,
                    1.0
                ]
            ],
            "is_bad": false,
            "mask_path": "DSC03496.png"
        },
        {
            "file_path": "DSC03777.JPG",
            "transform_matrix": [
                [
                    0.8569574774286536,
                    -0.16672020981057475,
                    0.48767638195819585,
                    2.9639180436573307
                ],
                [
                    -0.5146936312310733,
                    -0.22776984040866352,
                    0.8265660081145265,
                    4.512090202129368
                ],
                [
                    -0.02672728660545016,
                    -0.9593358491377926,
                    -0.2809988980579462,
                    -1.5215938805022158
                ],
                [
                    0.0,
                    0.0,
                    0.0,
                    1.0
                ]
            ],
            "is_bad": false,
            "mask_path": "DSC03777.png"
        },
        {
            "file_path": "DSC03703.JPG",
            "transform_matrix": [
                [
                    -0.9773188949796325,
                    -0.019359378966744424,
                    -0.21088620619142426,
                    3.1605214035360136
                ],
                [
                    0.21173861698115523,
                    -0.10725550799087534,
                    -0.9714231900075924,
                    1.3620596733456662
                ],
                [
                    -0.0038125575008889855,
                    -0.9940429922551848,
                    0.10892196267815403,
                    -1.6983234758483423
                ],
                [
                    0.0,
                    0.0,
                    0.0,
                    1.0
                ]
            ],
            "is_bad": true,
            "mask_path": "DSC03703.png"
        },
        {
            "file_path": "DSC03838.JPG",
            "transform_matrix": [
                [
                    0.04978394594719364,
                    -0.3069933998411969,
                    0.9504086548321564,
                    3.147496565103785
                ],
                [
                    -0.9985331381163158,
                    0.0049826498609240955,
                    0.05391424008500518,
                    2.9393629314419027
                ],
                [
                    -0.021286869415370762,
                    -0.9516986002166368,
                    -0.3062950269530763,
                    -1.5984644984506111
                ],
                [
                    0.0,
                    0.0,
                    0.0,
                    1.0
                ]
            ],
            "is_bad": false,
            "mask_path": "DSC03838.png"
        },
        {
            "file_path": "DSC03649.JPG",
            "transform_matrix": [
                [
                    -0.9296210177883882,
                    -0.0401762883732176,
                    0.3663203913770475,
                    2.7990447215596457
                ],
                [
                    -0.35693443944141007,
                    0.3454223294249626,
                    -0.86791774971784,
                    1.7600759679944018
                ],
                [
                    -0.09166552910842575,
                    -0.9375869454014304,
                    -0.33545215841620046,
                    -1.4800287778286754
                ],
                [
                    0.0,
                    0.0,
                    0.0,
                    1.0
                ]
            ],
            "is_bad": true,
            "mask_path": "DSC03649.png"
        },
        {
            "file_path": "DSC03852.JPG",
            "transform_matrix": [
                [
                    -0.18769436062895906,
                    0.23099924122792564,
                    -0.9546780491559492,
                    1.4862633804840961
                ],
                [
                    0.9820541870180706,
                    0.06239091886389629,
                    -0.17798018710967548,
                    2.433779270161089
                ],
                [
                    0.018449952530092344,
                    -0.9709514528520165,
                    -0.23856419567109394,
                    -1.6756533534819442
                ],
                [
                    0.0,
                    0.0,
                    0.0,
                    1.0
                ]
            ],
            "is_bad": false,
            "mask_path": "DSC03852.png"
        },
        {
            "file_path": "DSC03490.JPG",
            "transform_matrix": [
                [
                    -0.732880188554075,
                    0.39676212563697566,
                    -0.5526901888806901,
                    1.0862389356454978
