{
    "fl_x": 463.761923681834,
    "fl_y": 464.2178737943427,
    "cx": 876.0,
    "cy": 584.0,
    "w": 1752,
    "h": 1168,
    "k1": 0.0,
    "k2": 0.0,
    "k3": 0.0,
    "k4": 0.0,
    "camera_model": "PINHOLE",
    "has_mask": false,
    "aabb_range": [
        [
            0.00025842589093372226,
            0.018954603001475334,
            -2.42350172996521
        ],
        [
            2.2559237480163574,
            2.391815423965454,
            5.348829290596768e-05
        ]
    ],
    "frames": [
        {
            "file_path": "DSC09106.JPG",
            "transform_matrix": [
                [
                    -0.9369492980170477,
                    -0.08748861229314994,
                    0.33833674891205684,
                    1.1532929990134195
                ],
                [
                    -0.34945629077692103,
                    0.22759788169866524,
                    -0.9088891599544556,
                    0.9918380912525108
                ],
                [
                    0.0025127239795046602,
                    -0.9698169657029615,
                    -0.24382112142491566,
                    -1.0992710974741844
                ],
                [
                    0.0,
                    0.0,
                    0.0,
                    1.0
                ]
            ],
            "is_bad": false,
            "mask_path": "DSC09106.png"
        },
        {
            "file_path": "DSC09026.JPG",
            "transform_matrix": [
                [
                    -0.3407432158481059,
                    -0.24579807250919308,
                    0.9074565380249662,
                    1.0128142333845718
                ],
                [
                    -0.9400461478812319,
                    0.10385651293850787,
                    -0.3248492951722539,
                    1.76046636763916
                ],
                [
                    -0.014397941073213513,
                    -0.9637412164429926,
                    -0.26644993342433615,
                    -1.4540007054686281
                ],
                [
                    0.0,
                    0.0,
                    0.0,
                    1.0
                ]
            ],
            "is_bad": false,
            "mask_path": "DSC09026.png"
        },
        {
            "file_path": "DSC08965.JPG",
            "transform_matrix": [
                [
                    -0.827461712471572,
                    0.04710114433468733,
                    0.5595432035115583,
                    0.9211343016872086
                ],
                [
                    -0.5615051652016573,
                    -0.07715464979694592,
                    -0.8238683811547637,
                    0.588483941497621
                ],
                [
                    0.004366216379640024,
                    -0.9959059404467243,
                    0.09029005447696063,
                    -1.647945299801901
                ],
                [
                    0.0,
                    0.0,
                    0.0,
                    1.0
                ]
            ],
            "is_bad": false,
            "mask_path": "DSC08965.png"
        },
        {
            "file_path": "DSC08808.JPG",
            "transform_matrix": [
                [
                    -0.19258545227077992,
                    -0.06072785618314781,
                    -0.9793992909212554,
                    0.6646747219322221
                ],
                [
                    0.9793888204369973,
                    0.050043809973155884,
                    -0.1956863702111058,
                    1.2014393913064298
                ],
                [
                    0.06089648574988917,
                    -0.996899064382533,
                    0.04983847365784755,
                    -1.560232638216053
                ],
                [
                    0.0,
                    0.0,
                    0.0,
                    1.0
                ]
            ],
            "is_bad": false,
            "mask_path": "DSC08808.png"
        },
        {
            "file_path": "DSC09076.JPG",
            "transform_matrix": [
                [
                    -0.9809160572883131,
                    0.05765103931403496,
                    -0.185688034670957,
                    0.5894519901423145
                ],
                [
                    0.19439817956603844,
                    0.2730668913952972,
                    -0.9421485130302545,
                    1.1652481117837612
                ],
                [
                    -0.003610586567466291,
                    -0.9602660206889133,
                    -0.27906295557618954,
                    -0.8707426031229517
                ],
                [
                    0.0,
                    0.0,
                    0.0,
                    1.0
                ]
            ],
            "is_bad": false,
            "mask_path": "DSC09076.png"
        },
        {
            "file_path": "DSC08524.JPG",
            "transform_matrix": [
                [
                    0.5775947738344143,
                    0.2400702724141984,
                    0.7802246737588768,
                    1.2544918872544146
                ],
                [
                    -0.8156049659243539,
                    0.12961681565040503,
                    0.5639042655098331,
                    1.1701548241232178
                ],
                [
                    0.03424641293197209,
                    -0.9620632751558614,
                    0.27066850167256407,
                    -1.6583188174265275
                ],
                [
                    0.0,
                    0.0,
                    0.0,
                    1.0
                ]
            ],
            "is_bad": true,
            "mask_path": "DSC08524.png"
        },
        {
            "file_path": "DSC08997.JPG",
            "transform_matrix": [
                [
                    -0.6997474063317888,
                    -0.3781258377557174,
                    0.6061141956376453,
                    1.2490165781744829
                ],
                [
                    -0.7134619520410631,
                    0.3266534706767827,
                    -0.6198947919482498,
                    1.4130850137289361
                ],
                [
                    0.036408931894334154,
                    -0.8662091900438068,
                    -0.49835331719771114,
                    -1.2887192667389846
                ],
                [
                    0.0,
                    0.0,
                    0.0,
                    1.0
                ]
            ],
            "is_bad": false,
            "mask_path": "DSC08997.png"
        },
        {
            "file_path": "DSC09010.JPG",
            "transform_matrix": [
                [
                    -0.6640349315260698,
                    0.2333348582051977,
                    -0.7103607911896093,
                    0.7196564812976928
                ],
                [
                    0.7444877953744075,
                    0.2943258878609635,
                    -0.5992580364696077,
                    1.5004151466906848
                ],
                [
                    0.06924978160053696,
                    -0.9267832085667153,
                    -0.36915762496129206,
                    -1.311077392358002
                ],
                [
                    0.0,
                    0.0,
                    0.0,
                    1.0
                ]
            ],
            "is_bad": false,
            "mask_path": "DSC09010.png"
        },
        {
            "file_path": "DSC08890.JPG",
            "transform_matrix": [
                [
                    -0.5388165006073943,
                    0.1986241034484213,
                    -0.8186728554205966,
                    1.0774478151993356
                ],
                [
                    0.8416626112945609,
                    0.1682111751322191,
                    -0.5131364821462794,
                    0.6479147252534577
                ],
                [
                    0.03578864934616629,
                    -0.9655327369333206,
                    -0.25780943832223907,
                    -1.2931784579152124
                ],
                [
                    0.0,
                    0.0,
                    0.0,
                    1.0
                ]
            ],
            "is_bad": false,
            "mask_path": "DSC08890.png"
        },
        {
            "file_path": "DSC09075.JPG",
            "transform_matrix": [
                [
                    -0.4158446778984599,
                    -0.13517548046340733,
                    0.8993335273106486,
                    0.9284131253223366
                ],
                [
                    -0.909337546499715,
                    0.047278261309818916,
                    -0.4133642371243539,
                    1.320112128908818
                ],
                [
                    0.013357783850800295,
                    -0.9896930612513193,
                    -0.14258055309749576,
                    -0.8811799388161842
                ],
                [
                    0.0,
                    0.0,
                    0.0,
                    1.0
                ]
            ],
            "is_bad": false,
            "mask_path": "DSC09075.png"
        },
        {
            "file_path": "DSC09159.JPG",
            "transform_matrix": [
                [
                    0.1712346227847305,
                    0.3401327321210611,
                    -0.9246558432733952,
                    0.9221720364822763
                ],
                [
                    0.9852039194901504,
                    -0.06597934232122814,
                    0.15817700025004766,
                    1.2321555101665427
                ],
                [
                    -0.007207009158896764,
                    -0.9380599399434563,
                    -0.34639804862652285,
                    -1.296071630056938
                ],
                [
                    0.0,
                    0.0,
                    0.0,
                    1.0
                ]
            ],
            "is_bad": false,
            "mask_path": "DSC09159.png"
        },
        {
            "file_path": "DSC09131.JPG",
            "transform_matrix": [
                [
                    -0.9474434414364812,
                    0.030851393627947275,
                    0.3184322797553817,
                    1.1338511004650984
                ],
                [
                    -0.3159356835113414,
                    -0.24688845747188928,
                    -0.9160953735563628,
                    0.9499529274138264
                ],
                [
                    0.05035443538773426,
                    -0.9685526733628709,
                    0.24365990593123463,
                    -1.4126193387331716
                ],
                [
                    0.0,
                    0.0,
                    0.0,
                    1.0
                ]
            ],
            "is_bad": false,
            "mask_path": "DSC09131.png"
        },
        {
            "file_path": "DSC08724.JPG",
            "transform_matrix": [
                [
                    0.15543093518802525,
                    -0.19594030139330512,
                    -0.9682193050525674,
                    0.8189776626219829
                ],
                [
                    0.9870374064827779,
                    0.07047211836856418,
                    0.14419028655356173,
                    1.4650387454794964
                ],
                [
                    0.0399797772671016,
                    -0.9780803028496933,
                    0.20435395417540891,
                    -1.600097099119369
                ],
                [
                    0.0,
                    0.0,
                    0.0,
                    1.0
                ]
            ],
            "is_bad": false,
            "mask_path": "DSC08724.png"
        },
        {
            "file_path": "DSC08765.JPG",
            "transform_matrix": [
                [
                    0.17146360495879778,
                    0.28595910137452907,
                    -0.9427765506818703,
                    0.7248900773885825
                ],
                [
                    0.9846089576041459,
                    -0.01686520580588853,
                    0.173956217016818,
                    0.991444201494616
                ],
                [
                    0.033844242940426414,
                    -0.958093396895207,
                    -0.28444966170764313,
                    -1.3533854332927342
                ],
                [
                    0.0,
                    0.0,
                    0.0,
                    1.0
                ]
            ],
            "is_bad": false,
            "mask_path": "DSC08765.png"
        },
        {
            "file_path": "DSC08663.JPG",
            "transform_matrix": [
                [
                    0.9946475841588205,
                    -0.012953429183601806,
                    -0.10251044824508246,
                    0.9777425284439795
                ],
                [
                    0.10332558548387144,
                    0.12390747041927998,
                    0.9868995704521866,
                    1.2136210965037932
                ],
                [
                    -8.192336358482483e-05,
                    -0.9922092256407823,
                    0.12458268676618678,
                    -1.578489700623966
                ],
                [
                    0.0,
                    0.0,
                    0.0,
                    1.0
                ]
            ],
            "is_bad": false,
            "mask_path": "DSC08663.png"
        },
        {
            "file_path": "DSC08928.JPG",
            "transform_matrix": [
                [
                    -0.8280856292492448,
                    0.24540928325094685,
                    -0.5040322155627944,
                    0.8828674167264878
                ],
                [
                    0.5604135023873824,
                    0.385672394019545,
                    -0.7329348612483515,
                    0.6972960420397306
                ],
                [
                    0.014522292270488488,
                    -0.8893992850151671,
                    -0.45690044303077815,
                    -1.4338722181504115
                ],
                [
                    0.0,
                    0.0,
                    0.0,
                    1.0
                ]
            ],
            "is_bad": false,
            "mask_path": "DSC08928.png"
        },
        {
            "file_path": "DSC09051.JPG",
            "transform_matrix": [
                [
                    -0.524216994823944,
                    -0.22709259720513392,
                    0.8207469126547965,
                    0.822962593975085
                ],
                [
                    -0.8514591597334564,
                    0.12322257695148928,
                    -0.5097386544450315,
                    1.252814290210694
                ],
                [
                    0.0146233253314696,
                    -0.9660461421816564,
                    -0.25795544098194373,
                    -1.0827006567725275
                ],
                [
                    0.0,
                    0.0,
                    0.0,
                    1.0
                ]
            ],
            "is_bad": false,
            "mask_path": "DSC09051.png"
        },
        {
            "file_path": "DSC09143.JPG",
            "transform_matrix": [
                [
                    0.06724639201423098,
                    -0.12892834143255208,
                    -0.9893712172569606,
                    0.9754411467008849
                ],
                [
                    0.9977362519009119,
                    0.008150372967461381,
                    0.06675285059989154,
                    1.4138756476643908
                ],
                [
                    -0.0005425898898234812,
                    -0.9916204184041104,
                    0.12918456332034767,
                    -1.4356152017598534
                ],
                [
                    0.0,
                    0.0,
                    0.0,
                    1.0
                ]
            ],
            "is_bad": false,
            "mask_path": "DSC09143.png"
        },
        {
            "file_path": "DSC08493.JPG",
            "transform_matrix": [
                [
                    0.12420269114211573,
                    -0.22357405524853274,
                    0.9667410890888951,
                    1.1699514794056385
                ],
                [
                    -0.9918616982730988,
                    -0.05546801589079263,
                    0.11460222821544504,
                    1.2530443986097892
                ],
                [
                    0.02800112518922008,
                    -0.9731073635693368,
                    -0.22864381897456418,
                    -1.4537703269918207
                ],
                [
                    0.0,
                    0.0,
                    0.0,
                    1.0
                ]
            ],
            "is_bad": false,
            "mask_path": "DSC08493.png"
        },
        {
            "file_path": "DSC08936.JPG",
            "transform_matrix": [
                [
                    -0.9523822209754599,
                    0.02945582480641719,
                    -0.30348057525124056,
                    1.1141658718021115
                ],
                [
                    0.3042060798486756,
                    0.15923045590297724,
                    -0.939204090118879,
                    0.6114189097797507
                ],
                [
                    0.02065831921894045,
                    -0.9868019134040545,
                    -0.16060889623288183,
                    -1.5543650126994122
                ],
                [
                    0.0,
                    0.0,
                    0.0,
                    1.0
                ]
            ],
            "is_bad": false,
            "mask_path": "DSC08936.png"
        },
        {
            "file_path": "DSC09089.JPG",
            "transform_matrix": [
                [
                    -0.8499325620453935,
                    0.1367044178630811,
                    -0.5088482505734593,
                    0.8161232398942819
                ],
                [
                    0.5266172867106956,
                    0.18925116567797498,
                    -0.8287691051354368,
                    1.1453243970359916
                ],
                [
                    -0.01699627348622086,
                    -0.972366133936309,
                    -0.23284163773117958,
                    -0.8756676815471267
                ],
                [
                    0.0,
                    0.0,
                    0.0,
                    1.0
                ]
            ],
            "is_bad": false,
            "mask_path": "DSC09089.png"
        },
        {
            "file_path": "DSC08784.JPG",
            "transform_matrix": [
                [
                    0.3187938910866756,
                    -0.003184355380808292,
                    -0.9478187141466585,
                    0.6523454934282493
                ],
                [
                    0.9461919615524558,
                    0.059728272845270304,
                    0.3180460742037809,
                    1.0017347878903422
                ],
                [
                    0.055598803038669146,
                    -0.9982095938748183,
                    0.02205401997227746,
                    -1.5433208807955496
                ],
                [
                    0.0,
                    0.0,
                    0.0,
                    1.0
                ]
            ],
            "is_bad": false,
            "mask_path": "DSC08784.png"
        },
        {
            "file_path": "DSC08840.JPG",
            "transform_matrix": [
                [
                    -0.04221246153375227,
                    0.3668241205172816,
                    -0.9293321110873038,
                    0.7535110338500423
                ],
                [
                    0.9991041832844837,
                    0.018281791388666015,
                    -0.03816552170567088,
                    1.3431283239444058
                ],
                [
                    0.002989821851920746,
                    -0.9301106604648417,
                    -0.36726723275422984,
                    -1.4536212919460536
                ],
                [
                    0.0,
                    0.0,
                    0.0,
                    1.0
                ]
            ],
            "is_bad": false,
            "mask_path": "DSC08840.png"
        },
        {
            "file_path": "DSC09094.JPG",
            "transform_matrix": [
                [
                    -0.9660509729654728,
                    -0.04179076102378794,
                    0.2549491124234727,
                    1.2881255170916808
                ],
                [
                    -0.25515482582239435,
                    0.3090932194098634,
                    -0.9161645030093614,
                    0.980499424101055
                ],
                [
                    -0.04051583014091663,
                    -0.9501131059026073,
                    -0.30926291969793884,
                    -0.9638239121708804
                ],
                [
                    0.0,
                    0.0,
                    0.0,
                    1.0
                ]
            ],
            "is_bad": false,
            "mask_path": "DSC09094.png"
        },
        {
            "file_path": "DSC08425.JPG",
            "transform_matrix": [
                [
                    -0.2770252682926072,
                    -0.4520709879742254,
                    0.8478731170165833,
                    1.1112522640960492
                ],
                [
                    -0.9607036338954875,
                    0.11426234595337892,
                    -0.2529676740558674,
                    1.1894854002746413
                ],
                [
                    0.01747937491485926,
                    -0.8846332223748089,
                    -0.46595979796903897,
                    -1.2866725996025252
                ],
                [
                    0.0,
                    0.0,
                    0.0,
                    1.0
                ]
            ],
            "is_bad": false,
            "mask_path": "DSC08425.png"
        },
        {
            "file_path": "DSC08475.JPG",
            "transform_matrix": [
                [
                    -0.49396925058046876,
                    -0.1406018701068897,
                    0.8580358346849015,
                    1.2443198340714017
                ],
                [
                    -0.8694729449656301,
                    0.07608371300673274,
                    -0.4880861261989575,
                    1.4200533957599721
                ],
                [
                    0.003343269921142557,
                    -0.9871384820467466,
                    -0.15983253676482814,
                    -1.4726691230040885
                ],
                [
                    0.0,
                    0.0,
                    0.0,
                    1.0
                ]
            ],
            "is_bad": false,
            "mask_path": "DSC08475.png"
        },
        {
            "file_path": "DSC08551.JPG",
            "transform_matrix": [
                [
                    0.7149373309201389,
                    -0.2028319458845627,
                    0.6691216739767667,
                    1.258116136800397
                ],
                [
                    -0.6988816167032917,
                    -0.1789568246995976,
                    0.6924875022176449,
                    1.0965889580143313
                ],
                [
                    -0.020714697462984207,
                    -0.9627220038111314,
                    -0.2696984328595518,
                    -1.4549285514420194
                ],
                [
                    0.0,
                    0.0,
                    0.0,
                    1.0
                ]
            ],
            "is_bad": false,
            "mask_path": "DSC08551.png"
        },
        {
            "file_path": "DSC08909.JPG",
            "transform_matrix": [
                [
                    -0.9775668079129022,
                    0.039751684355164324,
                    -0.20684037240806538,
                    0.9358953355005835
                ],
                [
                    0.20913325691349272,
                    0.2998834579982082,
                    -0.9307702146458021,
                    0.7552434812688273
                ],
                [
                    0.025028322351579885,
                    -0.9531472683746018,
                    -0.3014695139981844,
                    -1.2763338330702674
                ],
                [
                    0.0,
                    0.0,
                    0.0,
                    1.0
                ]
            ],
            "is_bad": false,
            "mask_path": "DSC08909.png"
        },
        {
            "file_path": "DSC09037.JPG",
            "transform_matrix": [
                [
                    -0.5556087112558857,
                    -0.16683026518578858,
                    0.8145346049092166,
                    0.9861307096172054
                ],
                [
                    -0.8314043610447152,
                    0.10192426283826807,
                    -0.5462400873981191,
                    1.5971864921815495
                ],
                [
                    0.008108539474104873,
                    -0.9807033737389278,
                    -0.1953334183509875,
                    -1.4986945508379186
                ],
                [
                    0.0,
                    0.0,
                    0.0,
                    1.0
                ]
            ],
            "is_bad": false,
            "mask_path": "DSC09037.png"
        },
        {
            "file_path": "DSC08750.JPG",
            "transform_matrix": [
                [
                    0.061364025186215816,
                    0.36549966558235325,
                    -0.9287865475296967,
                    0.7446519669178463
                ],
                [
                    0.9976025296865683,
                    -0.05228772849243541,
                    0.04533416164506507,
                    1.1666250395149755
                ],
                [
                    -0.03199451790393161,
                    -0.9293416959914634,
                    -0.3678319764726901,
                    -1.4146646146007194
                ],
                [
                    0.0,
                    0.0,
                    0.0,
                    1.0
                ]
            ],
            "is_bad": false,
            "mask_path": "DSC08750.png"
        },
        {
            "file_path": "DSC09160.JPG",
            "transform_matrix": [
                [
                    0.2828961695846966,
                    0.3383571330780719,
                    -0.8974877200995528,
                    0.8683339555547107
                ],
                [
                    0.959077282209832,
                    -0.11135353956725205,
                    0.2603289380281157,
                    1.009904972201262
                ],
                [
                    -0.011854281222776025,
                    -0.9344061428099835,
                    -0.3560121294221013,
                    -1.2699813892952756
                ],
                [
                    0.0,
                    0.0,
                    0.0,
                    1.0
                ]
            ],
            "is_bad": false,
            "mask_path": "DSC09160.png"
        },
        {
            "file_path": "DSC08870.JPG",
            "transform_matrix": [
                [
                    -0.6508434067179133,
                    0.31175360864205026,
                    -0.6922517948192557,
                    1.0838603985032058
                ],
                [
                    0.7590615702376168,
                    0.28535158551560186,
                    -0.5851495580038797,
                    0.7929118571897293
                ],
                [
                    0.01511266092468564,
                    -0.9063024661460389,
                    -0.4223593817324105,
                    -1.4091640286559561
                ],
                [
                    0.0,
                    0.0,
                    0.0,
                    1.0
                ]
            ],
            "is_bad": false,
            "mask_path": "DSC08870.png"
        },
        {
            "file_path": "DSC09008.JPG",
            "transform_matrix": [
                [
                    -0.9694829186865943,
                    -0.13545623207444898,
                    0.20433912882048622,
                    1.095755333415553
                ],
                [
                    -0.24230949415929964,
                    0.40272904264678794,
                    -0.8826638245952224,
                    1.3427225818551347
                ],
                [
                    0.037269014142937956,
                    -0.9052408118290927,
                    -0.4232612587797503,
                    -1.3250936381243021
                ],
                [
                    0.0,
                    0.0,
                    0.0,
                    1.0
                ]
            ],
            "is_bad": false,
            "mask_path": "DSC09008.png"
        },
        {
            "file_path": "DSC09116.JPG",
            "transform_matrix": [
                [
                    -0.9511743610353214,
                    -0.06880552444160112,
                    0.3008872458502809,
                    1.137803103289251
                ],
                [
                    -0.3053257146896428,
                    0.06697558088970064,
                    -0.9498897196589455,
                    0.9741650447406156
                ],
                [
                    0.04520556224969577,
                    -0.9953793605308511,
                    -0.08471355128245982,
                    -1.2580271930940454
                ],
                [
                    0.0,
                    0.0,
                    0.0,
                    1.0
                ]
            ],
            "is_bad": false,
            "mask_path": "DSC09116.png"
        },
        {
            "file_path": "DSC08632.JPG",
            "transform_matrix": [
                [
                    0.6787188567001159,
                    0.11055636039232321,
                    0.7260289283055404,
                    0.8585052246894778
                ],
                [
                    -0.7332295717878888,
                    0.04626287124845325,
                    0.6784055879778705,
                    1.3212107464948641
                ],
                [
                    0.041413869843795276,
                    -0.9927925452584005,
                    0.11246267587030434,
                    -1.5788343224755725
                ],
                [
                    0.0,
                    0.0,
                    0.0,
                    1.0
                ]
            ],
            "is_bad": false,
            "mask_path": "DSC08632.png"
        },
        {
            "file_path": "DSC08683.JPG",
            "transform_matrix": [
                [
                    0.8779985726141314,
                    0.09398183310079906,
                    -0.4693462703959211,
                    0.9198931199723466
                ],
                [
                    0.47808924098557504,
                    -0.2201871463668685,
                    0.8502636639470442,
                    1.26938347068392
                ],
                [
                    -0.023434678179665415,
                    -0.9709196854641627,
                    -0.23825570347168337,
                    -1.4553010621969724
                ],
                [
                    0.0,
                    0.0,
                    0.0,
                    1.0
                ]
            ],
            "is_bad": false,
            "mask_path": "DSC08683.png"
        },
        {
            "file_path": "DSC09152.JPG",
            "transform_matrix": [
                [
                    0.3120078002069321,
                    0.3597346555478602,
                    -0.8793418619671719,
                    0.9580990961450235
                ],
                [
                    0.9500794556351772,
                    -0.11852787472876992,
                    0.28861768984635444,
                    1.3672254615162194
                ],
                [
                    -0.00040073681711070246,
                    -0.9254956080447614,
                    -0.3787581271733453,
                    -1.2880654944318226
                ],
                [
                    0.0,
                    0.0,
                    0.0,
                    1.0
                ]
            ],
            "is_bad": false,
            "mask_path": "DSC09152.png"
        },
        {
            "file_path": "DSC08982.JPG",
            "transform_matrix": [
                [
                    -0.45143697169530583,
                    -0.15543186183645155,
                    0.8786612526523675,
                    0.9633283529018505
                ],
                [
                    -0.8907056214375726,
                    0.01960080646360284,
                    -0.4541577967243186,
                    0.647861916222113
                ],
                [
                    0.05336812275209601,
                    -0.9876521375018797,
                    -0.14729256180095154,
                    -1.5325927937300696
                ],
                [
                    0.0,
                    0.0,
                    0.0,
                    1.0
                ]
            ],
            "is_bad": false,
            "mask_path": "DSC08982.png"
        },
        {
            "file_path": "DSC08447.JPG",
            "transform_matrix": [
                [
                    -0.27490059285000384,
                    0.10032760618608831,
                    0.9562238417272837,
                    1.1521578682755336
                ],
                [
                    -0.9611693266083627,
                    -0.053656130863237214,
                    -0.2706927136219472,
                    1.1894169758584354
                ],
                [
                    0.024149319616560264,
                    -0.9935066134947246,
                    0.11118191986245285,
                    -1.5651034747454495
                ],
                [
                    0.0,
                    0.0,
                    0.0,
                    1.0
                ]
            ],
            "is_bad": false,
            "mask_path": "DSC08447.png"
        },
        {
            "file_path": "DSC09020.JPG",
            "transform_matrix": [
                [
                    -0.5487845555265335,
                    0.22168191063439904,
                    -0.8060351370213498,
                    0.7960014752475313
                ],
                [
                    0.8337415439583692,
                    0.21539887790088177,
                    -0.5084076723230635,
                    1.3901064500598677
                ],
                [
                    0.060914279881317784,
                    -0.9510312581069678,
                    -0.3030329959097145,
                    -1.3445337083506892
                ],
                [
                    0.0,
                    0.0,
                    0.0,
                    1.0
                ]
            ],
            "is_bad": false,
            "mask_path": "DSC09020.png"
        },
        {
            "file_path": "DSC08953.JPG",
            "transform_matrix": [
                [
                    -0.9957515265288935,
                    0.008024237517852617,
                    0.09173063298395052,
                    1.042160451426143
                ],
                [
                    -0.09207351207669404,
                    -0.07412261490734469,
                    -0.9929895801735089,
                    0.6221717312557965
                ],
                [
                    -0.0011686698601882431,
                    -0.9972168518289066,
                    0.07454652667430754,
                    -1.651426745384411
                ],
                [
                    0.0,
                    0.0,
                    0.0,
                    1.0
                ]
            ],
            "is_bad": false,
            "mask_path": "DSC08953.png"
        },
        {
            "file_path": "DSC09059.JPG",
            "transform_matrix": [
                [
                    -0.5233899967481389,
                    -0.1754153262620194,
                    0.8338419362303459,
                    0.8360730052475386
                ],
                [
                    -0.8516168367995346,
                    0.07496788350299877,
                    -0.5187760400429409,
                    1.2414630627636782
                ],
                [
                    0.0284899031858193,
                    -0.981636022034374,
                    -0.1886240855802685,
                    -0.9422898993237188
                ],
                [
                    0.0,
                    0.0,
                    0.0,
                    1.0
                ]
            ],
            "is_bad": false,
            "mask_path": "DSC09059.png"
        },
        {
            "file_path": "DSC08894.JPG",
            "transform_matrix": [
                [
                    -0.3513394078449392,
                    0.26709915659082023,
                    -0.8973397690081725,
                    0.9774113624312052
                ],
                [
                    0.9362238252473415,
                    0.10714040217678494,
                    -0.3346728002999824,
                    0.5858418375610981
                ],
                [
                    0.006750521046745565,
                    -0.9576946145666003,
                    -0.28770723956085675,
                    -1.2795600752195415
                ],
                [
                    0.0,
                    0.0,
                    0.0,
                    1.0
                ]
            ],
            "is_bad": false,
            "mask_path": "DSC08894.png"
        },
        {
            "file_path": "DSC08742.JPG",
            "transform_matrix": [
                [
                    -0.3099078280232187,
                    -0.03411863081937468,
