{
    "fl_x": 464.31962369030794,
    "fl_y": 464.84383415554936,
    "cx": 876.0,
    "cy": 584.0,
    "w": 1752,
    "h": 1168,
    "k1": 0.0,
    "k2": 0.0,
    "k3": 0.0,
    "k4": 0.0,
    "camera_model": "PINHOLE",
    "has_mask": true,
    "aabb_range": [
        [
            0.13370317220687866,
            0.040203265845775604,
            -3.1643714904785156
        ],
        [
            8.079033851623535,
            10.01953125,
            -0.00010582210961729288
        ]
    ],
    "frames": [
        {
            "file_path": "DSC00721.JPG",
            "transform_matrix": [
                [
                    0.46527598740890497,
                    -0.4685845824098218,
                    0.7509638770729796,
                    3.085099517011919
                ],
                [
                    -0.8850879045653964,
                    -0.23503860430326984,
                    0.4017166360498475,
                    6.267086761438289
                ],
                [
                    -0.011732720601090615,
                    -0.8515781488595064,
                    -0.5240963648531748,
                    -0.9057457061401565
                ],
                [
                    0.0,
                    0.0,
                    0.0,
                    1.0
                ]
            ],
            "is_bad": false,
            "mask_path": "DSC00721.png"
        },
        {
            "file_path": "DSC00605.JPG",
            "transform_matrix": [
                [
                    0.3062410797560825,
                    -0.1965333663430415,
                    0.9314456704412236,
                    3.86600201068706
                ],
                [
                    -0.9519479925959906,
                    -0.06669736667018555,
                    0.29890881665104313,
                    1.3368950136423683
                ],
                [
                    0.0033794174487306173,
                    -0.9782259949485776,
                    -0.20751501715435586,
                    -1.370369045790981
                ],
                [
                    0.0,
                    0.0,
                    0.0,
                    1.0
                ]
            ],
            "is_bad": true,
            "mask_path": "DSC00605.png"
        },
        {
            "file_path": "DSC00550.JPG",
            "transform_matrix": [
                [
                    0.9971579138734273,
                    0.00011017254504038881,
                    0.07533978140135965,
                    1.4282123325233869
                ],
                [
                    -0.07413780598205788,
                    -0.1764852644743865,
                    0.9815072781938871,
                    3.581978475583813
                ],
                [
                    0.013404496400875696,
                    -0.984303276071667,
                    -0.17597551020191057,
                    -1.3635617876528765
                ],
                [
                    0.0,
                    0.0,
                    0.0,
                    1.0
                ]
            ],
            "is_bad": true,
            "mask_path": "DSC00550.png"
        },
        {
            "file_path": "DSC00679.JPG",
            "transform_matrix": [
                [
                    -0.8706316930212714,
                    -0.15293940149745983,
                    0.46755747729719027,
                    5.509249912249874
                ],
                [
                    -0.49186715689509153,
                    0.25480314050293956,
                    -0.8325515356767877,
                    5.216450317634635
                ],
                [
                    0.008194820001242817,
                    -0.9548219200769522,
                    -0.29706555819500335,
                    -1.3544360135443865
                ],
                [
                    0.0,
                    0.0,
                    0.0,
                    1.0
                ]
            ],
            "is_bad": true,
            "mask_path": "DSC00679.png"
        },
        {
            "file_path": "DSC00643.JPG",
            "transform_matrix": [
                [
                    0.9618745530102573,
                    0.14222457628289728,
                    -0.23360118615381276,
                    3.769881897713736
                ],
                [
                    0.2571611014419545,
                    -0.1796128773059537,
                    0.9495300849425664,
                    3.5460012155867773
                ],
                [
                    0.0930887328116499,
                    -0.9734019643533842,
                    -0.20933968476257553,
                    -1.391061666845416
                ],
                [
                    0.0,
                    0.0,
                    0.0,
                    1.0
                ]
            ],
            "is_bad": false,
            "mask_path": "DSC00643.png"
        },
        {
            "file_path": "DSC00748.JPG",
            "transform_matrix": [
                [
                    -0.3111841229650504,
                    0.26273490486047785,
                    -0.9133098112811601,
                    3.1084780317775955
                ],
                [
                    0.949540585608321,
                    0.12560363240875638,
                    -0.28739590082033667,
                    8.053461552681236
                ],
                [
                    0.03920609515214702,
                    -0.956657774386265,
                    -0.2885633116133081,
                    -1.3472027373807494
                ],
                [
                    0.0,
                    0.0,
                    0.0,
                    1.0
                ]
            ],
            "is_bad": true,
            "mask_path": "DSC00748.png"
        },
        {
            "file_path": "DSC00579.JPG",
            "transform_matrix": [
                [
                    -0.24994504143697044,
                    -0.25113372930836064,
                    0.9351252997672268,
                    2.311668962811287
                ],
                [
                    -0.9670091243741699,
                    0.015667635113053493,
                    -0.25425947098793245,
                    2.362041658961109
                ],
                [
                    0.0492019271794326,
                    -0.9678255913198608,
                    -0.24676465538684839,
                    -1.3047516480664283
                ],
                [
                    0.0,
                    0.0,
                    0.0,
                    1.0
                ]
            ],
            "is_bad": false,
            "mask_path": "DSC00579.png"
        },
        {
            "file_path": "DSC00775.JPG",
            "transform_matrix": [
                [
                    0.6778305790919764,
                    -0.24109531975301038,
                    0.6945637140255955,
                    3.884694631719623
                ],
                [
                    -0.7344547435672455,
                    -0.17900664945584166,
                    0.6546242044884719,
                    5.10940226497558
                ],
                [
                    -0.03349530861788088,
                    -0.953849918091828,
                    -0.2984097821064278,
                    -1.3453975759529935
                ],
                [
                    0.0,
                    0.0,
                    0.0,
                    1.0
                ]
            ],
            "is_bad": false,
            "mask_path": "DSC00775.png"
        },
        {
            "file_path": "DSC00813.JPG",
            "transform_matrix": [
                [
                    -0.2539120860621437,
                    0.4896803501757154,
                    -0.8341113877674605,
                    5.20454472605985
                ],
                [
                    0.9665776639390276,
                    0.16006388725095205,
                    -0.20026774970595407,
                    3.2878940090349755
                ],
                [
                    0.03544392932143178,
                    -0.8570838387520225,
                    -0.5139562444647932,
                    -1.2878887872879465
                ],
                [
                    0.0,
                    0.0,
                    0.0,
                    1.0
                ]
            ],
            "is_bad": false,
            "mask_path": "DSC00813.png"
        },
        {
            "file_path": "DSC00705.JPG",
            "transform_matrix": [
                [
                    -0.9999178698235195,
                    0.012101248666549987,
                    -0.004220590990053248,
                    2.597661535150534
                ],
                [
                    0.00917174357313272,
                    0.44564633456935737,
                    -0.8951621214085888,
                    3.6936774875602687
                ],
                [
                    -0.008951688523608092,
                    -0.8951273117638667,
                    -0.44572072310693556,
                    -1.288532348913838
                ],
                [
                    0.0,
                    0.0,
                    0.0,
                    1.0
                ]
            ],
            "is_bad": false,
            "mask_path": "DSC00705.png"
        },
        {
            "file_path": "DSC00654.JPG",
            "transform_matrix": [
                [
                    0.3182992377106799,
                    0.2115892137069317,
                    -0.9240755379922589,
                    4.526223861043039
                ],
                [
                    0.9472858169408048,
                    -0.033418444808181874,
                    0.31864210106229623,
                    4.25529956302413
                ],
                [
                    0.03654006425271058,
                    -0.9767871887926691,
                    -0.21107252667015403,
                    -1.3920017872238497
                ],
                [
                    0.0,
                    0.0,
                    0.0,
                    1.0
                ]
            ],
            "is_bad": false,
            "mask_path": "DSC00654.png"
        },
        {
            "file_path": "DSC00628.JPG",
            "transform_matrix": [
                [
                    -0.1397676750763657,
                    0.2595760089083274,
                    -0.9555549657675224,
                    3.29339759803183
                ],
                [
                    0.9873566335308258,
                    0.1094143329246513,
                    -0.11469691353008693,
                    2.175902976062596
                ],
                [
                    0.07477884210404796,
                    -0.9595044550964196,
                    -0.2715866812340037,
                    -1.3716462230371538
                ],
                [
                    0.0,
                    0.0,
                    0.0,
                    1.0
                ]
            ],
            "is_bad": false,
            "mask_path": "DSC00628.png"
        },
        {
            "file_path": "DSC00759.JPG",
            "transform_matrix": [
                [
                    0.9920608724458088,
                    -0.01126475313179623,
                    0.12525306662489227,
                    3.308331583602222
                ],
                [
                    -0.12573412340054743,
                    -0.10849528740118794,
                    0.9861134330412645,
                    7.036389974792248
                ],
                [
                    0.0024810430781903093,
                    -0.9940331372487603,
                    -0.10905029333583091,
                    -1.4560676651689495
                ],
                [
                    0.0,
                    0.0,
                    0.0,
                    1.0
                ]
            ],
            "is_bad": true,
            "mask_path": "DSC00759.png"
        },
        {
            "file_path": "DSC00688.JPG",
            "transform_matrix": [
                [
                    -0.6482173380163373,
                    -0.42500965278642483,
                    0.6318077854327031,
                    3.8044559367341297
                ],
                [
                    -0.7527074532661834,
                    0.23223804280222293,
                    -0.6160332631221548,
                    4.351689400180581
                ],
                [
                    0.11509027974833759,
                    -0.8748898710773578,
                    -0.4704486592537961,
                    -1.0178356875789327
                ],
                [
                    0.0,
                    0.0,
                    0.0,
                    1.0
                ]
            ],
            "is_bad": false,
            "mask_path": "DSC00688.png"
        },
        {
            "file_path": "DSC00770.JPG",
            "transform_matrix": [
                [
                    0.9859062426772437,
                    -0.01512776026485409,
                    0.1666134193857395,
                    3.7128652330321312
                ],
                [
                    -0.16579302264681292,
                    -0.22166318203702529,
                    0.9609256513231674,
                    6.0834279997150205
                ],
                [
                    0.022395407825546915,
                    -0.9750059408016905,
                    -0.2210471920421919,
                    -1.3834148406352007
                ],
                [
                    0.0,
                    0.0,
                    0.0,
                    1.0
                ]
            ],
            "is_bad": true,
            "mask_path": "DSC00770.png"
        },
        {
            "file_path": "DSC00740.JPG",
            "transform_matrix": [
                [
                    -0.11863840574404581,
                    0.23851822211510523,
                    -0.9638640912501935,
                    2.6322937826818293
                ],
                [
                    0.990390273929547,
                    0.0979128269368145,
                    -0.09767386358181074,
                    7.411953854820227
                ],
                [
                    0.07107766166854336,
                    -0.9661894928223405,
                    -0.24784234902744398,
                    -1.3514893815662559
                ],
                [
                    0.0,
                    0.0,
                    0.0,
                    1.0
                ]
            ],
            "is_bad": true,
            "mask_path": "DSC00740.png"
        },
        {
            "file_path": "DSC00787.JPG",
            "transform_matrix": [
                [
                    -0.03718270129856548,
                    -0.4008714748598566,
                    0.915379433550823,
                    3.111173095340789
                ],
                [
                    -0.9968169719724496,
                    -0.04976527271412092,
                    -0.062284364164425246,
                    2.933263852987644
                ],
                [
                    0.07052213207085575,
                    -0.9147816560662839,
                    -0.3977450824495614,
                    -1.3804057072246292
                ],
                [
                    0.0,
                    0.0,
                    0.0,
                    1.0
                ]
            ],
            "is_bad": false,
            "mask_path": "DSC00787.png"
        },
        {
            "file_path": "DSC00573.JPG",
            "transform_matrix": [
                [
                    0.4543513503788302,
                    -0.2981030437665815,
                    0.8394637727180567,
                    2.073150680175978
                ],
                [
                    -0.8902612205458027,
                    -0.18539601626549718,
                    0.4160087455152616,
                    3.083287700091564
                ],
                [
                    0.031619765989515713,
                    -0.9363561781982235,
                    -0.34962450993714006,
                    -1.2638015762062154
                ],
                [
                    0.0,
                    0.0,
                    0.0,
                    1.0
                ]
            ],
            "is_bad": false,
            "mask_path": "DSC00573.png"
        },
        {
            "file_path": "DSC00799.JPG",
            "transform_matrix": [
                [
                    0.524657127143496,
                    0.4623457179577359,
                    -0.7148225905941132,
                    4.3188219773498195
                ],
                [
                    0.851123768578714,
                    -0.267143375584998,
                    0.4519101099128235,
                    3.2424457279257473
                ],
                [
                    0.017978584424279256,
                    -0.8455003571656244,
                    -0.5336721058242604,
                    -0.9776276547156942
                ],
                [
                    0.0,
                    0.0,
                    0.0,
                    1.0
                ]
            ],
            "is_bad": false,
            "mask_path": "DSC00799.png"
        },
        {
            "file_path": "DSC00696.JPG",
            "transform_matrix": [
                [
                    -0.9069159489903242,
                    -0.2728785049684146,
                    0.32099966198297236,
                    3.103994199955464
                ],
                [
                    -0.4002630811204343,
                    0.3202414833028577,
                    -0.8586238165017098,
                    3.6715852537699827
                ],
                [
                    0.1315025754841179,
                    -0.9071839471122648,
                    -0.39965529990587556,
                    -0.7475941869716348
                ],
                [
                    0.0,
                    0.0,
                    0.0,
                    1.0
                ]
            ],
            "is_bad": false,
            "mask_path": "DSC00696.png"
        },
        {
            "file_path": "DSC00707.JPG",
            "transform_matrix": [
                [
                    -0.8687714166546884,
                    -0.207477411759186,
                    0.4496546999793448,
                    3.0832015630764493
                ],
                [
                    -0.49486030439659445,
                    0.398004434319373,
                    -0.7724673128324755,
                    4.085910723557493
                ],
                [
                    -0.018695045769271036,
                    -0.8936137833940482,
                    -0.4484472113770579,
                    -1.268667883087211
                ],
                [
                    0.0,
                    0.0,
                    0.0,
                    1.0
                ]
            ],
            "is_bad": false,
            "mask_path": "DSC00707.png"
        },
        {
            "file_path": "DSC00802.JPG",
            "transform_matrix": [
                [
                    0.999197682587534,
                    0.03427056575120393,
                    0.02072485065792376,
                    4.618725019396573
                ],
                [
                    -0.004431029551331309,
                    -0.41970279672888794,
                    0.9076507744694897,
                    3.7769027779443762
                ],
                [
                    0.039803983328507236,
                    -0.907014382874407,
                    -0.41921420797742726,
                    -1.0805923789902068
                ],
                [
                    0.0,
                    0.0,
                    0.0,
                    1.0
                ]
            ],
            "is_bad": false,
            "mask_path": "DSC00802.png"
        },
        {
            "file_path": "DSC00681.JPG",
            "transform_matrix": [
                [
                    -0.2626559340879444,
                    -0.37834435579076536,
                    0.8876189546926431,
                    4.411029446389271
                ],
                [
                    -0.9648699906624888,
                    0.10884696246773379,
                    -0.2391197187195501,
                    4.810280759164382
                ],
                [
                    -0.006145031111262007,
                    -0.9192431056052683,
                    -0.3936424156386391,
                    -1.3018222370207335
                ],
                [
                    0.0,
                    0.0,
                    0.0,
                    1.0
                ]
            ],
            "is_bad": false,
            "mask_path": "DSC00681.png"
        },
        {
            "file_path": "DSC00612.JPG",
            "transform_matrix": [
                [
                    -0.9995095346284362,
                    -0.021933322046086338,
                    -0.022352171502346373,
                    3.722357795888432
                ],
                [
                    0.021205733293909464,
                    0.05117847717986147,
                    -0.9984643610810646,
                    1.8332102294624035
                ],
                [
                    0.02304359048228422,
                    -0.9984486430746318,
                    -0.050688263731476904,
                    -1.4398142433512593
                ],
                [
                    0.0,
                    0.0,
                    0.0,
                    1.0
                ]
            ],
            "is_bad": true,
            "mask_path": "DSC00612.png"
        },
        {
            "file_path": "DSC00646.JPG",
            "transform_matrix": [
                [
                    0.9607410167846867,
                    0.06649551437079068,
                    -0.26936043739957516,
                    4.208580070165079
                ],
                [
                    0.27730532462896784,
                    -0.19914828175215277,
                    0.9399158041056591,
                    3.860841493143765
                ],
                [
                    0.008857516579107489,
                    -0.9777107488637573,
                    -0.20976948290044883,
                    -1.3783236003133514
                ],
                [
                    0.0,
                    0.0,
                    0.0,
                    1.0
                ]
            ],
            "is_bad": false,
            "mask_path": "DSC00646.png"
        },
        {
            "file_path": "DSC00670.JPG",
            "transform_matrix": [
                [
                    -0.8730319702455622,
                    0.16282594463168928,
                    -0.4596769416491864,
                    5.123317500069175
                ],
                [
                    0.4842272291656714,
                    0.4011378782076717,
                    -0.7775682562975315,
                    5.541758652867793
                ],
                [
                    0.057785547186885264,
                    -0.9014300385619756,
                    -0.429050948157054,
                    -1.3272619022708314
                ],
                [
                    0.0,
                    0.0,
                    0.0,
                    1.0
                ]
            ],
            "is_bad": true,
            "mask_path": "DSC00670.png"
        },
        {
            "file_path": "DSC00581.JPG",
            "transform_matrix": [
                [
                    -0.17411283940447755,
                    -0.2056240024527402,
                    0.9630179067752718,
                    2.808865747994446
                ],
                [
                    -0.9831766194337145,
                    -0.01853329267394514,
                    -0.18171475466113066,
                    2.1827170967874063
                ],
                [
                    0.055212807874655545,
                    -0.9784555619331812,
                    -0.1989378273949402,
                    -1.3138858264907651
                ],
                [
                    0.0,
                    0.0,
                    0.0,
                    1.0
                ]
            ],
            "is_bad": false,
            "mask_path": "DSC00581.png"
        },
        {
            "file_path": "DSC00732.JPG",
            "transform_matrix": [
                [
                    -0.9349449714256088,
                    -0.14143626277243512,
                    0.32538236580818786,
                    3.213327447626886
                ],
                [
                    -0.3525360104123814,
                    0.26706483950598836,
                    -0.8968805566306813,
                    6.444032356016251
                ],
                [
                    0.03995324478046198,
                    -0.9532429674918177,
                    -0.2995523045461421,
                    -1.3391429170178688
                ],
                [
                    0.0,
                    0.0,
                    0.0,
                    1.0
                ]
            ],
            "is_bad": false,
            "mask_path": "DSC00732.png"
        },
        {
            "file_path": "DSC00767.JPG",
            "transform_matrix": [
                [
                    0.7348743882481313,
                    0.20478069245326988,
                    -0.64654814321541,
                    3.650933729300255
                ],
                [
                    0.6780625789262961,
                    -0.20243121707470388,
                    0.7065781920024664,
                    6.719679406936214
                ],
                [
                    0.013812043902159128,
                    -0.9576463179859322,
                    -0.2876156412492746,
                    -1.32489308425382
                ],
                [
                    0.0,
                    0.0,
                    0.0,
                    1.0
                ]
            ],
            "is_bad": true,
            "mask_path": "DSC00767.png"
        },
        {
            "file_path": "DSC00808.JPG",
            "transform_matrix": [
                [
                    0.9972256802846284,
                    0.04572126707458704,
                    -0.058741027552754656,
                    4.897092426105464
                ],
                [
                    0.07333619749688824,
                    -0.4682152430411062,
                    0.8805658909591346,
                    2.914915905818406
                ],
                [
                    0.012757143785217358,
                    -0.8824307632449422,
                    -0.4702692881332894,
                    -1.3167855397454131
                ],
                [
                    0.0,
                    0.0,
                    0.0,
                    1.0
                ]
            ],
            "is_bad": false,
            "mask_path": "DSC00808.png"
        },
        {
            "file_path": "DSC00776.JPG",
            "transform_matrix": [
                [
                    0.44492378684188305,
                    -0.26173259340131166,
                    0.8564688397447411,
                    3.9770124191961163
                ],
                [
                    -0.8955451752778235,
                    -0.12313425626666194,
                    0.42759419309699476,
                    4.586275156585455
                ],
                [
                    -0.006454683485078289,
                    -0.9572533648335119,
                    -0.2891787208216197,
                    -1.3638447753547107
                ],
                [
                    0.0,
                    0.0,
                    0.0,
                    1.0
                ]
            ],
            "is_bad": false,
            "mask_path": "DSC00776.png"
        },
        {
            "file_path": "DSC00714.JPG",
            "transform_matrix": [
                [
                    0.3685408440915315,
                    -0.47782208029784484,
                    0.7974106255977164,
                    3.274095532458378
                ],
                [
                    -0.929573771175882,
                    -0.19715695801145622,
                    0.31148312610720524,
                    6.0090894144946505
                ],
                [
                    0.00838153793463731,
                    -0.8560462566284072,
                    -0.5168312648576333,
                    -1.23881579648422
                ],
                [
                    0.0,
                    0.0,
                    0.0,
                    1.0
                ]
            ],
            "is_bad": false,
            "mask_path": "DSC00714.png"
        },
        {
            "file_path": "DSC00709.JPG",
            "transform_matrix": [
                [
                    -0.4479845134354339,
                    -0.47685585248519735,
                    0.7562528490343906,
                    3.5686202320491645
                ],
                [
                    -0.8924046293625685,
                    0.2896644898327585,
                    -0.3459891050628368,
                    4.807815545000519
                ],
                [
                    -0.05407266605478747,
                    -0.8298813043324588,
                    -0.5553135758336755,
                    -1.247156984940121
                ],
                [
                    0.0,
                    0.0,
                    0.0,
                    1.0
                ]
            ],
            "is_bad": false,
            "mask_path": "DSC00709.png"
        },
        {
            "file_path": "DSC00785.JPG",
            "transform_matrix": [
                [
                    -0.0013121463500988845,
                    -0.19770728438448898,
                    0.9802602246206192,
                    3.4605557276486882
                ],
                [
                    -0.9998658608834057,
                    -0.015744376521881317,
                    -0.004513850664630576,
                    3.1954498434727046
                ],
                [
                    0.016326007222872217,
                    -0.9801346562127307,
                    -0.1976601051778294,
                    -1.4511836255543578
                ],
                [
                    0.0,
                    0.0,
                    0.0,
                    1.0
                ]
            ],
            "is_bad": false,
            "mask_path": "DSC00785.png"
        },
        {
            "file_path": "DSC00754.JPG",
            "transform_matrix": [
                [
                    0.1872366314982767,
                    -0.13308623445148107,
                    0.9732576729852709,
                    3.0057376958302324
                ],
                [
                    -0.9821176939866342,
                    -0.005513161887905012,
                    0.18818724771985618,
                    7.641922826060213
                ],
                [
                    -0.019679405061010243,
                    -0.9910891278010892,
                    -0.13173861154164945,
                    -1.4362223873571867
                ],
                [
                    0.0,
                    0.0,
                    0.0,
                    1.0
                ]
            ],
            "is_bad": true,
            "mask_path": "DSC00754.png"
        },
        {
            "file_path": "DSC00712.JPG",
            "transform_matrix": [
                [
                    0.07621484315259851,
                    -0.5309921521322131,
                    0.8439423155981842,
                    3.571055931446182
                ],
                [
                    -0.9966556590254922,
                    -0.015548981892560954,
                    0.08022297984097851,
                    5.374078527468656
                ],
                [
                    -0.0294753289326182,
                    -0.8472340665578226,
                    -0.5304013965368194,
                    -1.2528867604728195
                ],
                [
                    0.0,
                    0.0,
                    0.0,
                    1.0
                ]
            ],
            "is_bad": false,
            "mask_path": "DSC00712.png"
        },
        {
            "file_path": "DSC00692.JPG",
            "transform_matrix": [
                [
                    -0.9198405425853825,
                    -0.19663696708408343,
                    0.3394514389308156,
                    3.269305327155354
                ],
                [
                    -0.38859122486832876,
                    0.3381372497159287,
                    -0.857123130191852,
                    3.761092138927035
                ],
                [
                    0.053760916766360876,
                    -0.9203244555755976,
                    -0.38744375114062574,
                    -1.1678636959161928
                ],
                [
                    0.0,
                    0.0,
                    0.0,
                    1.0
                ]
            ],
            "is_bad": false,
            "mask_path": "DSC00692.png"
        },
        {
            "file_path": "DSC00569.JPG",
            "transform_matrix": [
                [
                    0.7232074373165436,
                    -0.255470431781086,
                    0.6416430947930654,
                    1.8188742244411857
                ],
                [
                    -0.6905079647622057,
                    -0.28500029943447014,
                    0.6648109354712946,
                    3.3685974262525598
                ],
                [
                    0.01302893740844468,
                    -0.9238558804314921,
                    -0.3825187040945299,
                    -1.2539247420044195
                ],
                [
                    0.0,
                    0.0,
                    0.0,
                    1.0
                ]
            ],
            "is_bad": false,
            "mask_path": "DSC00569.png"
        },
        {
            "file_path": "DSC00793.JPG",
            "transform_matrix": [
                [
                    0.18899790015230541,
                    0.45301700250157956,
                    -0.8712378488004889,
                    3.9888260253137213
                ],
                [
                    0.9819585035317097,
                    -0.0816715493036117,
                    0.1705498618472414,
                    3.3347535155798815
                ],
                [
                    0.006106642267614023,
                    -0.8877529799887086,
                    -0.4602796491714398,
                    -1.1779779242325576
                ],
                [
                    0.0,
                    0.0,
                    0.0,
                    1.0
                ]
            ],
            "is_bad": false,
            "mask_path": "DSC00793.png"
        },
        {
            "file_path": "DSC00658.JPG",
            "transform_matrix": [
                [
                    0.3548128969102007,
                    0.19509853650388384,
                    -0.9143546189746268,
                    4.7637143517903855
                ],
                [
                    0.9349325913435156,
                    -0.0709271466451621,
                    0.34766419072500754,
                    4.761546252127215
                ],
                [
                    0.0029762106595613027,
                    -0.978215671987941,
                    -0.20756984667164824,
                    -1.3928344429712687
                ],
                [
                    0.0,
                    0.0,
                    0.0,
                    1.0
                ]
            ],
            "is_bad": true,
            "mask_path": "DSC00658.png"
        },
        {
            "file_path": "DSC00702.JPG",
            "transform_matrix": [
                [
                    -0.9582494899952406,
                    0.15319740589512046,
                    -0.24143005146598498,
                    2.2670322660813778
                ],
                [
                    0.2826431144246227,
                    0.37977872490688097,
                    -0.8808410696467632,
                    3.3608446488816663
                ],
                [
                    -0.04325256977581227,
                    -0.9123040474179158,
                    -0.4072229613770317,
                    -1.3085563010323555
                ],
                [
                    0.0,
                    0.0,
                    0.0,
                    1.0
                ]
            ],
            "is_bad": true,
            "mask_path": "DSC00702.png"
        },
        {
            "file_path": "DSC00576.JPG",
            "transform_matrix": [
                [
                    0.17737470307808118,
                    -0.28835928338272765,
                    0.9409501253493526,
                    2.215107040378562
                ],
                [
                    -0.9831885997811185,
                    -0.09402721609581872,
                    0.1565217553368047,
                    2.7781618012254166
                ],
                [
                    0.04334041956888363,
                    -0.9528944360842236,
                    -0.3001896095992054,
                    -1.2878128133483904
                ],
                [
                    0.0,
                    0.0,
                    0.0,
                    1.0
                ]
            ],
            "is_bad": false,
            "mask_path": "DSC00576.png"
        },
        {
            "file_path": "DSC00708.JPG",
            "transform_matrix": [
                [
                    -0.6689015817049483,
                    -0.35318083743649753,
                    0.6540901849594394,
                    3.4656215716674397
                ],
                [
                    -0.740989814326112,
                    0.3868766155716157,
                    -0.5488720974770064,
                    4.496070957374795
                ],
                [
                    -0.0592010900032637,
                    -0.8518155788617083,
                    -0.5204857832361226,
                    -1.24956763526547
                ],
                [
                    0.0,
                    0.0,
                    0.0,
                    1.0
                ]
            ],
            "is_bad": false,
            "mask_path": "DSC00708.png"
        },
        {
            "file_path": "DSC00756.JPG",
            "transform_matrix": [
                [
                    0.9308586619893818,
                    -0.018160618116494883,
                    0.3649278604724038,
                    3.124401136555637
