{
    "fl_x": 465.2725226293714,
    "fl_y": 466.2791089441318,
    "cx": 876.0,
    "cy": 584.0,
    "w": 1752,
    "h": 1168,
    "k1": 0.0,
    "k2": 0.0,
    "k3": 0.0,
    "k4": 0.0,
    "camera_model": "PINHOLE",
    "has_mask": true,
    "aabb_range": [
        [
            0.0739234983921051,
            0.10425001382827759,
            -2.901787519454956
        ],
        [
            5.033040523529053,
            10.129793167114258,
            -0.11673374474048615
        ]
    ],
    "frames": [
        {
            "file_path": "DSC08362.JPG",
            "transform_matrix": [
                [
                    -0.8352605405865466,
                    -0.02369156262195671,
                    0.5493437350144258,
                    2.03083788620187
                ],
                [
                    -0.5486993959353185,
                    0.10063434040892794,
                    -0.8299407824843142,
                    4.096815215075178
                ],
                [
                    -0.03562025041021107,
                    -0.9946413621959371,
                    -0.09705543967096264,
                    -1.499730292857537
                ],
                [
                    0.0,
                    0.0,
                    0.0,
                    1.0
                ]
            ],
            "is_bad": false,
            "mask_path": "DSC08362.png"
        },
        {
            "file_path": "DSC07642.JPG",
            "transform_matrix": [
                [
                    -0.9966630871272101,
                    -0.025180719042518004,
                    -0.0776442022726832,
                    0.7585018584099502
                ],
                [
                    0.07461410212322553,
                    0.10464851032798558,
                    -0.991706319960944,
                    0.2932817907335353
                ],
                [
                    0.033097228319066974,
                    -0.9941904348134895,
                    -0.10242047062457905,
                    -1.5440850392814944
                ],
                [
                    0.0,
                    0.0,
                    0.0,
                    1.0
                ]
            ],
            "is_bad": false,
            "mask_path": "DSC07642.png"
        },
        {
            "file_path": "DSC08780.JPG",
            "transform_matrix": [
                [
                    0.21044068104089944,
                    0.3049483565807867,
                    -0.928827874033569,
                    1.9390402587625943
                ],
                [
                    0.9775991563090309,
                    -0.06192832964860903,
                    0.2011585731973758,
                    7.698351640072414
                ],
                [
                    0.00382221753870808,
                    -0.9503532931523995,
                    -0.3111494959781812,
                    -1.397826203257862
                ],
                [
                    0.0,
                    0.0,
                    0.0,
                    1.0
                ]
            ],
            "is_bad": false,
            "mask_path": "DSC08780.png"
        },
        {
            "file_path": "DSC07857.JPG",
            "transform_matrix": [
                [
                    -0.1741797495180569,
                    -0.15327276744854093,
                    0.9727121226840404,
                    3.6201571913835933
                ],
                [
                    -0.9845989719129754,
                    0.04219818901598101,
                    -0.1696590031553948,
                    1.341790329190607
                ],
                [
                    -0.015042585074969209,
                    -0.9872825186350848,
                    -0.15826227924500877,
                    -1.5030325370368456
                ],
                [
                    0.0,
                    0.0,
                    0.0,
                    1.0
                ]
            ],
            "is_bad": false,
            "mask_path": "DSC07857.png"
        },
        {
            "file_path": "DSC08526.JPG",
            "transform_matrix": [
                [
                    -0.3298246069836657,
                    -0.10559342372741148,
                    0.9381182001718087,
                    3.080281764195244
                ],
                [
                    -0.943655207627664,
                    0.06532824337874166,
                    -0.3244180477936436,
                    5.9116137115555585
                ],
                [
                    -0.027029201713357116,
                    -0.992261180074365,
                    -0.1211906463889334,
                    -1.5197815961916092
                ],
                [
                    0.0,
                    0.0,
                    0.0,
                    1.0
                ]
            ],
            "is_bad": false,
            "mask_path": "DSC08526.png"
        },
        {
            "file_path": "DSC08222.JPG",
            "transform_matrix": [
                [
                    -0.712679120291339,
                    0.15735913096889667,
                    -0.6836128841687206,
                    1.180209794969065
                ],
                [
                    0.7014673021491921,
                    0.1519935714438832,
                    -0.6963056643854528,
                    2.2715816502408614
                ],
                [
                    -0.005665290486557652,
                    -0.9757745939203616,
                    -0.21870492985585877,
                    -1.4429636358841484
                ],
                [
                    0.0,
                    0.0,
                    0.0,
                    1.0
                ]
            ],
            "is_bad": false,
            "mask_path": "DSC08222.png"
        },
        {
            "file_path": "DSC08036.JPG",
            "transform_matrix": [
                [
                    0.9998809120631366,
                    0.012635290707988996,
                    0.008860650118066991,
                    3.4059391825432717
                ],
                [
                    -0.006066383982703643,
                    -0.20613162780696587,
                    0.9785054680496295,
                    3.0647453090815526
                ],
                [
                    0.014190161280429188,
                    -0.9784426919581823,
                    -0.2060304294915201,
                    -1.458175359940451
                ],
                [
                    0.0,
                    0.0,
                    0.0,
                    1.0
                ]
            ],
            "is_bad": false,
            "mask_path": "DSC08036.png"
        },
        {
            "file_path": "DSC07754.JPG",
            "transform_matrix": [
                [
                    -0.8432486623037877,
                    -0.12302911167040785,
                    0.5232547479043679,
                    2.1623723869716778
                ],
                [
                    -0.5375186789153124,
                    0.19719612195675262,
                    -0.8198703307855189,
                    0.8995761225571383
                ],
                [
                    -0.0023158886007334806,
                    -0.972613760527173,
                    -0.23241581162472869,
                    -1.4593125624241943
                ],
                [
                    0.0,
                    0.0,
                    0.0,
                    1.0
                ]
            ],
            "is_bad": false,
            "mask_path": "DSC07754.png"
        },
        {
            "file_path": "DSC08872.JPG",
            "transform_matrix": [
                [
                    -0.9998313908106801,
                    -0.01781863877121952,
                    -0.004436897781374629,
                    1.9406942786850798
                ],
                [
                    -0.00027327896363884093,
                    0.25603723633187836,
                    -0.9666668810557969,
                    6.435315478439694
                ],
                [
                    0.018360699011464934,
                    -0.9665026796258118,
                    -0.2559989355601615,
                    -1.4058664348112824
                ],
                [
                    0.0,
                    0.0,
                    0.0,
                    1.0
                ]
            ],
            "is_bad": false,
            "mask_path": "DSC08872.png"
        },
        {
            "file_path": "DSC08451.JPG",
            "transform_matrix": [
                [
                    -0.9989652438297976,
                    0.01960552055317109,
                    0.041037363267048536,
                    2.3256316422288057
                ],
                [
                    -0.0381807013512758,
                    0.12875940919720447,
                    -0.9909405878192249,
                    5.133152171813445
                ],
                [
                    -0.024711852710737732,
                    -0.9914820412428182,
                    -0.1278776220789889,
                    -1.4998642083556912
                ],
                [
                    0.0,
                    0.0,
                    0.0,
                    1.0
                ]
            ],
            "is_bad": false,
            "mask_path": "DSC08451.png"
        },
        {
            "file_path": "DSC08319.JPG",
            "transform_matrix": [
                [
                    -0.9977781672740664,
                    0.0076879227432779295,
                    0.06617873340505764,
                    1.3088839109278019
                ],
                [
                    -0.06477466621438745,
                    0.12045964828663094,
                    -0.9906027032829433,
                    3.3359987297877494
                ],
                [
                    -0.015587544002149838,
                    -0.9926884551451952,
                    -0.11969402446833503,
                    -1.4947948227192718
                ],
                [
                    0.0,
                    0.0,
                    0.0,
                    1.0
                ]
            ],
            "is_bad": false,
            "mask_path": "DSC08319.png"
        },
        {
            "file_path": "DSC08830.JPG",
            "transform_matrix": [
                [
                    -0.77024682877413,
                    0.19401937157135327,
                    -0.6075165069514187,
                    1.194495893618308
                ],
                [
                    0.6377007672846391,
                    0.24564498120944417,
                    -0.7300659385365095,
                    7.032852671006153
                ],
                [
                    0.007586446334004402,
                    -0.9497447165747586,
                    -0.31293356989999055,
                    -1.3914834782693075
                ],
                [
                    0.0,
                    0.0,
                    0.0,
                    1.0
                ]
            ],
            "is_bad": false,
            "mask_path": "DSC08830.png"
        },
        {
            "file_path": "DSC07679.JPG",
            "transform_matrix": [
                [
                    -0.999842788761444,
                    -0.004340795866080496,
                    0.01719172047780654,
                    1.284838406068181
                ],
                [
                    -0.0175877618393618,
                    0.11968595096864247,
                    -0.9926560047540202,
                    0.9985292181496565
                ],
                [
                    0.002251309667702739,
                    -0.9928023119594255,
                    -0.11974347987593874,
                    -1.5093563488999944
                ],
                [
                    0.0,
                    0.0,
                    0.0,
                    1.0
                ]
            ],
            "is_bad": false,
            "mask_path": "DSC07679.png"
        },
        {
            "file_path": "DSC07788.JPG",
            "transform_matrix": [
                [
                    -0.6050692086691343,
                    -0.18641025714207307,
                    0.774042937279795,
                    3.0084019598230864
                ],
                [
                    -0.7961641350877796,
                    0.1371087464353357,
                    -0.5893418885934179,
                    0.70037133609328
                ],
                [
                    0.0037313161797358045,
                    -0.9728578558469659,
                    -0.231373441856254,
                    -1.456100873443164
                ],
                [
                    0.0,
                    0.0,
                    0.0,
                    1.0
                ]
            ],
            "is_bad": false,
            "mask_path": "DSC07788.png"
        },
        {
            "file_path": "DSC08089.JPG",
            "transform_matrix": [
                [
                    0.596644704959931,
                    0.22843034307889667,
                    -0.7693079191092047,
                    2.739277213283607
                ],
                [
                    0.8023403733999213,
                    -0.15035121081728842,
                    0.57761963143426,
                    3.6311533940534098
                ],
                [
                    0.016279473448236336,
                    -0.9618804976537538,
                    -0.2729851405802436,
                    -1.4168404879543277
                ],
                [
                    0.0,
                    0.0,
                    0.0,
                    1.0
                ]
            ],
            "is_bad": false,
            "mask_path": "DSC08089.png"
        },
        {
            "file_path": "DSC07985.JPG",
            "transform_matrix": [
                [
                    0.9656958839235432,
                    -0.012071399395460114,
                    0.25939495193577117,
                    3.6453828582998526
                ],
                [
                    -0.2589697199271538,
                    -0.11837770155394871,
                    0.9586038827042453,
                    2.26375805430596
                ],
                [
                    0.019134887874692367,
                    -0.9928952618939415,
                    -0.11744298605954849,
                    -1.5229400773736155
                ],
                [
                    0.0,
                    0.0,
                    0.0,
                    1.0
                ]
            ],
            "is_bad": false,
            "mask_path": "DSC07985.png"
        },
        {
            "file_path": "DSC08693.JPG",
            "transform_matrix": [
                [
                    0.9935810292035457,
                    -0.03890879696464835,
                    0.10622073208929728,
                    2.382168926834683
                ],
                [
                    -0.11132354318576207,
                    -0.1695088931473123,
                    0.9792210189107158,
                    7.056874853431391
                ],
                [
                    -0.020094953082559062,
                    -0.9847602960430202,
                    -0.17275228565166056,
                    -1.4626682468154362
                ],
                [
                    0.0,
                    0.0,
                    0.0,
                    1.0
                ]
            ],
            "is_bad": false,
            "mask_path": "DSC08693.png"
        },
        {
            "file_path": "DSC08553.JPG",
            "transform_matrix": [
                [
                    -0.33368814237499017,
                    -0.15670373021945186,
                    0.9295677299549707,
                    2.547943140808885
                ],
                [
                    -0.9426822662777651,
                    0.05707926493062461,
                    -0.32877363391913844,
                    6.244056211549476
                ],
                [
                    -0.0015389878961256486,
                    -0.985994877496982,
                    -0.16676850142028218,
                    -1.4721312260813182
                ],
                [
                    0.0,
                    0.0,
                    0.0,
                    1.0
                ]
            ],
            "is_bad": false,
            "mask_path": "DSC08553.png"
        },
        {
            "file_path": "DSC08429.JPG",
            "transform_matrix": [
                [
                    -0.9961665574887031,
                    0.048091162034155026,
                    -0.07307140258206758,
                    2.4432639606744933
                ],
                [
                    0.08145147346236499,
                    0.2052785789359241,
                    -0.9753083422696931,
                    4.533631434544821
                ],
                [
                    -0.03190371783845347,
                    -0.9775213272170854,
                    -0.20840875131297162,
                    -1.4306571740039156
                ],
                [
                    0.0,
                    0.0,
                    0.0,
                    1.0
                ]
            ],
            "is_bad": false,
            "mask_path": "DSC08429.png"
        },
        {
            "file_path": "DSC08490.JPG",
            "transform_matrix": [
                [
                    -0.8908183863975816,
                    -0.05669388647617605,
                    0.4508086131522284,
                    2.8262194921186174
                ],
                [
                    -0.4534512372792236,
                    0.17363790017494396,
                    -0.8742035546900836,
                    5.403408582884533
                ],
                [
                    -0.028715463881862174,
                    -0.9831763233820588,
                    -0.1803877470200979,
                    -1.4791876801092307
                ],
                [
                    0.0,
                    0.0,
                    0.0,
                    1.0
                ]
            ],
            "is_bad": false,
            "mask_path": "DSC08490.png"
        },
        {
            "file_path": "DSC08253.JPG",
            "transform_matrix": [
                [
                    -0.7930348527605222,
                    0.142885231904855,
                    -0.5921820098673988,
                    1.274511668633926
                ],
                [
                    0.6091576921125106,
                    0.1784135203995432,
                    -0.772719562246745,
                    1.733590471304215
                ],
                [
                    -0.0047569367513247245,
                    -0.9735257707128955,
                    -0.22852777798466042,
                    -1.4301942917214128
                ],
                [
                    0.0,
                    0.0,
                    0.0,
                    1.0
                ]
            ],
            "is_bad": true,
            "mask_path": "DSC08253.png"
        },
        {
            "file_path": "DSC08154.JPG",
            "transform_matrix": [
                [
                    -0.18508017235711519,
                    0.21481601234050088,
                    -0.9589574602881955,
                    1.7972176480506552
                ],
                [
                    0.982554911328816,
                    0.022379874507867745,
                    -0.1846211998678224,
                    3.60760771251598
                ],
                [
                    -0.01819824232949087,
                    -0.9763980858538883,
                    -0.21521059898847744,
                    -1.4486655338324805
                ],
                [
                    0.0,
                    0.0,
                    0.0,
                    1.0
                ]
            ],
            "is_bad": false,
            "mask_path": "DSC08154.png"
        },
        {
            "file_path": "DSC08296.JPG",
            "transform_matrix": [
                [
                    -0.9848522801026073,
                    0.06932635767738253,
                    -0.15893345307984583,
                    1.3420644462669324
                ],
                [
                    0.1647950320678304,
                    0.08914047584242174,
                    -0.982291490837801,
                    2.787369617682785
                ],
                [
                    -0.05393128760245385,
                    -0.9936034579739418,
                    -0.09921484021943075,
                    -1.5082493725505297
                ],
                [
                    0.0,
                    0.0,
                    0.0,
                    1.0
                ]
            ],
            "is_bad": false,
            "mask_path": "DSC08296.png"
        },
        {
            "file_path": "DSC08801.JPG",
            "transform_matrix": [
                [
                    -0.35500582653925006,
                    0.17570177160254244,
                    -0.9182046343701997,
                    1.5411396860560558
                ],
                [
                    0.9348047549432446,
                    0.0777824175825632,
                    -0.34653999141587155,
                    7.3778333595925085
                ],
                [
                    0.010532485873929201,
                    -0.9813657743016819,
                    -0.19186006299012753,
                    -1.472759141976837
                ],
                [
                    0.0,
                    0.0,
                    0.0,
                    1.0
                ]
            ],
            "is_bad": false,
            "mask_path": "DSC08801.png"
        },
        {
            "file_path": "DSC08847.JPG",
            "transform_matrix": [
                [
                    -0.980663548912304,
                    0.06252771748555036,
                    -0.1854434910714629,
                    1.6577978563066744
                ],
                [
                    0.19569982540096886,
                    0.3096309231072291,
                    -0.9305000106361069,
                    6.873947523568019
                ],
                [
                    -0.0007630024606720821,
                    -0.9487987015177727,
                    -0.3158804233019711,
                    -1.3943343805894637
                ],
                [
                    0.0,
                    0.0,
                    0.0,
                    1.0
                ]
            ],
            "is_bad": false,
            "mask_path": "DSC08847.png"
        },
        {
            "file_path": "DSC07812.JPG",
            "transform_matrix": [
                [
                    -0.576899419347979,
                    -0.286165407122603,
                    0.7650466781329872,
                    3.4799886085422886
                ],
                [
                    -0.8167597072430118,
                    0.19118193017636342,
                    -0.5443831832435189,
                    0.885647842391425
                ],
                [
                    0.009520534663100207,
                    -0.9389136431751293,
                    -0.3440211186531036,
                    -1.4016916795912135
                ],
                [
                    0.0,
                    0.0,
                    0.0,
                    1.0
                ]
            ],
            "is_bad": false,
            "mask_path": "DSC07812.png"
        },
        {
            "file_path": "DSC08415.JPG",
            "transform_matrix": [
                [
                    -0.9926996521559535,
                    -0.0010325416212920197,
                    0.12060818573898587,
                    2.553994653527599
                ],
                [
                    -0.11750853861115414,
                    0.23368063549994178,
                    -0.9651865643210201,
                    4.0684767772347055
                ],
                [
                    -0.027187202190007725,
                    -0.972312858317807,
                    -0.23209601803334773,
                    -1.4300525232042856
                ],
                [
                    0.0,
                    0.0,
                    0.0,
                    1.0
                ]
            ],
            "is_bad": true,
            "mask_path": "DSC08415.png"
        },
        {
            "file_path": "DSC08058.JPG",
            "transform_matrix": [
                [
                    0.9589841059401746,
                    0.10316644562362932,
                    -0.2640192588647849,
                    3.172385106161947
                ],
                [
                    0.28188791067399166,
                    -0.24913564712793626,
                    0.9265369043626895,
                    3.468623942540367
                ],
                [
                    0.029810910250703274,
                    -0.9629580021099209,
                    -0.26799849962731737,
                    -1.4071186442428116
                ],
                [
                    0.0,
                    0.0,
                    0.0,
                    1.0
                ]
            ],
            "is_bad": false,
            "mask_path": "DSC08058.png"
        },
        {
            "file_path": "DSC07960.JPG",
            "transform_matrix": [
                [
                    0.8335004116572844,
                    -0.03860932745923999,
                    0.5511681990103218,
                    3.6034837383392606
                ],
                [
                    -0.5524800213924853,
                    -0.0700639381965042,
                    0.830576228004723,
                    1.8070956079292169
                ],
                [
                    0.006549025064443494,
                    -0.9967950463347722,
                    -0.0797292033897463,
                    -1.5625363491279247
                ],
                [
                    0.0,
                    0.0,
                    0.0,
                    1.0
                ]
            ],
            "is_bad": false,
            "mask_path": "DSC07960.png"
        },
        {
            "file_path": "DSC08123.JPG",
            "transform_matrix": [
                [
                    0.13695342028138532,
                    0.10723988673460703,
                    -0.9847554860808746,
                    2.279651854991911
                ],
                [
                    0.9900846580301221,
                    -0.04617409964848504,
                    0.13266620690676278,
                    3.711484653338444
                ],
                [
                    -0.031243088941499485,
                    -0.9931603894713084,
                    -0.11250026746009598,
                    -1.505450583350472
                ],
                [
                    0.0,
                    0.0,
                    0.0,
                    1.0
                ]
            ],
            "is_bad": false,
            "mask_path": "DSC08123.png"
        },
        {
            "file_path": "DSC07660.JPG",
            "transform_matrix": [
                [
                    -0.9958513101912797,
                    0.0020475307566817317,
                    -0.09097238926241347,
                    0.8956162535621108
                ],
                [
                    0.09062744585488508,
                    0.11213673094312734,
                    -0.9895514234395342,
                    0.7629858137916071
                ],
                [
                    0.008175209363162015,
                    -0.9936906768160748,
                    -0.11185707291306766,
                    -1.5308932259429662
                ],
                [
                    0.0,
                    0.0,
                    0.0,
                    1.0
                ]
            ],
            "is_bad": false,
            "mask_path": "DSC07660.png"
        },
        {
            "file_path": "DSC07718.JPG",
            "transform_matrix": [
                [
                    -0.9142068614065162,
                    -0.10456561203130638,
                    0.39152502772845293,
                    1.7150883697197095
                ],
                [
                    -0.40524655074705274,
                    0.23833116264178816,
                    -0.8825947484669454,
                    0.8501783019736268
                ],
                [
                    -0.0010235550128172971,
                    -0.9655383419079392,
                    -0.2602588377765566,
                    -1.4312478046870745
                ],
                [
                    0.0,
                    0.0,
                    0.0,
                    1.0
                ]
            ],
            "is_bad": false,
            "mask_path": "DSC07718.png"
        },
        {
            "file_path": "DSC07774.JPG",
            "transform_matrix": [
                [
                    -0.7483938318526421,
                    -0.19708615679906416,
                    0.6332959175954743,
                    2.5700568668532178
                ],
                [
                    -0.6630988914770963,
                    0.20164403069835882,
                    -0.7208602811957142,
                    0.7520767067066798
                ],
                [
                    0.01437124096118879,
                    -0.9594252090089638,
                    -0.2815967609034969,
                    -1.4325890496453244
                ],
                [
                    0.0,
                    0.0,
                    0.0,
                    1.0
                ]
            ],
            "is_bad": false,
            "mask_path": "DSC07774.png"
        },
        {
            "file_path": "DSC08009.JPG",
            "transform_matrix": [
                [
                    0.9924158719069825,
                    -0.0031969462163857986,
                    0.12288415976842748,
                    3.523947947056924
                ],
                [
                    -0.12231250048142563,
                    -0.125409543143941,
                    0.9845364892752367,
                    2.6781576003069794
                ],
                [
                    0.012263336131903611,
                    -0.9920999072791595,
                    -0.12484944759028112,
                    -1.5141310453537624
                ],
                [
                    0.0,
                    0.0,
                    0.0,
                    1.0
                ]
            ],
            "is_bad": false,
            "mask_path": "DSC08009.png"
        },
        {
            "file_path": "DSC08335.JPG",
            "transform_matrix": [
                [
                    -0.9966341473855598,
                    0.011121160949768049,
                    0.08122004705852004,
                    1.4202574282626586
                ],
                [
                    -0.07851475427627642,
                    0.15543420251932438,
                    -0.9847210986102197,
                    3.7235464616054057
                ],
                [
                    -0.023575615071399544,
                    -0.987783644563075,
                    -0.1540378586831634,
                    -1.466740582591498
                ],
                [
                    0.0,
                    0.0,
                    0.0,
                    1.0
                ]
            ],
            "is_bad": false,
            "mask_path": "DSC08335.png"
        },
        {
            "file_path": "DSC08729.JPG",
            "transform_matrix": [
                [
                    0.8598865927491004,
                    0.13466600624428446,
                    -0.49240239070556635,
                    2.1942814845715963
                ],
                [
                    0.5104817732404978,
                    -0.22334905307011257,
                    0.8303755533985335,
                    7.394191687263803
                ],
                [
                    0.001845751765520365,
                    -0.9653912508692517,
                    -0.2607993979009954,
                    -1.4063753388206666
                ],
                [
                    0.0,
                    0.0,
                    0.0,
                    1.0
                ]
            ],
            "is_bad": false,
            "mask_path": "DSC08729.png"
        },
        {
            "file_path": "DSC08607.JPG",
            "transform_matrix": [
                [
                    0.20161127590867767,
                    -0.2073668914675944,
                    0.9572626942221982,
                    2.2047008384893854
                ],
                [
                    -0.9793264420765057,
                    -0.05915295920496347,
                    0.19344417093070618,
                    6.718544981810048
                ],
                [
                    0.01651100470133259,
                    -0.9764731945836315,
                    -0.21500578360451073,
                    -1.4351113990472888
                ],
                [
                    0.0,
                    0.0,
                    0.0,
                    1.0
                ]
            ],
            "is_bad": false,
            "mask_path": "DSC08607.png"
        },
        {
            "file_path": "DSC08471.JPG",
            "transform_matrix": [
                [
                    -0.9395235549048232,
                    -0.021684784856695536,
                    0.3417971033884316,
                    2.4672508400208044
                ],
                [
                    -0.3411627862316091,
                    0.14684403149535302,
                    -0.9284636684894444,
                    5.508069232296424
                ],
                [
                    -0.030057329716539356,
                    -0.988921938537067,
                    -0.14536146810761313,
                    -1.4999702359017932
                ],
                [
                    0.0,
                    0.0,
                    0.0,
                    1.0
                ]
            ],
            "is_bad": false,
            "mask_path": "DSC08471.png"
        },
        {
            "file_path": "DSC08348.JPG",
            "transform_matrix": [
                [
                    -0.9512589955877278,
                    -0.02779546414357608,
                    0.3071379746733869,
                    1.7366143590097072
                ],
                [
                    -0.30809874742853305,
                    0.1291606543937474,
                    -0.9425458541575299,
                    3.9242984658455535
                ],
                [
                    -0.013471642305073,
                    -0.991234047805876,
                    -0.13142898205488027,
                    -1.4802182174006815
                ],
                [
                    0.0,
                    0.0,
                    0.0,
                    1.0
                ]
            ],
            "is_bad": false,
            "mask_path": "DSC08348.png"
        },
        {
            "file_path": "DSC08538.JPG",
            "transform_matrix": [
                [
                    -0.3033360201466662,
                    -0.1971132454043388,
                    0.9322733651498094,
                    2.804197591112002
                ],
                [
                    -0.9528835939514975,
                    0.06309657981365814,
                    -0.2967013279274222,
                    6.072106712708616
                ],
                [
                    -0.00033949912877145747,
                    -0.9783481947149427,
                    -0.20696544310187118,
                    -1.4510492423434356
                ],
                [
                    0.0,
                    0.0,
                    0.0,
                    1.0
                ]
            ],
            "is_bad": false,
            "mask_path": "DSC08538.png"
        },
        {
            "file_path": "DSC08571.JPG",
            "transform_matrix": [
                [
                    -0.3815479267514005,
                    -0.1441427464872408,
                    0.9130410988705944,
                    2.302418082186353
                ],
                [
                    -0.9243082772116153,
                    0.06877419587281965,
                    -0.3753988794071468,
                    6.4190511374803645
                ],
                [
                    -0.008682641867682157,
                    -0.9871641092630756,
                    -0.15947298552744077,
                    -1.4605859347986205
                ],
                [
                    0.0,
                    0.0,
                    0.0,
                    1.0
                ]
            ],
            "is_bad": false,
            "mask_path": "DSC08571.png"
        },
        {
            "file_path": "DSC08176.JPG",
            "transform_matrix": [
                [
                    -0.4772607274586887,
                    0.23539327325922094,
                    -0.8466476273692107,
                    1.5944391850159938
                ],
                [
                    0.8786678156617217,
                    0.11374369752471372,
                    -0.4636865762491571,
                    3.386877763682275
                ],
                [
                    -0.012847869312150168,
                    -0.965221414069185,
                    -0.2611178930606284,
                    -1.4322949732207315
                ],
                [
                    0.0,
                    0.0,
                    0.0,
                    1.0
                ]
            ],
            "is_bad": false,
            "mask_path": "DSC08176.png"
        },
        {
            "file_path": "DSC08438.JPG",
            "transform_matrix": [
                [
                    -0.98484063130844,
                    0.044686833037847984,
                    -0.1676067357746719,
                    2.371374273259694
                ],
                [
                    0.17323324548075872,
                    0.20381367919718296,
                    -0.9635612211127589,
                    4.816368490404184
                ],
                [
                    -0.008897953933144782,
                    -0.9779893001077032,
                    -0.2084652376072528,
                    -1.4416869545076683
                ],
                [
                    0.0,
                    0.0,
                    0.0,
                    1.0
                ]
            ],
            "is_bad": false,
            "mask_path": "DSC08438.png"
        },
        {
            "file_path": "DSC08191.JPG",
            "transform_matrix": [
                [
                    -0.6375844576787312,
                    0.21776969710497945,
