{
    "fl_x": 462.9334237957525,
    "fl_y": 462.9325195657205,
    "cx": 876.0,
    "cy": 584.0,
    "w": 1752,
    "h": 1168,
    "k1": 0.0,
    "k2": 0.0,
    "k3": 0.0,
    "k4": 0.0,
    "camera_model": "PINHOLE",
    "has_mask": false,
    "aabb_range": [
        [
            0.14753474295139313,
            0.15452520549297333,
            -5.213603973388672
        ],
        [
            9.625452041625977,
            9.744007110595703,
            -0.001953125
        ]
    ],
    "frames": [
        {
            "file_path": "DSC00923.JPG",
            "transform_matrix": [
                [
                    0.07404053138834918,
                    0.16264286371008957,
                    0.9839030941083132,
                    5.387261459709328
                ],
                [
                    -0.9965452646091729,
                    -0.025155316598020627,
                    0.07915014612675787,
                    2.2961998271498185
                ],
                [
                    0.037623600263194654,
                    -0.9863642881466432,
                    0.16021846264460515,
                    -1.809869204502487
                ],
                [
                    0.0,
                    0.0,
                    0.0,
                    1.0
                ]
            ],
            "is_bad": false,
            "mask_path": "DSC00923.png"
        },
        {
            "file_path": "DSC00720.JPG",
            "transform_matrix": [
                [
                    0.3047314412583793,
                    0.1150306131134842,
                    0.9454663964178349,
                    4.866003172444007
                ],
                [
                    -0.9372886873774059,
                    -0.14013047940136206,
                    0.319144740293622,
                    8.316971084576165
                ],
                [
                    0.1692000745358285,
                    -0.9834283943376254,
                    0.06511472942115144,
                    -2.3149560355629695
                ],
                [
                    0.0,
                    0.0,
                    0.0,
                    1.0
                ]
            ],
            "is_bad": false,
            "mask_path": "DSC00720.png"
        },
        {
            "file_path": "DSC00886.JPG",
            "transform_matrix": [
                [
                    0.789306667680127,
                    0.6120552439654207,
                    0.048819695719272464,
                    6.819507573609777
                ],
                [
                    -0.5326554644921515,
                    0.6430208117170735,
                    0.5502748330110744,
                    5.4812311170005685
                ],
                [
                    0.30540651679743724,
                    -0.4603396724519243,
                    0.8335551844146323,
                    -1.675620003706845
                ],
                [
                    0.0,
                    0.0,
                    0.0,
                    1.0
                ]
            ],
            "is_bad": false,
            "mask_path": "DSC00886.png"
        },
        {
            "file_path": "DSC00638.JPG",
            "transform_matrix": [
                [
                    0.7862849111230616,
                    0.09032701640314789,
                    0.6112258736734759,
                    3.3419385512356476
                ],
                [
                    -0.6093051273679979,
                    -0.050732186877263906,
                    0.7913112579621988,
                    5.64466532329402
                ],
                [
                    0.10248561022536891,
                    -0.994619160946719,
                    0.015146761184423456,
                    -1.900099351441009
                ],
                [
                    0.0,
                    0.0,
                    0.0,
                    1.0
                ]
            ],
            "is_bad": false,
            "mask_path": "DSC00638.png"
        },
        {
            "file_path": "DSC00799.JPG",
            "transform_matrix": [
                [
                    -0.87597310989869,
                    -0.03821650589331164,
                    0.48084364341407704,
                    3.0341755519664826
                ],
                [
                    -0.47666264191939584,
                    -0.08417817554630151,
                    -0.8750467190728265,
                    3.297332291487834
                ],
                [
                    0.07391776872200312,
                    -0.9957175972327709,
                    0.05552143755485743,
                    -1.2734251813102289
                ],
                [
                    0.0,
                    0.0,
                    0.0,
                    1.0
                ]
            ],
            "is_bad": false,
            "mask_path": "DSC00799.png"
        },
        {
            "file_path": "DSC00357.JPG",
            "transform_matrix": [
                [
                    0.42413710436243923,
                    -0.5024092963841491,
                    0.7534537912903682,
                    6.833241875278673
                ],
                [
                    -0.9001801061151566,
                    -0.3247683590662143,
                    0.29017458452446304,
                    7.538338955476713
                ],
                [
                    0.09891154259009248,
                    -0.8013179218364102,
                    -0.5900051651352098,
                    -1.3984698435795289
                ],
                [
                    0.0,
                    0.0,
                    0.0,
                    1.0
                ]
            ],
            "is_bad": false,
            "mask_path": "DSC00357.png"
        },
        {
            "file_path": "DSC00527.JPG",
            "transform_matrix": [
                [
                    -0.5188726971266279,
                    -0.020573091511266142,
                    0.8546039270224582,
                    4.676616967469722
                ],
                [
                    -0.8540187530518706,
                    0.0565915858369248,
                    -0.517155065573363,
                    4.156726086695203
                ],
                [
                    -0.03772391300310894,
                    -0.9981854238157009,
                    -0.04693363473675138,
                    -2.2298868939445144
                ],
                [
                    0.0,
                    0.0,
                    0.0,
                    1.0
                ]
            ],
            "is_bad": false,
            "mask_path": "DSC00527.png"
        },
        {
            "file_path": "DSC00782.JPG",
            "transform_matrix": [
                [
                    0.8607063930117312,
                    0.2774276772587732,
                    -0.42687045917881955,
                    5.03133432938851
                ],
                [
                    0.5010020213429364,
                    -0.6105389715428561,
                    0.6133833538967968,
                    6.782584834480455
                ],
                [
                    -0.0904515319882787,
                    -0.7418059369661264,
                    -0.6644866230728649,
                    -1.485081183309333
                ],
                [
                    0.0,
                    0.0,
                    0.0,
                    1.0
                ]
            ],
            "is_bad": true,
            "mask_path": "DSC00782.png"
        },
        {
            "file_path": "DSC00293.JPG",
            "transform_matrix": [
                [
                    -0.3325411242598439,
                    -0.13869219920022005,
                    -0.9328348592098205,
                    6.273935019589578
                ],
                [
                    0.9408442355314378,
                    0.019413865810859358,
                    -0.3382827608400139,
                    3.939594511086907
                ],
                [
                    0.06502711083281495,
                    -0.990145229597802,
                    0.12403184736773204,
                    -2.1371747035748236
                ],
                [
                    0.0,
                    0.0,
                    0.0,
                    1.0
                ]
            ],
            "is_bad": false,
            "mask_path": "DSC00293.png"
        },
        {
            "file_path": "DSC00816.JPG",
            "transform_matrix": [
                [
                    -0.4349791449198579,
                    -0.06804757489216416,
                    -0.8978656196982285,
                    5.557806448246004
                ],
                [
                    0.9004304057785151,
                    -0.03759953061138292,
                    -0.43337207991210314,
                    5.4696150967182335
                ],
                [
                    -0.004269406788760249,
                    -0.9969733210317606,
                    0.07762711714712267,
                    -2.6395171928079493
                ],
                [
                    0.0,
                    0.0,
                    0.0,
                    1.0
                ]
            ],
            "is_bad": false,
            "mask_path": "DSC00816.png"
        },
        {
            "file_path": "DSC00398.JPG",
            "transform_matrix": [
                [
                    0.36854705586851727,
                    0.08816253633612559,
                    0.9254190590199824,
                    6.743602714364887
                ],
                [
                    -0.9277705951751299,
                    -0.027694473166364267,
                    0.3721219408801688,
                    2.3374816024860876
                ],
                [
                    0.05843620743198828,
                    -0.995721036908842,
                    0.07158789225942239,
                    -1.759289691626072
                ],
                [
                    0.0,
                    0.0,
                    0.0,
                    1.0
                ]
            ],
            "is_bad": false,
            "mask_path": "DSC00398.png"
        },
        {
            "file_path": "DSC00464.JPG",
            "transform_matrix": [
                [
                    -0.09523039264300487,
                    -0.063353727523023,
                    0.993437203614802,
                    5.646560520565983
                ],
                [
                    -0.9954436111954914,
                    0.010888373720380307,
                    -0.09472834975763264,
                    4.970332020759359
                ],
                [
                    -0.0048155214814368345,
                    -0.9979317354041127,
                    -0.06410196741284864,
                    -1.4332091802165252
                ],
                [
                    0.0,
                    0.0,
                    0.0,
                    1.0
                ]
            ],
            "is_bad": false,
            "mask_path": "DSC00464.png"
        },
        {
            "file_path": "DSC00960.JPG",
            "transform_matrix": [
                [
                    -0.5451056696172735,
                    0.3299378282662352,
                    0.770714498650483,
                    5.331335072453301
                ],
                [
                    -0.8382398084862013,
                    -0.23052736183187167,
                    -0.4941772545512949,
                    1.0491293416909437
                ],
                [
                    0.014623009954244917,
                    -0.9154223969981282,
                    0.40222879391470695,
                    -1.7290209634862883
                ],
                [
                    0.0,
                    0.0,
                    0.0,
                    1.0
                ]
            ],
            "is_bad": false,
            "mask_path": "DSC00960.png"
        },
        {
            "file_path": "DSC00783.JPG",
            "transform_matrix": [
                [
                    -0.8949508452330235,
                    -0.026503810003285014,
                    0.4453768434393586,
                    4.335948574423455
                ],
                [
                    -0.44586493265288996,
                    0.016538191125372116,
                    -0.894947456594372,
                    5.466388719217077
                ],
                [
                    0.0163537899928855,
                    -0.999511899023524,
                    -0.026617987588437014,
                    -1.2668662799740977
                ],
                [
                    0.0,
                    0.0,
                    0.0,
                    1.0
                ]
            ],
            "is_bad": true,
            "mask_path": "DSC00783.png"
        },
        {
            "file_path": "DSC00647.JPG",
            "transform_matrix": [
                [
                    0.7737686758600663,
                    0.16892550882262805,
                    -0.6105294495163817,
                    5.719849853544943
                ],
                [
                    0.6320578464267027,
                    -0.14160119104415417,
                    0.7618739931677123,
                    7.504065468772688
                ],
                [
                    0.042248254735531815,
                    -0.9754041599070067,
                    -0.21633725940740872,
                    -2.1350308902977235
                ],
                [
                    0.0,
                    0.0,
                    0.0,
                    1.0
                ]
            ],
            "is_bad": false,
            "mask_path": "DSC00647.png"
        },
        {
            "file_path": "DSC00849.JPG",
            "transform_matrix": [
                [
                    -0.4963158219935744,
                    0.02926367732847872,
                    0.8676486858331877,
                    6.87129536552629
                ],
                [
                    -0.8649666029283711,
                    0.0687349667585087,
                    -0.49709986940579703,
                    6.225216378294271
                ],
                [
                    -0.07418477375712806,
                    -0.9972056666174344,
                    -0.00880214795844407,
                    -0.7662582327652548
                ],
                [
                    0.0,
                    0.0,
                    0.0,
                    1.0
                ]
            ],
            "is_bad": false,
            "mask_path": "DSC00849.png"
        },
        {
            "file_path": "DSC00200.JPG",
            "transform_matrix": [
                [
                    -0.8360163238434299,
                    0.07725800595590694,
                    0.5432383517232877,
                    6.2290794122204005
                ],
                [
                    -0.5484316965979881,
                    -0.14887260289170817,
                    -0.8228363277559522,
                    6.396505422072671
                ],
                [
                    0.01730261350114134,
                    -0.9858337327480559,
                    0.16683066547270378,
                    -1.9139140367106473
                ],
                [
                    0.0,
                    0.0,
                    0.0,
                    1.0
                ]
            ],
            "is_bad": false,
            "mask_path": "DSC00200.png"
        },
        {
            "file_path": "DSC00497.JPG",
            "transform_matrix": [
                [
                    0.6762075788118141,
                    0.0649329664083772,
                    -0.7338440026537475,
                    3.6002205843188504
                ],
                [
                    0.7366691533369326,
                    -0.04896165347699049,
                    0.6744785504451909,
                    3.697002676311102
                ],
                [
                    0.00786567729512791,
                    -0.9966877476733665,
                    -0.08094235454001354,
                    -2.119803105126214
                ],
                [
                    0.0,
                    0.0,
                    0.0,
                    1.0
                ]
            ],
            "is_bad": false,
            "mask_path": "DSC00497.png"
        },
        {
            "file_path": "DSC00274.JPG",
            "transform_matrix": [
                [
                    -0.33461124360110184,
                    0.11032955973563278,
                    -0.9358753677195836,
                    5.999329909687214
                ],
                [
                    0.9422706909132035,
                    0.052555146808066805,
                    -0.3307021342385574,
                    3.072014535393958
                ],
                [
                    0.012698846470382044,
                    -0.9925045817488825,
                    -0.12154585351132997,
                    -1.7665305999597791
                ],
                [
                    0.0,
                    0.0,
                    0.0,
                    1.0
                ]
            ],
            "is_bad": false,
            "mask_path": "DSC00274.png"
        },
        {
            "file_path": "DSC00752.JPG",
            "transform_matrix": [
                [
                    0.6181103778474131,
                    -0.2888384352847554,
                    0.7311032205506844,
                    4.744829031588488
                ],
                [
                    -0.7857459428105875,
                    -0.19944982413870146,
                    0.585510957205536,
                    7.464596976709212
                ],
                [
                    -0.02329965995525425,
                    -0.9363717883155683,
                    -0.3502356348127282,
                    -2.018244844643553
                ],
                [
                    0.0,
                    0.0,
                    0.0,
                    1.0
                ]
            ],
            "is_bad": false,
            "mask_path": "DSC00752.png"
        },
        {
            "file_path": "DSC00594.JPG",
            "transform_matrix": [
                [
                    0.9946013141569789,
                    0.045405904515913635,
                    0.09330878689760018,
                    4.064620061748382
                ],
                [
                    -0.0960726302622495,
                    0.0630617929002963,
                    0.9933746825798877,
                    5.232635245789188
                ],
                [
                    0.039220856590634186,
                    -0.9969761853280609,
                    0.06708360676801045,
                    -2.2416170538855136
                ],
                [
                    0.0,
                    0.0,
                    0.0,
                    1.0
                ]
            ],
            "is_bad": false,
            "mask_path": "DSC00594.png"
        },
        {
            "file_path": "DSC00313.JPG",
            "transform_matrix": [
                [
                    -0.6866162515147279,
                    -0.13617959172770616,
                    -0.7141521140154519,
                    6.586313369362094
                ],
                [
                    0.7270169696713945,
                    -0.13146082321787214,
                    -0.6739171891031583,
                    4.7991208299612795
                ],
                [
                    -0.0021092571409035313,
                    -0.9819232000292868,
                    0.1892680117678604,
                    -2.1286529485372996
                ],
                [
                    0.0,
                    0.0,
                    0.0,
                    1.0
                ]
            ],
            "is_bad": false,
            "mask_path": "DSC00313.png"
        },
        {
            "file_path": "DSC00713.JPG",
            "transform_matrix": [
                [
                    0.2815259799934227,
                    -0.14495698729287962,
                    0.9485412982172755,
                    5.52609874928767
                ],
                [
                    -0.956844111194451,
                    0.03182509506105487,
                    0.2888537868833546,
                    8.148163371553014
                ],
                [
                    -0.0720587916998517,
                    -0.9889260008510882,
                    -0.1297416485922328,
                    -1.636228145395356
                ],
                [
                    0.0,
                    0.0,
                    0.0,
                    1.0
                ]
            ],
            "is_bad": false,
            "mask_path": "DSC00713.png"
        },
        {
            "file_path": "DSC00478.JPG",
            "transform_matrix": [
                [
                    0.8494438382562973,
                    -0.04481513027690434,
                    0.5257725456380106,
                    4.7288784021468535
                ],
                [
                    -0.5270318058560174,
                    -0.022718804342970616,
                    0.849541836253737,
                    4.923568978382982
                ],
                [
                    -0.026127404474136286,
                    -0.9987369323437931,
                    -0.04291734740119663,
                    -1.8381880481489274
                ],
                [
                    0.0,
                    0.0,
                    0.0,
                    1.0
                ]
            ],
            "is_bad": false,
            "mask_path": "DSC00478.png"
        },
        {
            "file_path": "DSC00622.JPG",
            "transform_matrix": [
                [
                    -0.9120691163812116,
                    -0.07502584490390918,
                    0.40311418920704134,
                    3.1560281093365727
                ],
                [
                    -0.4067900329463786,
                    0.042095610674907594,
                    -0.9125512745360618,
                    3.1939691877543046
                ],
                [
                    0.05149559242381639,
                    -0.9962926689273395,
                    -0.06891387235208143,
                    -2.216546660282774
                ],
                [
                    0.0,
                    0.0,
                    0.0,
                    1.0
                ]
            ],
            "is_bad": false,
            "mask_path": "DSC00622.png"
        },
        {
            "file_path": "DSC00453.JPG",
            "transform_matrix": [
                [
                    -0.5298951103881541,
                    -0.309438220820404,
                    0.7895943005634153,
                    6.163656478165197
                ],
                [
                    -0.8472970072340028,
                    0.23273955397436524,
                    -0.4774097627281157,
                    4.754577552041832
                ],
                [
                    -0.03604099775295083,
                    -0.9219979867176047,
                    -0.385513630069879,
                    -1.0787210140256507
                ],
                [
                    0.0,
                    0.0,
                    0.0,
                    1.0
                ]
            ],
            "is_bad": false,
            "mask_path": "DSC00453.png"
        },
        {
            "file_path": "DSC00846.JPG",
            "transform_matrix": [
                [
                    0.042269720944302466,
                    0.030574652866132306,
                    -0.9986383035380758,
                    5.865497581674424
                ],
                [
                    0.9991059896323793,
                    -0.001995386268647787,
                    0.04222842543054546,
                    4.38534023228539
                ],
                [
                    -0.0007015497096033152,
                    -0.9995304943000759,
                    -0.030631663230235414,
                    -1.6063289106760468
                ],
                [
                    0.0,
                    0.0,
                    0.0,
                    1.0
                ]
            ],
            "is_bad": false,
            "mask_path": "DSC00846.png"
        },
        {
            "file_path": "DSC00489.JPG",
            "transform_matrix": [
                [
                    0.41473376744247453,
                    0.30751019966417303,
                    -0.8564072508132285,
                    4.0764940275231485
                ],
                [
                    0.9099314602780338,
                    -0.13545627745385594,
                    0.39201573245805915,
                    4.175429153781657
                ],
                [
                    0.004543097980024067,
                    -0.9418540619442295,
                    -0.33599149730298156,
                    -2.0331957458555827
                ],
                [
                    0.0,
                    0.0,
                    0.0,
                    1.0
                ]
            ],
            "is_bad": false,
            "mask_path": "DSC00489.png"
        },
        {
            "file_path": "DSC00943.JPG",
            "transform_matrix": [
                [
                    -0.39835118991993174,
                    -0.14081752475454992,
                    0.9063590647262133,
                    5.4400000144501135
                ],
                [
                    -0.9170210817522009,
                    0.08238118824913616,
                    -0.3902379728379639,
                    1.6980384374391049
                ],
                [
                    -0.019714591332245845,
                    -0.9866021308230902,
                    -0.16194928324614577,
                    -1.6232308024261495
                ],
                [
                    0.0,
                    0.0,
                    0.0,
                    1.0
                ]
            ],
            "is_bad": false,
            "mask_path": "DSC00943.png"
        },
        {
            "file_path": "DSC00867.JPG",
            "transform_matrix": [
                [
                    -0.2489176808978412,
                    0.7861361302337722,
                    0.5657119168600833,
                    6.732950455214242
                ],
                [
                    -0.9375214761174016,
                    -0.34217830784263326,
                    0.0629879945751554,
                    5.968346560748229
                ],
                [
                    0.2430914847440942,
                    -0.5146882458178165,
                    0.8221937360877244,
                    -1.2955925279493912
                ],
                [
                    0.0,
                    0.0,
                    0.0,
                    1.0
                ]
            ],
            "is_bad": false,
            "mask_path": "DSC00867.png"
        },
        {
            "file_path": "DSC00320.JPG",
            "transform_matrix": [
                [
                    -0.9952286210376464,
                    -0.06510681275818743,
                    0.07267114145226505,
                    6.352625218159945
                ],
                [
                    -0.08616752358583074,
                    0.23707613775941194,
                    -0.9676621635592485,
                    5.2727892893879265
                ],
                [
                    0.0457728057539636,
                    -0.9693069729644733,
                    -0.24155505048716996,
                    -1.9252205506213136
                ],
                [
                    0.0,
                    0.0,
                    0.0,
                    1.0
                ]
            ],
            "is_bad": false,
            "mask_path": "DSC00320.png"
        },
        {
            "file_path": "DSC00286.JPG",
            "transform_matrix": [
                [
                    -0.662530591328485,
                    0.03820658588844567,
                    -0.7480598053288771,
                    5.996419315289566
                ],
                [
                    0.7490347289961301,
                    0.0332125376098572,
                    -0.6616977422533704,
                    3.6352347241678813
                ],
                [
                    -0.0004362472026860637,
                    -0.9987177700132622,
                    -0.050622381888997564,
                    -1.7377063101216024
                ],
                [
                    0.0,
                    0.0,
                    0.0,
                    1.0
                ]
            ],
            "is_bad": false,
            "mask_path": "DSC00286.png"
        },
        {
            "file_path": "DSC00336.JPG",
            "transform_matrix": [
                [
                    -0.6648102913294783,
                    -0.06994837121670805,
                    0.7437301270666284,
                    6.721243847247457
                ],
                [
                    -0.7468313931685407,
                    0.08414194957818469,
                    -0.6596688582153306,
                    6.162090155720247
                ],
                [
                    -0.016436140676869417,
                    -0.9939956527497047,
                    -0.10817807353774712,
                    -1.8265664242787534
                ],
                [
                    0.0,
                    0.0,
                    0.0,
                    1.0
                ]
            ],
            "is_bad": false,
            "mask_path": "DSC00336.png"
        },
        {
            "file_path": "DSC00394.JPG",
            "transform_matrix": [
                [
                    -0.5736211864744213,
                    0.03104610044683747,
                    -0.8185321460240409,
                    5.8488405378481225
                ],
                [
                    0.8184292112917066,
                    0.06277469567640077,
                    -0.5711680695619901,
                    1.2214692769958648
                ],
                [
                    0.03365056510836255,
                    -0.9975447244258174,
                    -0.061417930916856,
                    -1.7549633096904194
                ],
                [
                    0.0,
                    0.0,
                    0.0,
                    1.0
                ]
            ],
            "is_bad": false,
            "mask_path": "DSC00394.png"
        },
        {
            "file_path": "DSC00435.JPG",
            "transform_matrix": [
                [
                    -0.575372153556805,
                    0.02982206246148827,
                    0.8173478632148903,
                    5.490564819628401
                ],
                [
                    -0.8174116814144851,
                    -0.0552009897426724,
                    -0.5734029942532325,
                    3.2365348647772785
                ],
                [
                    0.028018351103295897,
                    -0.9980298068304234,
                    0.05613801456660195,
                    -1.7071375402556952
                ],
                [
                    0.0,
                    0.0,
                    0.0,
                    1.0
                ]
            ],
            "is_bad": false,
            "mask_path": "DSC00435.png"
        },
        {
            "file_path": "DSC00416.JPG",
            "transform_matrix": [
                [
                    0.39940624099114047,
                    0.13049136926963395,
                    0.9074396162849969,
                    6.2876602439347495
                ],
                [
                    -0.91676478621718,
                    0.052400750292975744,
                    0.3959753630226258,
                    2.6207676986129607
                ],
                [
                    0.004120850578959131,
                    -0.9900637170984848,
                    0.14055907895129652,
                    -1.7189791915401706
                ],
                [
                    0.0,
                    0.0,
                    0.0,
                    1.0
                ]
            ],
            "is_bad": false,
            "mask_path": "DSC00416.png"
        },
        {
            "file_path": "DSC00829.JPG",
            "transform_matrix": [
                [
                    0.392720591326704,
                    -0.08413137218142219,
                    -0.915801533828632,
                    5.761860261419192
                ],
                [
                    0.9195846655719355,
                    0.048485109047122374,
                    0.3898887495756195,
                    5.068156371978541
                ],
                [
                    0.011600861733307419,
                    -0.9952743875010347,
                    0.0964070204470868,
                    -2.3723118117902073
                ],
                [
                    0.0,
                    0.0,
                    0.0,
                    1.0
                ]
            ],
            "is_bad": false,
            "mask_path": "DSC00829.png"
        },
        {
            "file_path": "DSC00762.JPG",
            "transform_matrix": [
                [
                    0.6470051205642615,
                    -0.24516789616825,
                    0.7219952054217945,
                    4.52064380834339
                ],
                [
                    -0.7622952169724087,
                    -0.2291463323190789,
                    0.6053081533943689,
                    6.867159999023647
                ],
                [
                    0.01704042677317872,
                    -0.9420109665355004,
                    -0.3351491649732083,
                    -1.539838824146044
                ],
                [
                    0.0,
                    0.0,
                    0.0,
                    1.0
                ]
            ],
            "is_bad": false,
            "mask_path": "DSC00762.png"
        },
        {
            "file_path": "DSC00842.JPG",
            "transform_matrix": [
                [
                    0.06097230396614389,
                    0.008771804739057927,
                    -0.9981009135306306,
                    6.418617032049627
                ],
                [
                    0.9973771829852932,
                    0.038537470979826,
                    0.06126677885118589,
                    5.784827737537798
                ],
                [
                    0.039001705211198175,
                    -0.999218654135369,
                    -0.006399079505670237,
                    -1.658758024258369
                ],
                [
                    0.0,
                    0.0,
                    0.0,
                    1.0
                ]
            ],
            "is_bad": false,
            "mask_path": "DSC00842.png"
        },
        {
            "file_path": "DSC00973.JPG",
            "transform_matrix": [
                [
                    0.5667321937296865,
                    0.019452737518630733,
                    0.8236723933660565,
                    5.767459484521766
                ],
                [
                    -0.8238445124759696,
                    0.025196663482099327,
                    0.5662555495645057,
                    2.6297874114162743
                ],
                [
                    -0.00973857554099336,
                    -0.999493231168876,
                    0.03030579142723887,
                    -1.7110683336560049
                ],
                [
                    0.0,
                    0.0,
                    0.0,
                    1.0
                ]
            ],
            "is_bad": false,
            "mask_path": "DSC00973.png"
        },
        {
            "file_path": "DSC00354.JPG",
            "transform_matrix": [
                [
                    0.24331489029051465,
                    0.3468247396933154,
                    -0.9058203266098523,
                    6.505815068809724
                ],
                [
                    0.9356734953972697,
                    0.16213454304663752,
                    0.3134126672011093,
                    6.66508863314263
                ],
                [
                    0.2555640314558566,
                    -0.9238100399366327,
                    -0.2850649679253974,
                    -1.5921648728466966
                ],
                [
                    0.0,
                    0.0,
                    0.0,
                    1.0
                ]
            ],
            "is_bad": false,
            "mask_path": "DSC00354.png"
        },
        {
            "file_path": "DSC00471.JPG",
            "transform_matrix": [
                [
                    0.35477092017950884,
                    -0.02483959125103766,
                    0.9346232336623488,
                    5.1609044820009125
                ],
                [
                    -0.9345489196052202,
                    0.019974879097678613,
                    0.3552735862258092,
                    5.018051377817674
                ],
                [
                    -0.0274938367584261,
                    -0.9994918703578904,
                    -0.01612730692913395,
                    -1.5261653206129056
                ],
                [
                    0.0,
                    0.0,
                    0.0,
                    1.0
                ]
            ],
            "is_bad": false,
            "mask_path": "DSC00471.png"
        },
        {
            "file_path": "DSC00633.JPG",
            "transform_matrix": [
                [
                    0.7467383587602832,
                    0.04233647259857699,
                    0.6637691214902282,
                    3.756310494295201
                ],
                [
                    -0.65804160101881,
                    -0.09816130399930548,
                    0.746555831619952,
                    5.610910947560291
                ],
                [
                    0.0967629830286399,
                    -0.9942695718390795,
                    -0.045441650831954505,
                    -2.1728720323548942
                ],
                [
                    0.0,
                    0.0,
                    0.0,
                    1.0
                ]
            ],
            "is_bad": false,
            "mask_path": "DSC00633.png"
        },
        {
            "file_path": "DSC00962.JPG",
            "transform_matrix": [
                [
                    0.7236131241304746,
                    0.18971915142420737,
                    0.6636193865228879,
                    5.83342217912185
                ],
                [
