{
    "fl_x": 624.6819836112967,
    "fl_y": 625.7577342491,
    "cx": 876.0,
    "cy": 584.0,
    "w": 1752,
    "h": 1168,
    "k1": 0.0,
    "k2": 0.0,
    "k3": 0.0,
    "k4": 0.0,
    "camera_model": "PINHOLE",
    "has_mask": false,
    "aabb_range": [
        [
            0.10788332670927048,
            0.03399905562400818,
            -3.076364517211914
        ],
        [
            6.645183563232422,
            7.383507251739502,
            -0.0
        ]
    ],
    "frames": [
        {
            "file_path": "DSC07350.JPG",
            "transform_matrix": [
                [
                    -0.7497045183911316,
                    -0.05940394311691268,
                    0.6591011353700468,
                    4.982607323427625
                ],
                [
                    -0.6613162766573057,
                    0.030265928888138175,
                    -0.7494963347319699,
                    4.937585772044297
                ],
                [
                    0.024574729541551692,
                    -0.9977750974496715,
                    -0.06197529812158139,
                    -1.5414220867938935
                ],
                [
                    0.0,
                    0.0,
                    0.0,
                    1.0
                ]
            ],
            "is_bad": false,
            "mask_path": "DSC07350.png"
        },
        {
            "file_path": "DSC06650.JPG",
            "transform_matrix": [
                [
                    0.6044046492058117,
                    0.10699708186164497,
                    -0.7894597168263193,
                    0.9241763917648554
                ],
                [
                    0.7964152152493077,
                    -0.10657238559611439,
                    0.5952857562110422,
                    2.720334824254371
                ],
                [
                    -0.020440766565829684,
                    -0.9885312089668417,
                    -0.1496269493131358,
                    -1.6252243240664823
                ],
                [
                    0.0,
                    0.0,
                    0.0,
                    1.0
                ]
            ],
            "is_bad": false,
            "mask_path": "DSC06650.png"
        },
        {
            "file_path": "DSC07102.JPG",
            "transform_matrix": [
                [
                    0.08588209679733122,
                    -0.03177756391706733,
                    0.9957983992160222,
                    4.187496895502265
                ],
                [
                    -0.9961652052470803,
                    0.014022329253810858,
                    0.08636120736385744,
                    1.5701206351991008
                ],
                [
                    -0.016707761811184985,
                    -0.9993965983100985,
                    -0.03045143644339931,
                    -1.6315590431801932
                ],
                [
                    0.0,
                    0.0,
                    0.0,
                    1.0
                ]
            ],
            "is_bad": false,
            "mask_path": "DSC07102.png"
        },
        {
            "file_path": "DSC07486.JPG",
            "transform_matrix": [
                [
                    0.9602196966754035,
                    0.05918048202108373,
                    0.27290255525433776,
                    2.4124445076153767
                ],
                [
                    -0.2767137102791536,
                    0.07034848414860366,
                    0.9583739423218565,
                    5.742110396819067
                ],
                [
                    0.0375187507806312,
                    -0.9957654148069939,
                    0.08392605086691039,
                    -1.6916632801408051
                ],
                [
                    0.0,
                    0.0,
                    0.0,
                    1.0
                ]
            ],
            "is_bad": false,
            "mask_path": "DSC07486.png"
        },
        {
            "file_path": "DSC07232.JPG",
            "transform_matrix": [
                [
                    0.9832884682855197,
                    -0.03407414468286732,
                    0.17883719076536517,
                    5.560464417751704
                ],
                [
                    -0.1797740321535635,
                    -0.3367222478989532,
                    0.9242831953103582,
                    3.0755909010305467
                ],
                [
                    0.028724301557499495,
                    -0.9409872902616734,
                    -0.3372207497560418,
                    -1.4653603104452322
                ],
                [
                    0.0,
                    0.0,
                    0.0,
                    1.0
                ]
            ],
            "is_bad": false,
            "mask_path": "DSC07232.png"
        },
        {
            "file_path": "DSC06950.JPG",
            "transform_matrix": [
                [
                    -0.9980472706395791,
                    0.043357271216299335,
                    0.044964348116736774,
                    2.3566093653979223
                ],
                [
                    -0.03830543642099916,
                    0.1437652122651613,
                    -0.9888701923321129,
                    1.5297512878077533
                ],
                [
                    -0.04933902217802474,
                    -0.9886615754518983,
                    -0.1418236585182001,
                    -1.5592589520645277
                ],
                [
                    0.0,
                    0.0,
                    0.0,
                    1.0
                ]
            ],
            "is_bad": false,
            "mask_path": "DSC06950.png"
        },
        {
            "file_path": "DSC07581.JPG",
            "transform_matrix": [
                [
                    -0.922889920035026,
                    0.09056115890216643,
                    -0.3742631053096721,
                    1.995174243437486
                ],
                [
                    0.38408773155952924,
                    0.14733599890187168,
                    -0.9114651490282236,
                    4.081057588520662
                ],
                [
                    -0.02740091172201528,
                    -0.9849318656261878,
                    -0.170758338334964,
                    -1.1881135427355292
                ],
                [
                    0.0,
                    0.0,
                    0.0,
                    1.0
                ]
            ],
            "is_bad": false,
            "mask_path": "DSC07581.png"
        },
        {
            "file_path": "DSC07441.JPG",
            "transform_matrix": [
                [
                    0.9214376711680623,
                    -0.06363307732464778,
                    -0.38327985809663134,
                    3.9068679079890174
                ],
                [
                    0.38805499681246086,
                    0.19930183560845596,
                    0.8998289269477732,
                    5.950834867387178
                ],
                [
                    0.019129495582984584,
                    -0.9778699350083812,
                    0.20833735288095878,
                    -1.6931428329516103
                ],
                [
                    0.0,
                    0.0,
                    0.0,
                    1.0
                ]
            ],
            "is_bad": false,
            "mask_path": "DSC07441.png"
        },
        {
            "file_path": "DSC07614.JPG",
            "transform_matrix": [
                [
                    -0.2682609978828006,
                    0.22471022886758735,
                    -0.9367717705274856,
                    2.6138659440936167
                ],
                [
                    0.9619558756018302,
                    0.010258180491412796,
                    -0.27301220325861203,
                    2.588590810613385
                ],
                [
                    -0.05173906077655576,
                    -0.9743716348371814,
                    -0.21891319470209594,
                    -1.0252065263521233
                ],
                [
                    0.0,
                    0.0,
                    0.0,
                    1.0
                ]
            ],
            "is_bad": false,
            "mask_path": "DSC07614.png"
        },
        {
            "file_path": "DSC07651.JPG",
            "transform_matrix": [
                [
                    0.07764456531753915,
                    -0.10181565530858755,
                    0.9917685686745339,
                    5.359584648003326
                ],
                [
                    -0.9961237438637355,
                    0.033323575208055956,
                    0.08140654916067191,
                    4.05762255758433
                ],
                [
                    -0.04133773563641641,
                    -0.9942449957980358,
                    -0.0988335972380744,
                    -0.9494488858264799
                ],
                [
                    0.0,
                    0.0,
                    0.0,
                    1.0
                ]
            ],
            "is_bad": false,
            "mask_path": "DSC07651.png"
        },
        {
            "file_path": "DSC07136.JPG",
            "transform_matrix": [
                [
                    -0.44218084339769426,
                    -0.2722158943183555,
                    0.8546195695235169,
                    4.969412057736318
                ],
                [
                    -0.8962921446031665,
                    0.16991970466309295,
                    -0.40961895157556255,
                    2.231373689425966
                ],
                [
                    -0.033711915619846794,
                    -0.9471144602674298,
                    -0.3191202060314812,
                    -1.4329658694702534
                ],
                [
                    0.0,
                    0.0,
                    0.0,
                    1.0
                ]
            ],
            "is_bad": false,
            "mask_path": "DSC07136.png"
        },
        {
            "file_path": "DSC07620.JPG",
            "transform_matrix": [
                [
                    -0.9595285495513444,
                    0.0861337911826962,
                    -0.2681155210210511,
                    3.4588759446682666
                ],
                [
                    0.27807848407796676,
                    0.1394651084349159,
                    -0.9503798399703867,
                    1.6382837277218891
                ],
                [
                    -0.044467058467968244,
                    -0.9864737470129318,
                    -0.15777270728954837,
                    -1.0024585283020995
                ],
                [
                    0.0,
                    0.0,
                    0.0,
                    1.0
                ]
            ],
            "is_bad": false,
            "mask_path": "DSC07620.png"
        },
        {
            "file_path": "DSC07522.JPG",
            "transform_matrix": [
                [
                    0.8243485278512876,
                    -0.07793367846092988,
                    -0.560692292073792,
                    2.4187974912973886
                ],
                [
                    0.5659350057938644,
                    0.0908438783184233,
                    0.8194296546923148,
                    4.795382404019269
                ],
                [
                    -0.012925704874911919,
                    -0.9928110250866552,
                    0.11899241412741746,
                    -1.6387088761735176
                ],
                [
                    0.0,
                    0.0,
                    0.0,
                    1.0
                ]
            ],
            "is_bad": false,
            "mask_path": "DSC07522.png"
        },
        {
            "file_path": "DSC06793.JPG",
            "transform_matrix": [
                [
                    -0.6525269433763194,
                    0.12122816493268439,
                    -0.7480055616070054,
                    1.8426177620972832
                ],
                [
                    0.7542872378658273,
                    0.009441213203078213,
                    -0.656476676117282,
                    2.4940293441331836
                ],
                [
                    -0.07252138278258632,
                    -0.9925797678374811,
                    -0.09760150367178622,
                    -1.5587376127805115
                ],
                [
                    0.0,
                    0.0,
                    0.0,
                    1.0
                ]
            ],
            "is_bad": false,
            "mask_path": "DSC06793.png"
        },
        {
            "file_path": "DSC07471.JPG",
            "transform_matrix": [
                [
                    0.5754769781633964,
                    0.21844493856670114,
                    -0.78810408983745,
                    3.0596068823896765
                ],
                [
                    0.817809460808267,
                    -0.15811079438504785,
                    0.5533431688486095,
                    6.043693100361286
                ],
                [
                    -0.003732749176865951,
                    -0.9629552354671106,
                    -0.2696354595932502,
                    -1.407483482915936
                ],
                [
                    0.0,
                    0.0,
                    0.0,
                    1.0
                ]
            ],
            "is_bad": false,
            "mask_path": "DSC07471.png"
        },
        {
            "file_path": "DSC07020.JPG",
            "transform_matrix": [
                [
                    -0.013066038461974327,
                    0.12905245429134157,
                    0.9915516843212413,
                    3.263988698865387
                ],
                [
                    -0.9997547868964314,
                    0.01604451473188965,
                    -0.015262359735241775,
                    1.4060504478347875
                ],
                [
                    -0.017878610588632465,
                    -0.991507961434702,
                    0.12881117069191175,
                    -1.6846538181280435
                ],
                [
                    0.0,
                    0.0,
                    0.0,
                    1.0
                ]
            ],
            "is_bad": false,
            "mask_path": "DSC07020.png"
        },
        {
            "file_path": "DSC07277.JPG",
            "transform_matrix": [
                [
                    0.9186838836730832,
                    -0.04168237969894917,
                    0.392788112220793,
                    5.372564026767682
                ],
                [
                    -0.394507445115227,
                    -0.04750567066115262,
                    0.9176639292266485,
                    3.7639876248295523
                ],
                [
                    -0.019590753635278232,
                    -0.9980008970324964,
                    -0.060086703140837756,
                    -1.620212585785439
                ],
                [
                    0.0,
                    0.0,
                    0.0,
                    1.0
                ]
            ],
            "is_bad": false,
            "mask_path": "DSC07277.png"
        },
        {
            "file_path": "DSC07610.JPG",
            "transform_matrix": [
                [
                    -0.561599821875946,
                    0.16637488478439272,
                    -0.8105091225778315,
                    2.232398041568789
                ],
                [
                    0.8271934012156652,
                    0.09053632837059761,
                    -0.5545757389486411,
                    3.1671746808076784
                ],
                [
                    -0.018886954602727983,
                    -0.9818974340317586,
                    -0.188469392707896,
                    -1.1633743079239183
                ],
                [
                    0.0,
                    0.0,
                    0.0,
                    1.0
                ]
            ],
            "is_bad": false,
            "mask_path": "DSC07610.png"
        },
        {
            "file_path": "DSC07385.JPG",
            "transform_matrix": [
                [
                    0.3082064985441689,
                    -0.12141212520179549,
                    0.943540062800264,
                    4.553220603289925
                ],
                [
                    -0.9511907688336521,
                    -0.055644269027323744,
                    0.3035454440607861,
                    5.4812636338830005
                ],
                [
                    0.015648499633773134,
                    -0.9910412762233458,
                    -0.1326360180373843,
                    -1.5033165408503593
                ],
                [
                    0.0,
                    0.0,
                    0.0,
                    1.0
                ]
            ],
            "is_bad": false,
            "mask_path": "DSC07385.png"
        },
        {
            "file_path": "DSC07626.JPG",
            "transform_matrix": [
                [
                    -0.9785260432927638,
                    -0.012377635964290602,
                    0.20575124963349198,
                    4.319713688643788
                ],
                [
                    -0.20325150862300959,
                    0.2239842019148519,
                    -0.9531631033223208,
                    1.69032861689963
                ],
                [
                    -0.034287123534624125,
                    -0.9745141719957192,
                    -0.22169014804275586,
                    -0.9981437044131016
                ],
                [
                    0.0,
                    0.0,
                    0.0,
                    1.0
                ]
            ],
            "is_bad": false,
            "mask_path": "DSC07626.png"
        },
        {
            "file_path": "DSC07619.JPG",
            "transform_matrix": [
                [
                    -0.831447754292953,
                    0.15792928042407423,
                    -0.5326846855935876,
                    2.919827181066036
                ],
                [
                    0.5521460840650643,
                    0.12808413834155288,
                    -0.8238502020130339,
                    2.0311402597447534
                ],
                [
                    -0.06188161061915095,
                    -0.9791081635294622,
                    -0.1936953029299981,
                    -1.0509836707044615
                ],
                [
                    0.0,
                    0.0,
                    0.0,
                    1.0
                ]
            ],
            "is_bad": false,
            "mask_path": "DSC07619.png"
        },
        {
            "file_path": "DSC07316.JPG",
            "transform_matrix": [
                [
                    -0.009729569993676057,
                    -0.18835218542887092,
                    0.9820533538010584,
                    5.179540932936343
                ],
                [
                    -0.9999501530113727,
                    0.004034726774382243,
                    -0.009133042887774603,
                    4.362931363698201
                ],
                [
                    -0.002242088372925052,
                    -0.9820932619787311,
                    -0.18838205279618325,
                    -1.455150739706643
                ],
                [
                    0.0,
                    0.0,
                    0.0,
                    1.0
                ]
            ],
            "is_bad": false,
            "mask_path": "DSC07316.png"
        },
        {
            "file_path": "DSC06836.JPG",
            "transform_matrix": [
                [
                    -0.035606278836556954,
                    0.17140307221345427,
                    -0.9845573521858454,
                    2.280005551000986
                ],
                [
                    0.9979596792887874,
                    -0.04614641895009474,
                    -0.04412467033194483,
                    2.1055320176193484
                ],
                [
                    -0.05299690010966519,
                    -0.9841196547442144,
                    -0.1694102527148061,
                    -1.542478713832654
                ],
                [
                    0.0,
                    0.0,
                    0.0,
                    1.0
                ]
            ],
            "is_bad": false,
            "mask_path": "DSC06836.png"
        },
        {
            "file_path": "DSC07126.JPG",
            "transform_matrix": [
                [
                    0.45436450668581546,
                    -0.03698757419002846,
                    0.8900476472749612,
                    4.73615934732286
                ],
                [
                    -0.8900515125008276,
                    0.022531265428736274,
                    0.4553028082201675,
                    1.7469502872980582
                ],
                [
                    -0.036894446182946336,
                    -0.9990616905045041,
                    -0.022683439050037443,
                    -1.600087197348416
                ],
                [
                    0.0,
                    0.0,
                    0.0,
                    1.0
                ]
            ],
            "is_bad": false,
            "mask_path": "DSC07126.png"
        },
        {
            "file_path": "DSC07701.JPG",
            "transform_matrix": [
                [
                    -0.2889848289963892,
                    0.30842605091018677,
                    0.9062897658750632,
                    5.876884092802883
                ],
                [
                    -0.9558354492479216,
                    -0.14589978320922867,
                    -0.25513103931220804,
                    3.863965920353475
                ],
                [
                    0.053538421446238604,
                    -0.9399928852812927,
                    0.3369673768328275,
                    -1.4030866156094346
                ],
                [
                    0.0,
                    0.0,
                    0.0,
                    1.0
                ]
            ],
            "is_bad": false,
            "mask_path": "DSC07701.png"
        },
        {
            "file_path": "DSC06751.JPG",
            "transform_matrix": [
                [
                    -0.8805371538251378,
                    0.2648479898033684,
                    -0.3930774262542185,
                    1.4231549015365597
                ],
                [
                    0.46668447451853473,
                    0.33953624883237365,
                    -0.8166521517587519,
                    2.835101767739143
                ],
                [
                    -0.08282464595085962,
                    -0.9025356934913737,
                    -0.4225747271159971,
                    -1.4167869275212948
                ],
                [
                    0.0,
                    0.0,
                    0.0,
                    1.0
                ]
            ],
            "is_bad": false,
            "mask_path": "DSC06751.png"
        },
        {
            "file_path": "DSC07162.JPG",
            "transform_matrix": [
                [
                    -0.40096433600989795,
                    -0.08294824638346128,
                    0.9123306361566788,
                    5.147272195123756
                ],
                [
                    -0.916090160354201,
                    0.03905975885318101,
                    -0.39906534971173074,
                    2.767216120357329
                ],
                [
                    -0.002533643691658286,
                    -0.9957880917445437,
                    -0.09164964260379753,
                    -1.5657252567747106
                ],
                [
                    0.0,
                    0.0,
                    0.0,
                    1.0
                ]
            ],
            "is_bad": false,
            "mask_path": "DSC07162.png"
        },
        {
            "file_path": "DSC07570.JPG",
            "transform_matrix": [
                [
                    0.014529326997183753,
                    0.36395507578553277,
                    -0.931303173766178,
                    2.348791553321671
                ],
                [
                    0.9998938542841213,
                    -0.004277214897181734,
                    0.013927871250410074,
                    4.29703245738391
                ],
                [
                    0.0010857356278488174,
                    -0.9314066825198701,
                    -0.3639785885673441,
                    -1.5031133473996174
                ],
                [
                    0.0,
                    0.0,
                    0.0,
                    1.0
                ]
            ],
            "is_bad": false,
            "mask_path": "DSC07570.png"
        },
        {
            "file_path": "DSC07028.JPG",
            "transform_matrix": [
                [
                    -0.9423637184880999,
                    -0.03875226704339439,
                    0.3323385079648128,
                    3.6908155897171104
                ],
                [
                    -0.3282171154102089,
                    0.3000063295033137,
                    -0.8956951085105634,
                    1.6222456288499478
                ],
                [
                    -0.0649934398926681,
                    -0.9531497595115607,
                    -0.2954342375452975,
                    -1.5110545109943445
                ],
                [
                    0.0,
                    0.0,
                    0.0,
                    1.0
                ]
            ],
            "is_bad": false,
            "mask_path": "DSC07028.png"
        },
        {
            "file_path": "DSC07628.JPG",
            "transform_matrix": [
                [
                    -0.99520815092519,
                    -0.043428067103695116,
                    0.08760558954598843,
                    5.557653201406881
                ],
                [
                    -0.09234495477034366,
                    0.12292733941253292,
                    -0.9881099526638818,
                    3.6152768924560297
                ],
                [
                    0.03214258328956109,
                    -0.9914650131056528,
                    -0.12634865304735418,
                    -1.022964709333385
                ],
                [
                    0.0,
                    0.0,
                    0.0,
                    1.0
                ]
            ],
            "is_bad": false,
            "mask_path": "DSC07628.png"
        },
        {
            "file_path": "DSC07495.JPG",
            "transform_matrix": [
                [
                    0.9987227277258729,
                    0.007482235204602807,
                    -0.04996928336623807,
                    2.4347169867840948
                ],
                [
                    0.047885373788777816,
                    0.17538782502194272,
                    0.9833341760618219,
                    5.265356131711001
                ],
                [
                    0.016121541517528176,
                    -0.9844709883944859,
                    0.1748055173862745,
                    -1.7234027310347093
                ],
                [
                    0.0,
                    0.0,
                    0.0,
                    1.0
                ]
            ],
            "is_bad": false,
            "mask_path": "DSC07495.png"
        },
        {
            "file_path": "DSC07599.JPG",
            "transform_matrix": [
                [
                    -0.8413223402641399,
                    0.15262953336616553,
                    -0.5185373133313508,
                    2.1068476637486615
                ],
                [
                    0.5368428852200967,
                    0.12402732368581551,
                    -0.8345159911996266,
                    3.623169919379508
                ],
                [
                    -0.06305899111968229,
                    -0.9804700140869983,
                    -0.18628503728213724,
                    -1.150728948475982
                ],
                [
                    0.0,
                    0.0,
                    0.0,
                    1.0
                ]
            ],
            "is_bad": false,
            "mask_path": "DSC07599.png"
        },
        {
            "file_path": "DSC06983.JPG",
            "transform_matrix": [
                [
                    -0.4373429528034826,
                    -0.13132256302980438,
                    0.8896547229529065,
                    2.813991470371355
                ],
                [
                    -0.8992118096980921,
                    0.07729840452952456,
                    -0.4306310229844923,
                    1.472883736090127
                ],
                [
                    -0.012217321007945947,
                    -0.988321476593761,
                    -0.15189271204016175,
                    -1.61914333597396
                ],
                [
                    0.0,
                    0.0,
                    0.0,
                    1.0
                ]
            ],
            "is_bad": false,
            "mask_path": "DSC06983.png"
        },
        {
            "file_path": "DSC07623.JPG",
            "transform_matrix": [
                [
                    -0.6411703641765483,
                    0.09351315896962062,
                    -0.7616796263529928,
                    3.8792069851793847
                ],
                [
                    0.7673633610172618,
                    0.06862009222538713,
                    -0.6375301993719755,
                    1.4756585306117271
                ],
                [
                    -0.007350936675264788,
                    -0.9932505082014814,
                    -0.11575574148824937,
                    -0.9309112710980755
                ],
                [
                    0.0,
                    0.0,
                    0.0,
                    1.0
                ]
            ],
            "is_bad": false,
            "mask_path": "DSC07623.png"
        },
        {
            "file_path": "DSC07464.JPG",
            "transform_matrix": [
                [
                    0.36386425071539713,
                    0.20413102645914796,
                    -0.9088087428541047,
                    3.4850702854202416
                ],
                [
                    0.930865972723884,
                    -0.04508743387779489,
                    0.36256815101596057,
                    5.955471139818677
                ],
                [
                    0.033035554727286955,
                    -0.9779047230395459,
                    -0.20642433185264358,
                    -1.4629588829318687
                ],
                [
                    0.0,
                    0.0,
                    0.0,
                    1.0
                ]
            ],
            "is_bad": false,
            "mask_path": "DSC07464.png"
        },
        {
            "file_path": "DSC06915.JPG",
            "transform_matrix": [
                [
                    -0.6577308982477026,
                    0.20629183880473356,
                    -0.7244540998109072,
                    2.616568814413969
                ],
                [
                    0.7524313304602942,
                    0.13502504058835496,
                    -0.6446823491890133,
                    1.8580948604996803
                ],
                [
                    -0.03517326302778913,
                    -0.9691294627946643,
                    -0.24403058396705735,
                    -1.5098323880523978
                ],
                [
                    0.0,
                    0.0,
                    0.0,
                    1.0
                ]
            ],
            "is_bad": false,
            "mask_path": "DSC06915.png"
        },
        {
            "file_path": "DSC07224.JPG",
            "transform_matrix": [
                [
                    0.5650067929905397,
                    -0.03192049781508984,
                    0.8244685595544456,
                    5.327845976730686
                ],
                [
                    -0.8250187069965645,
                    -0.00907105949224389,
                    0.565032608780595,
                    2.410712064156728
                ],
                [
                    -0.010557318800832553,
                    -0.9994492471851311,
                    -0.031460218066831205,
                    -1.590941469762381
                ],
                [
                    0.0,
                    0.0,
                    0.0,
                    1.0
                ]
            ],
            "is_bad": false,
            "mask_path": "DSC07224.png"
        },
        {
            "file_path": "DSC07241.JPG",
            "transform_matrix": [
                [
                    0.9998496315729899,
                    -0.014717324270565163,
                    -0.009171401728877907,
                    5.48957234190503
                ],
                [
                    0.008047267797221818,
                    -0.0747024436807014,
                    0.9971733983561396,
                    3.4207114500055504
                ],
                [
                    -0.015360850378713866,
                    -0.9970972596865605,
                    -0.07457277654208802,
                    -1.56009925586133
                ],
                [
                    0.0,
                    0.0,
                    0.0,
                    1.0
                ]
            ],
            "is_bad": false,
            "mask_path": "DSC07241.png"
        },
        {
            "file_path": "DSC07477.JPG",
            "transform_matrix": [
                [
                    0.9396321681634349,
                    0.16561176526997404,
                    -0.29943969636079476,
                    2.6579442914756735
                ],
                [
                    0.3421025352660747,
                    -0.43530477434133635,
                    0.8327518290584307,
                    5.941785210923953
                ],
                [
                    0.00756597098899256,
                    -0.8849194859645709,
                    -0.46568257369499283,
                    -1.5176221421871392
                ],
                [
                    0.0,
                    0.0,
                    0.0,
                    1.0
                ]
            ],
            "is_bad": false,
            "mask_path": "DSC07477.png"
        },
        {
            "file_path": "DSC07365.JPG",
            "transform_matrix": [
                [
                    -0.058845331503389366,
                    -0.18583875096535138,
                    0.9808165912136148,
                    4.82073594524532
                ],
                [
                    -0.9980523098281129,
                    -0.009428779629671837,
                    -0.06166591409738069,
                    5.263980409908222
                ],
                [
                    0.020707819948672993,
                    -0.9825350155360032,
                    -0.1849219549935605,
                    -1.4552128858147948
                ],
                [
                    0.0,
                    0.0,
                    0.0,
                    1.0
                ]
            ],
            "is_bad": false,
            "mask_path": "DSC07365.png"
        },
        {
            "file_path": "DSC07295.JPG",
            "transform_matrix": [
                [
                    0.4922692686502032,
                    -0.2371591279505118,
                    0.8375120985229682,
                    5.279998442799946
                ],
                [
                    -0.870411241272736,
                    -0.12590236922259757,
                    0.475954687433783,
                    4.026042581100748
                ],
                [
                    -0.007432241159122854,
                    -0.963277811149976,
                    -0.26840383815709973,
                    -1.4286055322025488
                ],
                [
                    0.0,
                    0.0,
                    0.0,
                    1.0
                ]
            ],
            "is_bad": false,
            "mask_path": "DSC07295.png"
        },
        {
            "file_path": "DSC06725.JPG",
            "transform_matrix": [
                [
                    -0.5760788366654569,
                    -0.019013276697038513,
                    -0.8171729738895037,
                    1.2579334812836915
                ],
                [
                    0.8159548983480771,
                    -0.07267676587602484,
                    -0.5735291549377247,
                    2.6852558639068667
                ],
                [
                    -0.04848482038693294,
                    -0.9971742992130527,
                    0.057381522993064135,
                    -1.6329360900245724
                ],
                [
                    0.0,
                    0.0,
                    0.0,
                    1.0
                ]
            ],
            "is_bad": false,
            "mask_path": "DSC06725.png"
        },
        {
            "file_path": "DSC07054.JPG",
            "transform_matrix": [
                [
                    -0.9262215881753035,
                    -0.019910248188582284,
                    0.3764533857134083,
                    3.940824817474912
                ],
                [
                    -0.3769655490611817,
                    0.04031500691658709,
                    -0.9253494880521187,
                    1.733696418132643
                ],
                [
                    0.0032472171194869097,
                    -0.9989886296822328,
                    -0.044846107373933394,
                    -1.6364909249244677
                ],
                [
                    0.0,
                    0.0,
                    0.0,
                    1.0
                ]
            ],
            "is_bad": false,
            "mask_path": "DSC07054.png"
        },
        {
            "file_path": "DSC06809.JPG",
            "transform_matrix": [
                [
                    -0.3787532802110046,
                    0.04281245541887453,
                    -0.9245069206828103,
