{
    "fl_x": 625.1802079298561,
    "fl_y": 626.0477798648839,
    "cx": 876.0,
    "cy": 584.0,
    "w": 1752,
    "h": 1168,
    "k1": 0.0,
    "k2": 0.0,
    "k3": 0.0,
    "k4": 0.0,
    "camera_model": "PINHOLE",
    "has_mask": false,
    "aabb_range": [
        [
            0.0,
            0.0005879488307982683,
            -2.6917123794555664
        ],
        [
            4.158329486846924,
            7.30418062210083,
            -0.10597217828035355
        ]
    ],
    "frames": [
        {
            "file_path": "DSC00396.JPG",
            "transform_matrix": [
                [
                    0.253542122176041,
                    -0.39732978331250896,
                    0.8819554612197287,
                    2.3482234960091195
                ],
                [
                    -0.9667965591984266,
                    -0.13420032541804883,
                    0.21747341396081774,
                    0.8809873487198044
                ],
                [
                    0.03195004545462966,
                    -0.9078101761659892,
                    -0.4181625026767975,
                    -1.400937288285029
                ],
                [
                    0.0,
                    0.0,
                    0.0,
                    1.0
                ]
            ],
            "is_bad": true,
            "mask_path": "DSC00396.png"
        },
        {
            "file_path": "DSC00535.JPG",
            "transform_matrix": [
                [
                    0.3063262378034627,
                    -0.02219534764155199,
                    0.951667800535589,
                    1.7676487651036483
                ],
                [
                    -0.9518986928393208,
                    0.0005117803072465542,
                    0.3064124942813316,
                    6.316404315043055
                ],
                [
                    -0.007287976671643799,
                    -0.9997535219362752,
                    -0.02097095067100575,
                    -1.6294511544958978
                ],
                [
                    0.0,
                    0.0,
                    0.0,
                    1.0
                ]
            ],
            "is_bad": false,
            "mask_path": "DSC00535.png"
        },
        {
            "file_path": "DSC00352.JPG",
            "transform_matrix": [
                [
                    0.6335489017170425,
                    0.4589007194592051,
                    -0.6229172648217032,
                    0.8262377430406168
                ],
                [
                    0.7723384792272925,
                    -0.4228986683910452,
                    0.4739725622627893,
                    3.4731239365731374
                ],
                [
                    -0.045924531984573275,
                    -0.7813877692624215,
                    -0.6223536706801792,
                    -1.3469143078993748
                ],
                [
                    0.0,
                    0.0,
                    0.0,
                    1.0
                ]
            ],
            "is_bad": false,
            "mask_path": "DSC00352.png"
        },
        {
            "file_path": "DSC00321.JPG",
            "transform_matrix": [
                [
                    0.874158561869784,
                    -0.1050001658534713,
                    -0.4741537449820415,
                    2.6479432349887113
                ],
                [
                    0.47838316194677966,
                    0.3543380017197189,
                    0.8034887248139068,
                    4.44350855654392
                ],
                [
                    0.08364424113800335,
                    -0.929203715935327,
                    0.35997790934504226,
                    -1.7994749290739636
                ],
                [
                    0.0,
                    0.0,
                    0.0,
                    1.0
                ]
            ],
            "is_bad": true,
            "mask_path": "DSC00321.png"
        },
        {
            "file_path": "DSC00483.JPG",
            "transform_matrix": [
                [
                    -0.7255218590183709,
                    -0.16451993650279337,
                    0.6682448821948755,
                    2.264030796416002
                ],
                [
                    -0.687652429318432,
                    0.13460857541292426,
                    -0.7134526388470085,
                    2.5727010477536565
                ],
                [
                    0.027425691221630303,
                    -0.9771457014787606,
                    -0.21079399788085873,
                    -1.4862591239689527
                ],
                [
                    0.0,
                    0.0,
                    0.0,
                    1.0
                ]
            ],
            "is_bad": false,
            "mask_path": "DSC00483.png"
        },
        {
            "file_path": "DSC00270.JPG",
            "transform_matrix": [
                [
                    0.022789300323771956,
                    -0.40130494399010314,
                    0.9156609578440336,
                    1.4828952557455637
                ],
                [
                    -0.9985828264264902,
                    -0.05319748396835487,
                    0.0015383320575072317,
                    4.885259723397617
                ],
                [
                    0.048093518865180325,
                    -0.9143983648435383,
                    -0.4019485586671856,
                    -0.8698867559153154
                ],
                [
                    0.0,
                    0.0,
                    0.0,
                    1.0
                ]
            ],
            "is_bad": false,
            "mask_path": "DSC00270.png"
        },
        {
            "file_path": "DSC00374.JPG",
            "transform_matrix": [
                [
                    0.17152065559957091,
                    -0.38120436833054616,
                    0.9084403636279063,
                    1.5445462221781772
                ],
                [
                    -0.9850960846606276,
                    -0.07843486691908842,
                    0.1530806180993737,
                    1.6545020422879293
                ],
                [
                    0.012898398698861814,
                    -0.9211575333335196,
                    -0.38897613049377594,
                    -1.5276194820506377
                ],
                [
                    0.0,
                    0.0,
                    0.0,
                    1.0
                ]
            ],
            "is_bad": true,
            "mask_path": "DSC00374.png"
        },
        {
            "file_path": "DSC00492.JPG",
            "transform_matrix": [
                [
                    0.6640662520591213,
                    -0.2281529218675034,
                    0.712012820895433,
                    1.924313204055558
                ],
                [
                    -0.747657793570805,
                    -0.1964172470753751,
                    0.6343722004975988,
                    3.641137701136718
                ],
                [
                    -0.004882272932391703,
                    -0.9536071042597426,
                    -0.30101437526530433,
                    -1.4384178020818061
                ],
                [
                    0.0,
                    0.0,
                    0.0,
                    1.0
                ]
            ],
            "is_bad": false,
            "mask_path": "DSC00492.png"
        },
        {
            "file_path": "DSC00554.JPG",
            "transform_matrix": [
                [
                    -0.9896546709984424,
                    0.0209596482248364,
                    -0.14193070604085697,
                    2.2629428961814275
                ],
                [
                    0.14166423681024926,
                    0.29922065758053024,
                    -0.9436091574831418,
                    5.349118017122996
                ],
                [
                    0.022690883189833276,
                    -0.9539537154513138,
                    -0.29909435400337997,
                    -1.3946059886026583
                ],
                [
                    0.0,
                    0.0,
                    0.0,
                    1.0
                ]
            ],
            "is_bad": false,
            "mask_path": "DSC00554.png"
        },
        {
            "file_path": "DSC00277.JPG",
            "transform_matrix": [
                [
                    -0.5247298716520307,
                    -0.08943290746785919,
                    0.8465579229195659,
                    1.288476940170174
                ],
                [
                    -0.8512640067962086,
                    0.05846251728606218,
                    -0.5214707324537428,
                    4.406274316270181
                ],
                [
                    -0.002855263439605488,
                    -0.9942755599603275,
                    -0.106808044342495,
                    -1.5650236101425363
                ],
                [
                    0.0,
                    0.0,
                    0.0,
                    1.0
                ]
            ],
            "is_bad": true,
            "mask_path": "DSC00277.png"
        },
        {
            "file_path": "DSC00258.JPG",
            "transform_matrix": [
                [
                    -0.7720025602292021,
                    -0.1422731274131187,
                    0.6194920533918464,
                    1.3661458672170903
                ],
                [
                    -0.6297447725936408,
                    0.3034058287970293,
                    -0.715098891373053,
                    5.339256312187833
                ],
                [
                    -0.08621814420722891,
                    -0.9421800572438779,
                    -0.32382583488872946,
                    -1.5519180944857232
                ],
                [
                    0.0,
                    0.0,
                    0.0,
                    1.0
                ]
            ],
            "is_bad": false,
            "mask_path": "DSC00258.png"
        },
        {
            "file_path": "DSC00478.JPG",
            "transform_matrix": [
                [
                    -0.806514088062794,
                    -0.19677631057590333,
                    0.5575070487019644,
                    2.3050298771934434
                ],
                [
                    -0.5912089224570978,
                    0.26420174174365696,
                    -0.762016699073409,
                    1.6752743215987544
                ],
                [
                    0.0026525013394687606,
                    -0.9441803446671366,
                    -0.32941833734765,
                    -1.412168256036156
                ],
                [
                    0.0,
                    0.0,
                    0.0,
                    1.0
                ]
            ],
            "is_bad": false,
            "mask_path": "DSC00478.png"
        },
        {
            "file_path": "DSC00563.JPG",
            "transform_matrix": [
                [
                    0.9929535096067751,
                    0.06226704744340189,
                    0.10082729076132965,
                    3.1073202398538844
                ],
                [
                    -0.10846439998636011,
                    0.1347968137273793,
                    0.9849189270922483,
                    5.013792054381511
                ],
                [
                    0.047736796029765986,
                    -0.9889148769290651,
                    0.14060072721428252,
                    -1.6663301160364872
                ],
                [
                    0.0,
                    0.0,
                    0.0,
                    1.0
                ]
            ],
            "is_bad": false,
            "mask_path": "DSC00563.png"
        },
        {
            "file_path": "DSC00429.JPG",
            "transform_matrix": [
                [
                    -0.5839246164084843,
                    -0.42234438050058654,
                    -0.6932945020781431,
                    1.7461817493902319
                ],
                [
                    0.8080798199539241,
                    -0.2206412095709057,
                    -0.5461908651948704,
                    0.864111341335663
                ],
                [
                    0.07771130506842666,
                    -0.8791715878590843,
                    0.4701258046160606,
                    -1.7821506327316288
                ],
                [
                    0.0,
                    0.0,
                    0.0,
                    1.0
                ]
            ],
            "is_bad": false,
            "mask_path": "DSC00429.png"
        },
        {
            "file_path": "DSC00217.JPG",
            "transform_matrix": [
                [
                    -0.8244900157293926,
                    0.21772887279814915,
                    -0.5223125040745188,
                    2.061596225704964
                ],
                [
                    0.5658750038289309,
                    0.31511021672523687,
                    -0.7618996202630515,
                    4.635526796186204
                ],
                [
                    -0.0013015391479892257,
                    -0.9237422201379679,
                    -0.38301255427260433,
                    -1.4483370421853037
                ],
                [
                    0.0,
                    0.0,
                    0.0,
                    1.0
                ]
            ],
            "is_bad": true,
            "mask_path": "DSC00217.png"
        },
        {
            "file_path": "DSC00308.JPG",
            "transform_matrix": [
                [
                    0.20793652768034843,
                    0.22843346464854286,
                    -0.95109439735754,
                    2.38125937480926
                ],
                [
                    0.9767292516783052,
                    -0.1007378251812031,
                    0.18934587266085187,
                    3.872971422542828
                ],
                [
                    -0.052558247423005314,
                    -0.9683336422981615,
                    -0.24406472055870315,
                    -0.9696639093959852
                ],
                [
                    0.0,
                    0.0,
                    0.0,
                    1.0
                ]
            ],
            "is_bad": false,
            "mask_path": "DSC00308.png"
        },
        {
            "file_path": "DSC00543.JPG",
            "transform_matrix": [
                [
                    -0.9632755769017656,
                    -0.07395166562121692,
                    0.2581304207109623,
                    1.8286979577501121
                ],
                [
                    -0.26381336756942153,
                    0.0815470240174019,
                    -0.9611204867057962,
                    5.7370539498899555
                ],
                [
                    0.05002669323722934,
                    -0.9939221468635021,
                    -0.09806169454988586,
                    -1.5944256989784689
                ],
                [
                    0.0,
                    0.0,
                    0.0,
                    1.0
                ]
            ],
            "is_bad": false,
            "mask_path": "DSC00543.png"
        },
        {
            "file_path": "DSC00390.JPG",
            "transform_matrix": [
                [
                    -0.789569483425456,
                    -0.18844497798670362,
                    0.5840107200341877,
                    1.9477063345020975
                ],
                [
                    -0.6132224496916658,
                    0.20631030296716535,
                    -0.7624921547686576,
                    1.4958062825833363
                ],
                [
                    0.02320038873408869,
                    -0.9601690211422094,
                    -0.27845501037223314,
                    -0.9989781594434693
                ],
                [
                    0.0,
                    0.0,
                    0.0,
                    1.0
                ]
            ],
            "is_bad": true,
            "mask_path": "DSC00390.png"
        },
        {
            "file_path": "DSC00336.JPG",
            "transform_matrix": [
                [
                    0.9990282372232941,
                    -0.012518930929123375,
                    0.04225940840699901,
                    2.57733978559443
                ],
                [
                    -0.0440745909081289,
                    -0.2861116579430537,
                    0.9571820880194938,
                    4.895666403503303
                ],
                [
                    0.00010801295650900683,
                    -0.958114500233385,
                    -0.28638539204319124,
                    -1.4785356605067876
                ],
                [
                    0.0,
                    0.0,
                    0.0,
                    1.0
                ]
            ],
            "is_bad": false,
            "mask_path": "DSC00336.png"
        },
        {
            "file_path": "DSC00348.JPG",
            "transform_matrix": [
                [
                    0.9982678829642307,
                    0.012579294444938301,
                    0.05747169036474438,
                    1.4367092030033377
                ],
                [
                    -0.047340960721758835,
                    -0.40822749310134354,
                    0.9116518783582549,
                    3.9165544971859343
                ],
                [
                    0.03492946149104537,
                    -0.9127935556452297,
                    -0.40692487942184835,
                    -1.3993374071936662
                ],
                [
                    0.0,
                    0.0,
                    0.0,
                    1.0
                ]
            ],
            "is_bad": false,
            "mask_path": "DSC00348.png"
        },
        {
            "file_path": "DSC00447.JPG",
            "transform_matrix": [
                [
                    -0.6261489531672629,
                    -0.3899393825685439,
                    0.6751923921147247,
                    1.7405808868617116
                ],
                [
                    -0.7796630669092672,
                    0.30431396781041836,
                    -0.547282843777436,
                    1.1778194308112966
                ],
                [
                    0.007936658313090842,
                    -0.8691031509076143,
                    -0.4945672073007673,
                    -1.351260462756872
                ],
                [
                    0.0,
                    0.0,
                    0.0,
                    1.0
                ]
            ],
            "is_bad": true,
            "mask_path": "DSC00447.png"
        },
        {
            "file_path": "DSC00313.JPG",
            "transform_matrix": [
                [
                    -0.22241064508351727,
                    0.2761141026182627,
                    -0.9350371689343935,
                    2.332874895705412
                ],
                [
                    0.9749026670980256,
                    0.05323239023990287,
                    -0.21617377804558685,
                    4.158181180673886
                ],
                [
                    -0.009914365269127109,
                    -0.9596495792551876,
                    -0.2810238253185166,
                    -1.512507548726605
                ],
                [
                    0.0,
                    0.0,
                    0.0,
                    1.0
                ]
            ],
            "is_bad": false,
            "mask_path": "DSC00313.png"
        },
        {
            "file_path": "DSC00511.JPG",
            "transform_matrix": [
                [
                    -0.5503648566156755,
                    -0.21725974564046582,
                    0.8061617254165855,
                    1.6277527780763221
                ],
                [
                    -0.834711906637685,
                    0.16495238075391908,
                    -0.5254015083732565,
                    4.884587840746133
                ],
                [
                    -0.018829697811862386,
                    -0.9620753167023117,
                    -0.27213328990121616,
                    -1.4522191265970863
                ],
                [
                    0.0,
                    0.0,
                    0.0,
                    1.0
                ]
            ],
            "is_bad": false,
            "mask_path": "DSC00511.png"
        },
        {
            "file_path": "DSC00412.JPG",
            "transform_matrix": [
                [
                    0.9992937241755541,
                    0.03739097231762978,
                    0.003737380432065316,
                    2.267107939908255
                ],
                [
                    -0.020036970413279426,
                    0.4460620579365529,
                    0.894777715573016,
                    1.1259400537132034
                ],
                [
                    0.03178950518660364,
                    -0.8942206414853943,
                    0.4464962168948817,
                    -1.827669988547282
                ],
                [
                    0.0,
                    0.0,
                    0.0,
                    1.0
                ]
            ],
            "is_bad": false,
            "mask_path": "DSC00412.png"
        },
        {
            "file_path": "DSC00486.JPG",
            "transform_matrix": [
                [
                    -0.4121611603078605,
                    -0.22496262559008354,
                    0.8829014639365447,
                    2.1793842706591375
                ],
                [
                    -0.9110622400876625,
                    0.11178232696252735,
                    -0.3968252840549499,
                    3.0549914498298487
                ],
                [
                    -0.00942192231591683,
                    -0.96793415502629,
                    -0.25102728718889084,
                    -1.4530611948030248
                ],
                [
                    0.0,
                    0.0,
                    0.0,
                    1.0
                ]
            ],
            "is_bad": false,
            "mask_path": "DSC00486.png"
        },
        {
            "file_path": "DSC00363.JPG",
            "transform_matrix": [
                [
                    -0.034537575470559016,
                    -0.14156419328719352,
                    0.9893264047115907,
                    2.139839042854037
                ],
                [
                    -0.9991211508571358,
                    0.02841578656058829,
                    -0.0308134545946706,
                    2.0936616083134436
                ],
                [
                    -0.02375040611295261,
                    -0.9895211580623681,
                    -0.1424211920901554,
                    -1.6078191702698372
                ],
                [
                    0.0,
                    0.0,
                    0.0,
                    1.0
                ]
            ],
            "is_bad": false,
            "mask_path": "DSC00363.png"
        },
        {
            "file_path": "DSC00345.JPG",
            "transform_matrix": [
                [
                    0.9889917008148331,
                    -0.08611285268318085,
                    0.12033283974937076,
                    1.870802286309547
                ],
                [
                    -0.1449873444979153,
                    -0.4014629901911399,
                    0.9043263445472717,
                    4.140734707876017
                ],
                [
                    -0.029564939621544547,
                    -0.9118179884766218,
                    -0.4095288393210183,
                    -1.4021676398401521
                ],
                [
                    0.0,
                    0.0,
                    0.0,
                    1.0
                ]
            ],
            "is_bad": false,
            "mask_path": "DSC00345.png"
        },
        {
            "file_path": "DSC00437.JPG",
            "transform_matrix": [
                [
                    0.7653870692523292,
                    -0.3129134043097314,
                    0.5623769515410685,
                    2.476701193908909
                ],
                [
                    -0.6435324007146705,
                    -0.3815945379154361,
                    0.6635146252069494,
                    1.2841769542753814
                ],
                [
                    0.006977352774803421,
                    -0.8697533041250258,
                    -0.49343743930903455,
                    -1.3531634731936346
                ],
                [
                    0.0,
                    0.0,
                    0.0,
                    1.0
                ]
            ],
            "is_bad": false,
            "mask_path": "DSC00437.png"
        },
        {
            "file_path": "DSC00413.JPG",
            "transform_matrix": [
                [
                    0.801206531988169,
                    -0.12941145161349654,
                    -0.5842266420583526,
                    1.7881052118821825
                ],
                [
                    0.598098075876807,
                    0.20357451641353191,
                    0.7751361866791266,
                    1.3950149334280737
                ],
                [
                    0.018622157016634854,
                    -0.9704690064387859,
                    0.2405059725033114,
                    -1.7523411380819751
                ],
                [
                    0.0,
                    0.0,
                    0.0,
                    1.0
                ]
            ],
            "is_bad": false,
            "mask_path": "DSC00413.png"
        },
        {
            "file_path": "DSC00281.JPG",
            "transform_matrix": [
                [
                    -0.9940392187353134,
                    0.031886515186747504,
                    0.10425584763135633,
                    1.5935626209241094
                ],
                [
                    -0.10900120439902249,
                    -0.27151830788131387,
                    -0.9562408409625841,
                    4.125014370854493
                ],
                [
                    -0.0021838167619438777,
                    -0.9619049114307054,
                    0.2733755151981191,
                    -1.7013534074154752
                ],
                [
                    0.0,
                    0.0,
                    0.0,
                    1.0
                ]
            ],
            "is_bad": true,
            "mask_path": "DSC00281.png"
        },
        {
            "file_path": "DSC00464.JPG",
            "transform_matrix": [
                [
                    -0.8202334384298512,
                    0.22470552369399988,
                    0.526046133055788,
                    2.424460868990966
                ],
                [
                    -0.5720108439270761,
                    -0.3295099725157483,
                    -0.7511502995023726,
                    0.7793853240153162
                ],
                [
                    0.0045498254226426955,
                    -0.9170226854522603,
                    0.3988090939967993,
                    -1.7713483910412613
                ],
                [
                    0.0,
                    0.0,
                    0.0,
                    1.0
                ]
            ],
            "is_bad": false,
            "mask_path": "DSC00464.png"
        },
        {
            "file_path": "DSC00366.JPG",
            "transform_matrix": [
                [
                    -0.4287767742919874,
                    -0.15126614591072238,
                    0.8906565168060431,
                    1.9647835174646113
                ],
                [
                    -0.9030957522978258,
                    0.09778973672422073,
                    -0.4181569437101698,
                    1.7338020149853097
                ],
                [
                    -0.023844077029330307,
                    -0.9836441025557582,
                    -0.17853778170991008,
                    -1.572037201554567
                ],
                [
                    0.0,
                    0.0,
                    0.0,
                    1.0
                ]
            ],
            "is_bad": false,
            "mask_path": "DSC00366.png"
        },
        {
            "file_path": "DSC00243.JPG",
            "transform_matrix": [
                [
                    -0.4820166691173742,
                    0.18436327268001906,
                    0.8565454537732987,
                    2.127468436424493
                ],
                [
                    -0.8761423216244595,
                    -0.09486460967180782,
                    -0.4726260023425713,
                    5.535308818393167
                ],
                [
                    -0.005879026407184987,
                    -0.9782693338332396,
                    0.2072547889192784,
                    -1.6852647867849657
                ],
                [
                    0.0,
                    0.0,
                    0.0,
                    1.0
                ]
            ],
            "is_bad": false,
            "mask_path": "DSC00243.png"
        },
        {
            "file_path": "DSC00514.JPG",
            "transform_matrix": [
                [
                    -0.5307837914752552,
                    -0.23338523485569523,
                    0.8147391600128874,
                    1.9012740340398757
                ],
                [
                    -0.8474945857117461,
                    0.14090539707677657,
                    -0.5117602918006756,
                    5.317755059989365
                ],
                [
                    0.004636151036104604,
                    -0.9621210948867029,
                    -0.27258302382500404,
                    -1.450777741585236
                ],
                [
                    0.0,
                    0.0,
                    0.0,
                    1.0
                ]
            ],
            "is_bad": false,
            "mask_path": "DSC00514.png"
        },
        {
            "file_path": "DSC00272.JPG",
            "transform_matrix": [
                [
                    0.09781748128386,
                    -0.47878592901939343,
                    0.8724653428809181,
                    1.4496553413963007
                ],
                [
                    -0.9941059691722927,
                    -0.08818445462375415,
                    0.06306206481498149,
                    4.703505422643632
                ],
                [
                    0.0467446511517583,
                    -0.8734915775986323,
                    -0.4845899312335673,
                    -1.1862747590521292
                ],
                [
                    0.0,
                    0.0,
                    0.0,
                    1.0
                ]
            ],
            "is_bad": true,
            "mask_path": "DSC00272.png"
        },
        {
            "file_path": "DSC00454.JPG",
            "transform_matrix": [
                [
                    -0.9175732788090694,
                    0.1471842251526201,
                    -0.3693184017643808,
                    2.081232500113844
                ],
                [
                    0.39595846205354374,
                    0.4217941711321246,
                    -0.8156632721455321,
                    1.3009189616932817
                ],
                [
                    0.03572358245985703,
                    -0.8946655693974069,
                    -0.44530590001823117,
                    -1.401268249475866
                ],
                [
                    0.0,
                    0.0,
                    0.0,
                    1.0
                ]
            ],
            "is_bad": false,
            "mask_path": "DSC00454.png"
        },
        {
            "file_path": "DSC00225.JPG",
            "transform_matrix": [
                [
                    -0.8783738041972928,
                    -0.1675686046919546,
                    -0.4476384956877226,
                    2.2910263663867654
                ],
                [
                    0.47575654932613237,
                    -0.21639849181171034,
                    -0.8525417283129949,
                    4.727848964591046
                ],
                [
                    0.04599093251139002,
                    -0.961817267189152,
                    0.2698006276188478,
                    -1.7168223158567566
                ],
                [
                    0.0,
                    0.0,
                    0.0,
                    1.0
                ]
            ],
            "is_bad": false,
            "mask_path": "DSC00225.png"
        },
        {
            "file_path": "DSC00339.JPG",
            "transform_matrix": [
                [
                    0.9650240238438584,
                    -0.10735752914379923,
                    0.2391714747630798,
                    2.567788921821267
                ],
                [
                    -0.26167090217559447,
                    -0.33866205485479317,
                    0.903789993060412,
                    4.4344179933670995
                ],
                [
                    -0.016030357413941355,
                    -0.9347632713888941,
                    -0.35490936040560256,
                    -1.4443966767435537
                ],
                [
                    0.0,
                    0.0,
                    0.0,
                    1.0
                ]
            ],
            "is_bad": false,
            "mask_path": "DSC00339.png"
        },
        {
            "file_path": "DSC00356.JPG",
            "transform_matrix": [
                [
                    0.3732724949103818,
                    0.35875023956199126,
                    -0.8555500629171805,
                    1.1556318965398729
                ],
                [
                    0.9270261645894864,
                    -0.10853147161315757,
                    0.3589476421931041,
                    3.6965499407601357
                ],
                [
                    0.03591844525985705,
                    -0.9271025753840269,
                    -0.37308267181205085,
                    -1.4536843323646762
                ],
                [
                    0.0,
                    0.0,
                    0.0,
                    1.0
                ]
            ],
            "is_bad": true,
            "mask_path": "DSC00356.png"
        },
        {
            "file_path": "DSC00263.JPG",
            "transform_matrix": [
                [
                    0.036227119355137484,
                    -0.433560135528645,
                    0.9003961376547609,
                    1.1854555790487673
                ],
                [
                    -0.9989704146360159,
                    -0.04033107621940007,
                    0.020772938476045083,
                    5.064991094064333
                ],
                [
                    0.027307627234405312,
                    -0.9002216466911731,
                    -0.43457482707061856,
                    -1.4110380236588906
                ],
                [
                    0.0,
                    0.0,
                    0.0,
                    1.0
                ]
            ],
            "is_bad": false,
            "mask_path": "DSC00263.png"
        },
        {
            "file_path": "DSC00305.JPG",
            "transform_matrix": [
                [
                    -0.19474540838521878,
                    0.43802115484135523,
                    -0.8776170542009304,
                    2.3062474721379442
                ],
                [
                    0.9807754973303119,
                    0.07565337189779069,
                    -0.1798777116737203,
                    3.8293565607706213
                ],
                [
                    -0.012395553612236826,
                    -0.895775661218778,
                    -0.44433356278668174,
                    -1.3761929058582918
                ],
                [
                    0.0,
                    0.0,
                    0.0,
                    1.0
                ]
            ],
            "is_bad": false,
            "mask_path": "DSC00305.png"
        },
        {
            "file_path": "DSC00573.JPG",
            "transform_matrix": [
                [
                    0.7887746230771406,
                    -0.29174969234076265,
                    0.5410330036223164,
                    2.8094930836694534
                ],
                [
                    -0.6146454625998837,
                    -0.38402142489625696,
                    0.6890126998292734,
                    5.157902021264306
                ],
                [
                    0.006749021772874702,
                    -0.876019213396441,
                    -0.4822289792882536,
                    -1.4124034272478045
                ],
                [
                    0.0,
                    0.0,
                    0.0,
                    1.0
                ]
            ],
            "is_bad": true,
            "mask_path": "DSC00573.png"
        },
        {
            "file_path": "DSC00422.JPG",
            "transform_matrix": [
                [
                    -0.4314823412055859,
                    0.3623825253792673,
                    -0.8261367287123185,
                    1.829274416828393
                ],
                [
                    0.901833840723286,
                    0.15015150813945408,
                    -0.40515459806070847,
                    0.842247802978279
                ],
                [
                    -0.02277527066871194,
                    -0.9198551135386442,
                    -0.39159654894134954,
                    -1.3414303258693532
                ],
                [
                    0.0,
                    0.0,
                    0.0,
                    1.0
                ]
            ],
            "is_bad": false,
            "mask_path": "DSC00422.png"
        },
        {
            "file_path": "DSC00371.JPG",
            "transform_matrix": [
                [
                    -0.3420370874268988,
                    -0.3252770166502585,
                    0.8815925891610199,
                    1.4206959697873418
