{
    "fl_x": 463.37201006394434,
    "fl_y": 463.5574966295632,
    "cx": 876.0,
    "cy": 584.0,
    "w": 1752,
    "h": 1168,
    "k1": 0.0,
    "k2": 0.0,
    "k3": 0.0,
    "k4": 0.0,
    "camera_model": "PINHOLE",
    "has_mask": false,
    "aabb_range": [
        [
            0.0006264479598030448,
            0.00875878892838955,
            -2.8967437744140625
        ],
        [
            3.8878180980682373,
            4.407620429992676,
            -0.026079565286636353
        ]
    ],
    "frames": [
        {
            "file_path": "DSC09066.JPG",
            "transform_matrix": [
                [
                    -0.9512230551028353,
                    -7.919752528705357e-05,
                    0.3085039597291762,
                    2.514401229794895
                ],
                [
                    -0.3054048520212909,
                    -0.14114549890528721,
                    -0.9417036818982029,
                    1.2984318257206582
                ],
                [
                    0.04361852591139161,
                    -0.9899888594658681,
                    0.13423666537420992,
                    -1.603440817581042
                ],
                [
                    0.0,
                    0.0,
                    0.0,
                    1.0
                ]
            ],
            "is_bad": false,
            "mask_path": "DSC09066.png"
        },
        {
            "file_path": "DSC08828.JPG",
            "transform_matrix": [
                [
                    0.8758834356519719,
                    -0.3407673767506673,
                    0.3416223091265646,
                    0.5086886141739082
                ],
                [
                    -0.4824715746721286,
                    -0.6288124405511539,
                    0.6097672459566004,
                    3.082479223110204
                ],
                [
                    0.007027573115486258,
                    -0.6989080837639309,
                    -0.7151769736684312,
                    -1.3899268013955193
                ],
                [
                    0.0,
                    0.0,
                    0.0,
                    1.0
                ]
            ],
            "is_bad": false,
            "mask_path": "DSC08828.png"
        },
        {
            "file_path": "DSC08405.JPG",
            "transform_matrix": [
                [
                    0.4324960787852167,
                    -0.028885558839690746,
                    0.9011729946719058,
                    3.1231387009839717
                ],
                [
                    -0.9002328394199869,
                    -0.06956980869701883,
                    0.42981493290448824,
                    3.8533443079821628
                ],
                [
                    0.05027898830765357,
                    -0.997158796886624,
                    -0.05609239811578678,
                    -1.6152722879059378
                ],
                [
                    0.0,
                    0.0,
                    0.0,
                    1.0
                ]
            ],
            "is_bad": false,
            "mask_path": "DSC08405.png"
        },
        {
            "file_path": "DSC09217.JPG",
            "transform_matrix": [
                [
                    -0.9879496269555008,
                    0.0036566972188559295,
                    0.15473255366578945,
                    0.8283581571912074
                ],
                [
                    -0.14558464184172584,
                    0.3174210840450927,
                    -0.9370426711006573,
                    0.5636426297132128
                ],
                [
                    -0.05254185625102347,
                    -0.9482776407619701,
                    -0.31306368261522916,
                    -1.5611818450473698
                ],
                [
                    0.0,
                    0.0,
                    0.0,
                    1.0
                ]
            ],
            "is_bad": false,
            "mask_path": "DSC09217.png"
        },
        {
            "file_path": "DSC08912.JPG",
            "transform_matrix": [
                [
                    0.5797622193155479,
                    -0.005888798234774854,
                    -0.8147644390310983,
                    1.8589236895399575
                ],
                [
                    0.814780139069329,
                    0.007891193705879356,
                    0.5797163565400419,
                    2.5831917535255355
                ],
                [
                    0.003015631355993541,
                    -0.9999515243836805,
                    0.009373091820650624,
                    -1.572650576022407
                ],
                [
                    0.0,
                    0.0,
                    0.0,
                    1.0
                ]
            ],
            "is_bad": false,
            "mask_path": "DSC08912.png"
        },
        {
            "file_path": "DSC09274.JPG",
            "transform_matrix": [
                [
                    0.9847459571399991,
                    0.04898982121364317,
                    0.16695926842760986,
                    2.6981473585226103
                ],
                [
                    -0.16517603650641272,
                    -0.03846183792561275,
                    0.985513857836315,
                    2.2958769118093048
                ],
                [
                    0.05470170802141022,
                    -0.9980584574266377,
                    -0.02978319490419385,
                    -0.6920166899024959
                ],
                [
                    0.0,
                    0.0,
                    0.0,
                    1.0
                ]
            ],
            "is_bad": false,
            "mask_path": "DSC09274.png"
        },
        {
            "file_path": "DSC09276.JPG",
            "transform_matrix": [
                [
                    -0.045925281132060465,
                    -0.5138247741870643,
                    0.8566650278752796,
                    2.7368037042206823
                ],
                [
                    -0.9975342013185651,
                    0.06914809990519803,
                    -0.012002394729068527,
                    2.304594950376826
                ],
                [
                    -0.053069631171441436,
                    -0.855103877731304,
                    -0.5157334316642791,
                    -1.7631302235415216
                ],
                [
                    0.0,
                    0.0,
                    0.0,
                    1.0
                ]
            ],
            "is_bad": false,
            "mask_path": "DSC09276.png"
        },
        {
            "file_path": "DSC08563.JPG",
            "transform_matrix": [
                [
                    0.25025870580925663,
                    -0.10356664846649312,
                    -0.9626237735959438,
                    2.2851309243754647
                ],
                [
                    0.9673001701868285,
                    0.06909981862205945,
                    0.24404015207119342,
                    3.4184542486551615
                ],
                [
                    0.041242707515495136,
                    -0.9922193126480743,
                    0.11747286786732916,
                    -1.643147232496444
                ],
                [
                    0.0,
                    0.0,
                    0.0,
                    1.0
                ]
            ],
            "is_bad": false,
            "mask_path": "DSC08563.png"
        },
        {
            "file_path": "DSC09179.JPG",
            "transform_matrix": [
                [
                    0.1275472644741914,
                    -0.45948207291460635,
                    0.8789811829585701,
                    2.4060535938666354
                ],
                [
                    -0.9904705934806537,
                    -0.01258122511219782,
                    0.13714851885732615,
                    0.5134158254323975
                ],
                [
                    -0.05195862560954451,
                    -0.8880979323502407,
                    -0.45670818230024607,
                    -1.5262632571124952
                ],
                [
                    0.0,
                    0.0,
                    0.0,
                    1.0
                ]
            ],
            "is_bad": false,
            "mask_path": "DSC09179.png"
        },
        {
            "file_path": "DSC08752.JPG",
            "transform_matrix": [
                [
                    0.1787900615762392,
                    -0.1416223909748706,
                    -0.973641213310183,
                    1.0115691738984516
                ],
                [
                    0.9836562638327712,
                    0.004287553748069415,
                    0.1800054763206136,
                    2.6236195116259116
                ],
                [
                    -0.02131826691169281,
                    -0.9899114683937238,
                    0.14007432398003392,
                    -1.6357866036656712
                ],
                [
                    0.0,
                    0.0,
                    0.0,
                    1.0
                ]
            ],
            "is_bad": false,
            "mask_path": "DSC08752.png"
        },
        {
            "file_path": "DSC08726.JPG",
            "transform_matrix": [
                [
                    0.9708493606697367,
                    0.02349129537892905,
                    -0.2385365337397679,
                    1.3966072476152196
                ],
                [
                    0.1936449328078069,
                    -0.6633592805760716,
                    0.7228112512070192,
                    3.085976398062915
                ],
                [
                    -0.14125565080740485,
                    -0.7479322321674715,
                    -0.6485709037568366,
                    -1.5043409603269742
                ],
                [
                    0.0,
                    0.0,
                    0.0,
                    1.0
                ]
            ],
            "is_bad": false,
            "mask_path": "DSC08726.png"
        },
        {
            "file_path": "DSC08686.JPG",
            "transform_matrix": [
                [
                    0.8789073735686393,
                    -0.31841452530339753,
                    0.35515351436032305,
                    1.8872489798823318
                ],
                [
                    -0.4741686542839705,
                    -0.5023396423686872,
                    0.7230622179310903,
                    3.1550603364862058
                ],
                [
                    -0.05182582349760267,
                    -0.8039073788569868,
                    -0.5924922026812539,
                    -1.5107090020906122
                ],
                [
                    0.0,
                    0.0,
                    0.0,
                    1.0
                ]
            ],
            "is_bad": false,
            "mask_path": "DSC08686.png"
        },
        {
            "file_path": "DSC08947.JPG",
            "transform_matrix": [
                [
                    0.9575906787883693,
                    0.05476554163243047,
                    -0.28287952797496047,
                    2.279942011805929
                ],
                [
                    0.2873609517226186,
                    -0.10974366555934319,
                    0.9515145880619329,
                    2.348838167420427
                ],
                [
                    0.021065975474701862,
                    -0.9924500306409918,
                    -0.12082698936079508,
                    -1.5602790164661209
                ],
                [
                    0.0,
                    0.0,
                    0.0,
                    1.0
                ]
            ],
            "is_bad": false,
            "mask_path": "DSC08947.png"
        },
        {
            "file_path": "DSC08543.JPG",
            "transform_matrix": [
                [
                    0.8071033522475762,
                    0.3539406696017908,
                    -0.47255706659890456,
                    2.6368788881675402
                ],
                [
                    0.5893194982798154,
                    -0.5315786687759174,
                    0.6083803480140119,
                    3.6317129957454446
                ],
                [
                    -0.03587070863464843,
                    -0.7695129117203034,
                    -0.6376230633828962,
                    -1.4754723567603036
                ],
                [
                    0.0,
                    0.0,
                    0.0,
                    1.0
                ]
            ],
            "is_bad": false,
            "mask_path": "DSC08543.png"
        },
        {
            "file_path": "DSC09103.JPG",
            "transform_matrix": [
                [
                    -0.8626178629367509,
                    -0.07518862204987131,
                    -0.5002370374699131,
                    2.2562576381862915
                ],
                [
                    0.505241397149714,
                    -0.0793233394973306,
                    -0.8593246990615344,
                    0.9161859611299155
                ],
                [
                    0.02493096766349266,
                    -0.9940092951905599,
                    0.10641413405243223,
                    -1.5837781277920608
                ],
                [
                    0.0,
                    0.0,
                    0.0,
                    1.0
                ]
            ],
            "is_bad": false,
            "mask_path": "DSC09103.png"
        },
        {
            "file_path": "DSC08645.JPG",
            "transform_matrix": [
                [
                    -0.09396703098025737,
                    -0.5316387987304864,
                    0.8417424693890407,
                    2.1370266230648416
                ],
                [
                    -0.9954801230661058,
                    0.061864982808093924,
                    -0.07205587056196561,
                    2.8644818257778346
                ],
                [
                    -0.013766686930552767,
                    -0.8447087732387766,
                    -0.535049125543062,
                    -1.5190994603132708
                ],
                [
                    0.0,
                    0.0,
                    0.0,
                    1.0
                ]
            ],
            "is_bad": false,
            "mask_path": "DSC08645.png"
        },
        {
            "file_path": "DSC08827.JPG",
            "transform_matrix": [
                [
                    -0.9933170060545073,
                    -0.028045468442516833,
                    0.11195881913788756,
                    0.745980496794394
                ],
                [
                    -0.1139759626108128,
                    0.08548951001002825,
                    -0.9897984762693791,
                    2.87642999831603
                ],
                [
                    0.01818805734126511,
                    -0.9959442732292233,
                    -0.08811469339483535,
                    -1.5964992445984452
                ],
                [
                    0.0,
                    0.0,
                    0.0,
                    1.0
                ]
            ],
            "is_bad": true,
            "mask_path": "DSC08827.png"
        },
        {
            "file_path": "DSC08590.JPG",
            "transform_matrix": [
                [
                    -0.8239561284452984,
                    -0.3384308718645297,
                    0.4544896515504496,
                    2.6776744760735838
                ],
                [
                    -0.5651045943050184,
                    0.4314941613245962,
                    -0.7031853142935676,
                    2.582219835983044
                ],
                [
                    0.04186998797223617,
                    -0.8362280393001644,
                    -0.5467810991570639,
                    -1.5330848544319953
                ],
                [
                    0.0,
                    0.0,
                    0.0,
                    1.0
                ]
            ],
            "is_bad": false,
            "mask_path": "DSC08590.png"
        },
        {
            "file_path": "DSC08890.JPG",
            "transform_matrix": [
                [
                    0.4181732529742865,
                    0.5469523011592344,
                    -0.7252408639572944,
                    1.5495570822532145
                ],
                [
                    0.8968877960400511,
                    -0.37514024554278014,
                    0.23422655163008838,
                    2.5228429310602
                ],
                [
                    -0.1439562843759284,
                    -0.748406959100944,
                    -0.6474284607259368,
                    -1.4449098286950335
                ],
                [
                    0.0,
                    0.0,
                    0.0,
                    1.0
                ]
            ],
            "is_bad": false,
            "mask_path": "DSC08890.png"
        },
        {
            "file_path": "DSC09144.JPG",
            "transform_matrix": [
                [
                    -0.059672941329112716,
                    0.07408978697026904,
                    -0.9954646370111961,
                    2.0995464800607033
                ],
                [
                    0.9979733607632744,
                    -0.01764819232792072,
                    -0.06113683435059661,
                    0.6226772669310007
                ],
                [
                    -0.022097766402689695,
                    -0.9970954040483072,
                    -0.07288651415560553,
                    -1.5625344059779822
                ],
                [
                    0.0,
                    0.0,
                    0.0,
                    1.0
                ]
            ],
            "is_bad": false,
            "mask_path": "DSC09144.png"
        },
        {
            "file_path": "DSC09208.JPG",
            "transform_matrix": [
                [
                    -0.7375904814120549,
                    -0.08927436458684569,
                    0.6693208270761843,
                    1.1539164158145863
                ],
                [
                    -0.6729031517177498,
                    0.17971761925920188,
                    -0.7175673666883984,
                    0.5417561637651588
                ],
                [
                    -0.05622837485336914,
                    -0.9796589534911722,
                    -0.1926310066057106,
                    -1.5598224801937115
                ],
                [
                    0.0,
                    0.0,
                    0.0,
                    1.0
                ]
            ],
            "is_bad": false,
            "mask_path": "DSC09208.png"
        },
        {
            "file_path": "DSC09164.JPG",
            "transform_matrix": [
                [
                    0.6075600241946467,
                    -0.0632886384410351,
                    0.7917482966479187,
                    2.612060809360795
                ],
                [
                    -0.7942708748079491,
                    -0.051100962590338674,
                    0.6054109918511205,
                    0.756191552950621
                ],
                [
                    0.0021434627164753865,
                    -0.9966861290630172,
                    -0.08131522428772153,
                    -1.5867931579615306
                ],
                [
                    0.0,
                    0.0,
                    0.0,
                    1.0
                ]
            ],
            "is_bad": false,
            "mask_path": "DSC09164.png"
        },
        {
            "file_path": "DSC08973.JPG",
            "transform_matrix": [
                [
                    0.7353406210587825,
                    -0.3018473086282849,
                    0.6067638529895671,
                    2.8119041036180272
                ],
                [
                    -0.6776437847177675,
                    -0.33878883863375725,
                    0.652702860305185,
                    1.342054505012627
                ],
                [
                    0.008548219362175823,
                    -0.8911286804334438,
                    -0.45367014763447383,
                    -1.5251863216971433
                ],
                [
                    0.0,
                    0.0,
                    0.0,
                    1.0
                ]
            ],
            "is_bad": false,
            "mask_path": "DSC08973.png"
        },
        {
            "file_path": "DSC08963.JPG",
            "transform_matrix": [
                [
                    0.9868587605675372,
                    0.03239993437638176,
                    -0.15830360369717086,
                    2.562674932733008
                ],
                [
                    0.15070429549497596,
                    -0.5379797893434235,
                    0.8293768513633409,
                    2.3271973955429295
                ],
                [
                    -0.058292383811846586,
                    -0.8423348446493307,
                    -0.5357928774061118,
                    -1.5103788200920065
                ],
                [
                    0.0,
                    0.0,
                    0.0,
                    1.0
                ]
            ],
            "is_bad": false,
            "mask_path": "DSC08963.png"
        },
        {
            "file_path": "DSC08926.JPG",
            "transform_matrix": [
                [
                    0.7988752217976285,
                    0.33061330968346203,
                    -0.502487034119227,
                    2.0851394472578706
                ],
                [
                    0.6000196195233867,
                    -0.49653519362935095,
                    0.6272393942303633,
                    2.506774478202667
                ],
                [
                    -0.04212880469227838,
                    -0.8025880892136453,
                    -0.5950441352266147,
                    -1.4633743767126937
                ],
                [
                    0.0,
                    0.0,
                    0.0,
                    1.0
                ]
            ],
            "is_bad": false,
            "mask_path": "DSC08926.png"
        },
        {
            "file_path": "DSC08807.JPG",
            "transform_matrix": [
                [
                    -0.8804260502710607,
                    0.2906028341004003,
                    -0.37469983028674325,
                    0.9936772930340146
                ],
                [
                    0.4722601135156983,
                    0.46627972643841986,
                    -0.7480331556118698,
                    2.859613299938748
                ],
                [
                    -0.04266562065925023,
                    -0.8355436610526867,
                    -0.5477649452898874,
                    -1.5359855586019604
                ],
                [
                    0.0,
                    0.0,
                    0.0,
                    1.0
                ]
            ],
            "is_bad": false,
            "mask_path": "DSC08807.png"
        },
        {
            "file_path": "DSC08542.JPG",
            "transform_matrix": [
                [
                    0.985901663231963,
                    -0.004431999805679525,
                    -0.1672670553760393,
                    3.0057439924211447
                ],
                [
                    0.12189160985105417,
                    -0.6658154255932747,
                    0.7360925583715437,
                    3.677716489664313
                ],
                [
                    -0.11463134773859623,
                    -0.7461033282460069,
                    -0.6558883119067331,
                    -1.47766394579403
                ],
                [
                    0.0,
                    0.0,
                    0.0,
                    1.0
                ]
            ],
            "is_bad": false,
            "mask_path": "DSC08542.png"
        },
        {
            "file_path": "DSC08870.JPG",
            "transform_matrix": [
                [
                    0.997609367758765,
                    -0.004599497782208269,
                    0.06895211367397347,
                    0.695291345018849
                ],
                [
                    -0.06756434526187621,
                    -0.2744557694312658,
                    0.9592231700054088,
                    3.079722549399484
                ],
                [
                    0.014512360569220109,
                    -0.9615887245834586,
                    -0.27411040867625863,
                    -1.5134612316550282
                ],
                [
                    0.0,
                    0.0,
                    0.0,
                    1.0
                ]
            ],
            "is_bad": false,
            "mask_path": "DSC08870.png"
        },
        {
            "file_path": "DSC09126.JPG",
            "transform_matrix": [
                [
                    -0.5264236087823474,
                    0.553132638687968,
                    -0.6456953369311693,
                    2.1609321064105833
                ],
                [
                    0.8475487066100127,
                    0.2812193751710337,
                    -0.4500853840685211,
                    0.7941517870556751
                ],
                [
                    -0.06737487692207504,
                    -0.7841938198216686,
                    -0.6168473708408234,
                    -1.4675685696568201
                ],
                [
                    0.0,
                    0.0,
                    0.0,
                    1.0
                ]
            ],
            "is_bad": false,
            "mask_path": "DSC09126.png"
        },
        {
            "file_path": "DSC08500.JPG",
            "transform_matrix": [
                [
                    0.9530729959394245,
                    -0.1602045469063096,
                    0.25687811810583194,
                    3.1813438146924247
                ],
                [
                    -0.30098718266824614,
                    -0.4102368796655914,
                    0.8608788639708091,
                    3.7003253313692936
                ],
                [
                    -0.032535830717556224,
                    -0.8977974190833827,
                    -0.4392052071716993,
                    -1.531890876550719
                ],
                [
                    0.0,
                    0.0,
                    0.0,
                    1.0
                ]
            ],
            "is_bad": false,
            "mask_path": "DSC08500.png"
        },
        {
            "file_path": "DSC08639.JPG",
            "transform_matrix": [
                [
                    -0.6565524290268563,
                    -0.38627857001374677,
                    0.647864009099957,
                    2.5159318176945087
                ],
                [
                    -0.7523407116086231,
                    0.3969240405999875,
                    -0.5257706340696563,
                    2.525857434645154
                ],
                [
                    -0.054058871567614436,
                    -0.8326104565413012,
                    -0.5512145372383794,
                    -1.509067624913207
                ],
                [
                    0.0,
                    0.0,
                    0.0,
                    1.0
                ]
            ],
            "is_bad": false,
            "mask_path": "DSC08639.png"
        },
        {
            "file_path": "DSC08902.JPG",
            "transform_matrix": [
                [
                    0.4248681454233559,
                    0.04740678145866501,
                    -0.904013084018284,
                    1.6878833339404233
                ],
                [
                    0.9051698750564136,
                    -0.035961945940484026,
                    0.4235259563881895,
                    2.5776566736372564
                ],
                [
                    -0.012432067200388901,
                    -0.9982280979394963,
                    -0.05819027572731495,
                    -1.5527362171910384
                ],
                [
                    0.0,
                    0.0,
                    0.0,
                    1.0
                ]
            ],
            "is_bad": false,
            "mask_path": "DSC08902.png"
        },
        {
            "file_path": "DSC08663.JPG",
            "transform_matrix": [
                [
                    0.6021846127608729,
                    0.04486879770470243,
                    0.7970950276764827,
                    1.9641146753178942
                ],
                [
                    -0.7980435889509446,
                    0.0617978831459714,
                    0.599422598650546,
                    3.096691230700867
                ],
                [
                    -0.022363414058107912,
                    -0.9970796420703874,
                    0.07302099068387251,
                    -1.650909588224062
                ],
                [
                    0.0,
                    0.0,
                    0.0,
                    1.0
                ]
            ],
            "is_bad": false,
            "mask_path": "DSC08663.png"
        },
        {
            "file_path": "DSC08769.JPG",
            "transform_matrix": [
                [
                    -0.3054680563611989,
                    0.5755267309723112,
                    -0.758589644326388,
                    1.0425802904547443
                ],
                [
                    0.9521497401397905,
                    0.17624731924470066,
                    -0.2496953239666015,
                    2.6893523512933224
                ],
                [
                    -0.010006942322253546,
                    -0.7985648780126643,
                    -0.6018255533873396,
                    -1.482656454569815
                ],
                [
                    0.0,
                    0.0,
                    0.0,
                    1.0
                ]
            ],
            "is_bad": false,
            "mask_path": "DSC08769.png"
        },
        {
            "file_path": "DSC09238.JPG",
            "transform_matrix": [
                [
                    -0.5969472886730594,
                    0.0705586130548288,
                    -0.7991717066248416,
                    0.9989390053168758
                ],
                [
                    0.8022779479374539,
                    0.05000773888885909,
                    -0.5948523516844256,
                    0.5126009329108485
                ],
                [
                    -0.002007186874997364,
                    -0.996253335339462,
                    -0.08645960343331563,
                    -1.6169431479719623
                ],
                [
                    0.0,
                    0.0,
                    0.0,
                    1.0
                ]
            ],
            "is_bad": false,
            "mask_path": "DSC09238.png"
        },
        {
            "file_path": "DSC09197.JPG",
            "transform_matrix": [
                [
                    -0.5725766141373553,
                    -0.1759920967120662,
                    0.8007389105307005,
                    2.334851902036611
                ],
                [
                    -0.8184102370019907,
                    0.18057699986133172,
                    -0.5455241801161758,
                    0.6603629541369271
                ],
                [
                    -0.04858708587008857,
                    -0.967687309525123,
                    -0.2474279007522822,
                    -1.5257720219259063
                ],
                [
                    0.0,
                    0.0,
                    0.0,
                    1.0
                ]
            ],
            "is_bad": false,
            "mask_path": "DSC09197.png"
        },
        {
            "file_path": "DSC08588.JPG",
            "transform_matrix": [
                [
                    0.20790427556348073,
                    0.6136863521608996,
                    -0.7616855475679409,
                    2.3292612228128666
                ],
                [
                    0.9772810601554055,
                    -0.16312257721214518,
                    0.13532462549438098,
                    3.4227655930195366
                ],
                [
                    -0.04120123376734003,
                    -0.7725154276615566,
                    -0.6336579300860463,
                    -1.4908427098913701
                ],
                [
                    0.0,
                    0.0,
                    0.0,
                    1.0
                ]
            ],
            "is_bad": false,
            "mask_path": "DSC08588.png"
        },
        {
            "file_path": "DSC09106.JPG",
            "transform_matrix": [
                [
                    -0.6239196999632183,
                    -0.08134433186495926,
                    -0.7772434031056492,
                    2.135497975308388
                ],
                [
                    0.7806765177012324,
                    -0.01955076588119681,
                    -0.6246294439612465,
                    0.8286810904739154
                ],
                [
                    0.03561436097538533,
                    -0.9964942886072663,
                    0.07570171771771722,
                    -1.6034187972852008
                ],
                [
                    0.0,
                    0.0,
                    0.0,
                    1.0
                ]
            ],
            "is_bad": false,
            "mask_path": "DSC09106.png"
        },
        {
            "file_path": "DSC08561.JPG",
            "transform_matrix": [
                [
                    0.7655778161986863,
                    -0.0038778660857377184,
                    -0.6433316170522573,
                    2.6210667118540245
                ],
                [
                    0.6422657130296944,
                    0.06246058652848769,
                    0.7639328694309307,
                    3.6905621598759137
                ],
                [
                    0.03722044076725779,
                    -0.9980398976419423,
                    0.05030905985955865,
                    -1.6017507528333317
                ],
                [
                    0.0,
                    0.0,
                    0.0,
                    1.0
                ]
            ],
            "is_bad": false,
            "mask_path": "DSC08561.png"
        },
        {
            "file_path": "DSC09084.JPG",
            "transform_matrix": [
                [
                    -0.9759904395135534,
                    -0.04060028628274365,
                    0.2139959783077699,
                    2.5345122570669467
                ],
                [
                    -0.20530656404118194,
                    0.4996046020183548,
                    -0.8415726091096861,
                    1.284269967300952
                ],
                [
                    -0.07274528671841343,
                    -0.8653015996725304,
                    -0.4959448203826861,
                    -1.465795215433311
                ],
                [
                    0.0,
                    0.0,
                    0.0,
                    1.0
                ]
            ],
            "is_bad": false,
            "mask_path": "DSC09084.png"
        },
        {
            "file_path": "DSC09085.JPG",
            "transform_matrix": [
                [
                    -0.8967235800640577,
                    0.26226831580832627,
                    -0.35651388679848567,
                    2.321929676940133
                ],
                [
                    0.4379588540954135,
                    0.4095784043048574,
                    -0.8002734362994433,
                    0.9822824344626906
                ],
                [
                    -0.06386597745695057,
                    -0.8737624741599691,
                    -0.4821413440821244,
                    -1.4809520227043467
                ],
                [
                    0.0,
                    0.0,
                    0.0,
                    1.0
                ]
            ],
            "is_bad": false,
            "mask_path": "DSC09085.png"
        },
        {
            "file_path": "DSC08615.JPG",
            "transform_matrix": [
                [
                    -0.6761812439272538,
                    0.13908490107078858,
                    0.7234876057370434,
                    2.6298548775478903
                ],
                [
                    -0.7367015168686085,
                    -0.11824089362846614,
                    -0.6658002449064072,
                    2.526029607602056
                ],
                [
                    -0.007056940164247413,
                    -0.9831960543900031,
                    0.18241633212913744,
                    -1.6503744093573118
                ],
                [
                    0.0,
                    0.0,
                    0.0,
                    1.0
                ]
            ],
            "is_bad": false,
            "mask_path": "DSC08615.png"
        },
        {
            "file_path": "DSC09127.JPG",
            "transform_matrix": [
                [
                    -0.11332702925455204,
                    0.6737214845111689,
                    -0.7302440316417552,
                    2.1657315425367587
                ],
                [
                    0.9924383821568085,
                    0.041881013722881125,
                    -0.11537780684135236,
                    0.6411649639518021
                ],
                [
                    -0.04714914699455841,
                    -0.7377976294334447,
                    -0.6733733109799309,
                    -1.4424125894056732
                ],
                [
                    0.0,
                    0.0,
                    0.0,
                    1.0
                ]
            ],
            "is_bad": false,
            "mask_path": "DSC09127.png"
        },
        {
            "file_path": "DSC08919.JPG",
            "transform_matrix": [
                [
                    0.6427979277071979,
                    0.20113118887839043,
                    -0.7391597046617852,
