{
    "fl_x": 621.4906560625079,
    "fl_y": 620.6717203828364,
    "cx": 876.0,
    "cy": 584.0,
    "w": 1752,
    "h": 1168,
    "k1": 0.0,
    "k2": 0.0,
    "k3": 0.0,
    "k4": 0.0,
    "camera_model": "PINHOLE",
    "has_mask": false,
    "aabb_range": [
        [
            -1.0553027095738798e-05,
            0.017683066427707672,
            -3.5211360454559326
        ],
        [
            8.784327507019043,
            8.285116195678711,
            -0.04909748584032059
        ]
    ],
    "frames": [
        {
            "file_path": "DSC02269.JPG",
            "transform_matrix": [
                [
                    0.8989488217625677,
                    -0.013985569413116933,
                    0.4378303549320015,
                    5.333071956598526
                ],
                [
                    -0.43792338997549746,
                    -0.0043175181743322745,
                    0.8990019263322984,
                    6.678455646395317
                ],
                [
                    -0.010682713328552999,
                    -0.9998928757046956,
                    -0.010005835843884568,
                    -1.6243176173462155
                ],
                [
                    0.0,
                    0.0,
                    0.0,
                    1.0
                ]
            ],
            "is_bad": false,
            "mask_path": "DSC02269.png"
        },
        {
            "file_path": "DSC02137.JPG",
            "transform_matrix": [
                [
                    0.12129771896314535,
                    0.08051685465694174,
                    -0.9893451872276385,
                    2.160211885925772
                ],
                [
                    0.9920667819041517,
                    -0.04299037978391291,
                    0.11813266901401749,
                    1.4437550187798662
                ],
                [
                    -0.03302065439506436,
                    -0.9958257193717124,
                    -0.08509273189370446,
                    -1.5723378687138463
                ],
                [
                    0.0,
                    0.0,
                    0.0,
                    1.0
                ]
            ],
            "is_bad": false,
            "mask_path": "DSC02137.png"
        },
        {
            "file_path": "DSC02074.JPG",
            "transform_matrix": [
                [
                    0.8651372684683488,
                    0.12504289452919579,
                    0.4856972114753036,
                    7.317764272665089
                ],
                [
                    -0.49082256788908646,
                    0.41017663487794487,
                    0.7686665955087223,
                    1.7188578552299727
                ],
                [
                    -0.10310535174222867,
                    -0.9033932713541574,
                    0.41623296807694754,
                    -1.7732052492570307
                ],
                [
                    0.0,
                    0.0,
                    0.0,
                    1.0
                ]
            ],
            "is_bad": true,
            "mask_path": "DSC02074.png"
        },
        {
            "file_path": "DSC02351.JPG",
            "transform_matrix": [
                [
                    0.9844674644622821,
                    -0.02198311321837158,
                    -0.17418540165132804,
                    1.7981585092521066
                ],
                [
                    0.16169177805636034,
                    -0.273045471577847,
                    0.9483153164216028,
                    5.294308236620346
                ],
                [
                    -0.06840745810347583,
                    -0.9617499223727861,
                    -0.2652498944236586,
                    -1.4904551442844705
                ],
                [
                    0.0,
                    0.0,
                    0.0,
                    1.0
                ]
            ],
            "is_bad": true,
            "mask_path": "DSC02351.png"
        },
        {
            "file_path": "DSC02377.JPG",
            "transform_matrix": [
                [
                    0.9885224115276459,
                    0.1506916341111638,
                    -0.010745851128515786,
                    7.652112481352124
                ],
                [
                    0.0546434172926405,
                    -0.2903281599386944,
                    0.9553657187136219,
                    4.706235560771729
                ],
                [
                    0.14084579814162435,
                    -0.9449876141810115,
                    -0.295230198642229,
                    -1.5158874892752092
                ],
                [
                    0.0,
                    0.0,
                    0.0,
                    1.0
                ]
            ],
            "is_bad": false,
            "mask_path": "DSC02377.png"
        },
        {
            "file_path": "DSC02298.JPG",
            "transform_matrix": [
                [
                    0.3582568832540774,
                    0.22753217716408522,
                    -0.9054728675979455,
                    2.8847372438675816
                ],
                [
                    0.9312030443423308,
                    -0.15686870916560627,
                    0.3290183859487056,
                    7.7289409181012525
                ],
                [
                    -0.06717809024264745,
                    -0.9610521923598574,
                    -0.2680779508867952,
                    -1.4815422429546912
                ],
                [
                    0.0,
                    0.0,
                    0.0,
                    1.0
                ]
            ],
            "is_bad": true,
            "mask_path": "DSC02298.png"
        },
        {
            "file_path": "DSC02157.JPG",
            "transform_matrix": [
                [
                    -0.7952683386636145,
                    0.11287484874541993,
                    -0.5956572320050462,
                    5.288815239621813
                ],
                [
                    0.6062569928077051,
                    0.14668234265128785,
                    -0.7816244296502561,
                    3.4796890260706577
                ],
                [
                    -0.0008533410648159173,
                    -0.9827225238463952,
                    -0.18508298931559958,
                    -1.5487787198213716
                ],
                [
                    0.0,
                    0.0,
                    0.0,
                    1.0
                ]
            ],
            "is_bad": false,
            "mask_path": "DSC02157.png"
        },
        {
            "file_path": "DSC02447.JPG",
            "transform_matrix": [
                [
                    0.18311419807668933,
                    0.4689474232998344,
                    -0.8640355922316959,
                    4.728639649846969
                ],
                [
                    0.9830322131727829,
                    -0.0970069262340125,
                    0.1556834099294127,
                    1.0610911003810486
                ],
                [
                    -0.010810103022251506,
                    -0.8778826632546489,
                    -0.4787537688933357,
                    -1.4278698703625514
                ],
                [
                    0.0,
                    0.0,
                    0.0,
                    1.0
                ]
            ],
            "is_bad": false,
            "mask_path": "DSC02447.png"
        },
        {
            "file_path": "DSC02247.JPG",
            "transform_matrix": [
                [
                    0.3969119358156562,
                    0.04351667011953795,
                    0.9168245277198775,
                    7.569328506138335
                ],
                [
                    -0.9176875972687836,
                    0.037987577755716824,
                    0.3954825125783708,
                    6.925419713605337
                ],
                [
                    -0.017617860997188334,
                    -0.9983302276090618,
                    0.05501243146710585,
                    -1.696553261746543
                ],
                [
                    0.0,
                    0.0,
                    0.0,
                    1.0
                ]
            ],
            "is_bad": true,
            "mask_path": "DSC02247.png"
        },
        {
            "file_path": "DSC02326.JPG",
            "transform_matrix": [
                [
                    0.6471484406887926,
                    -0.02930555846164155,
                    -0.761800551297592,
                    3.9055046359940033
                ],
                [
                    0.7618670958067447,
                    -0.011212900747532383,
                    0.6476363170667796,
                    5.15085247600305
                ],
                [
                    -0.027521337922798008,
                    -0.9995076063242726,
                    0.015070529481801891,
                    -1.585735059688901
                ],
                [
                    0.0,
                    0.0,
                    0.0,
                    1.0
                ]
            ],
            "is_bad": false,
            "mask_path": "DSC02326.png"
        },
        {
            "file_path": "DSC02197.JPG",
            "transform_matrix": [
                [
                    0.4063917060191306,
                    0.223962922520064,
                    -0.885825259639356,
                    5.7291177977642604
                ],
                [
                    0.9091319722495045,
                    -0.1959276284865707,
                    0.36754784916981165,
                    5.08263773601735
                ],
                [
                    -0.09124055190860507,
                    -0.954700462832139,
                    -0.28323521665836865,
                    -1.5224340927458664
                ],
                [
                    0.0,
                    0.0,
                    0.0,
                    1.0
                ]
            ],
            "is_bad": false,
            "mask_path": "DSC02197.png"
        },
        {
            "file_path": "DSC02102.JPG",
            "transform_matrix": [
                [
                    0.12751812242384247,
                    -0.027106646681020925,
                    -0.9914657624745334,
                    5.890977661128993
                ],
                [
                    0.9910709818077681,
                    -0.03577790979102221,
                    0.12844551447820918,
                    2.0120402334558323
                ],
                [
                    -0.0389542997894237,
                    -0.9989920774844491,
                    0.022302279058874927,
                    -1.6168923530431658
                ],
                [
                    0.0,
                    0.0,
                    0.0,
                    1.0
                ]
            ],
            "is_bad": true,
            "mask_path": "DSC02102.png"
        },
        {
            "file_path": "DSC02443.JPG",
            "transform_matrix": [
                [
                    0.39963589030603247,
                    0.42872148045972003,
                    -0.8102401171083369,
                    3.443976402658171
                ],
                [
                    0.9124521332065795,
                    -0.27077956370874234,
                    0.306772770115709,
                    1.2060660572059287
                ],
                [
                    -0.0878763892411797,
                    -0.8619027323718897,
                    -0.49940106141637675,
                    -1.4182881865200816
                ],
                [
                    0.0,
                    0.0,
                    0.0,
                    1.0
                ]
            ],
            "is_bad": false,
            "mask_path": "DSC02443.png"
        },
        {
            "file_path": "DSC02303.JPG",
            "transform_matrix": [
                [
                    0.4165699470880702,
                    0.03537648874011868,
                    -0.9084150941213289,
                    4.366714956963361
                ],
                [
                    0.9091026382537786,
                    -0.017714206617933922,
                    0.41619538681239215,
                    7.5134479336911015
                ],
                [
                    -0.0013683212568572295,
                    -0.9992170489579919,
                    -0.039540065359336865,
                    -1.5702498697733136
                ],
                [
                    0.0,
                    0.0,
                    0.0,
                    1.0
                ]
            ],
            "is_bad": false,
            "mask_path": "DSC02303.png"
        },
        {
            "file_path": "DSC02491.JPG",
            "transform_matrix": [
                [
                    -0.09288981957656176,
                    0.4086492720316985,
                    -0.9079522310600915,
                    5.8497941826954944
                ],
                [
                    0.9927244543159295,
                    -0.03215573674662362,
                    -0.11603519464982225,
                    0.8828437906112164
                ],
                [
                    -0.07661357074418411,
                    -0.912124871419613,
                    -0.40268918499952433,
                    -1.487280154013261
                ],
                [
                    0.0,
                    0.0,
                    0.0,
                    1.0
                ]
            ],
            "is_bad": false,
            "mask_path": "DSC02491.png"
        },
        {
            "file_path": "DSC02261.JPG",
            "transform_matrix": [
                [
                    0.793537531932826,
                    0.09721362196803213,
                    -0.6007059989028043,
                    6.438453623677574
                ],
                [
                    0.6077910093261328,
                    -0.1749671410430857,
                    0.7745815570600231,
                    6.878004111680448
                ],
                [
                    -0.029803932564011936,
                    -0.9797632424514943,
                    -0.19792855868887224,
                    -1.5482766644868822
                ],
                [
                    0.0,
                    0.0,
                    0.0,
                    1.0
                ]
            ],
            "is_bad": false,
            "mask_path": "DSC02261.png"
        },
        {
            "file_path": "DSC02404.JPG",
            "transform_matrix": [
                [
                    -0.9644255932094344,
                    -0.11899277495178595,
                    0.2360593032945409,
                    6.748408445190261
                ],
                [
                    -0.2632725665354899,
                    0.3516310600375547,
                    -0.8983558055284563,
                    5.288019626524218
                ],
                [
                    0.023892067144691918,
                    -0.9285452692928541,
                    -0.37044952692831756,
                    -1.4880432889302266
                ],
                [
                    0.0,
                    0.0,
                    0.0,
                    1.0
                ]
            ],
            "is_bad": false,
            "mask_path": "DSC02404.png"
        },
        {
            "file_path": "DSC02153.JPG",
            "transform_matrix": [
                [
                    -0.8999026702465865,
                    0.06069916253082837,
                    -0.4318458008955492,
                    5.000565430482341
                ],
                [
                    0.43574205046840586,
                    0.16475224097829239,
                    -0.8848647153922569,
                    2.5030668063433077
                ],
                [
                    0.01743701627721706,
                    -0.9844654949568754,
                    -0.17471015912837237,
                    -1.543717753520158
                ],
                [
                    0.0,
                    0.0,
                    0.0,
                    1.0
                ]
            ],
            "is_bad": false,
            "mask_path": "DSC02153.png"
        },
        {
            "file_path": "DSC02328.JPG",
            "transform_matrix": [
                [
                    0.593517625362655,
                    -0.05115271338020948,
                    -0.8031937675914308,
                    2.9735847633262726
                ],
                [
                    0.8047282050841678,
                    0.05287198098728665,
                    0.5912842544567661,
                    5.227490311597377
                ],
                [
                    0.01222065161474346,
                    -0.99729030554815,
                    0.07254448382743466,
                    -1.636901468908716
                ],
                [
                    0.0,
                    0.0,
                    0.0,
                    1.0
                ]
            ],
            "is_bad": false,
            "mask_path": "DSC02328.png"
        },
        {
            "file_path": "DSC02358.JPG",
            "transform_matrix": [
                [
                    -0.9531520829287302,
                    0.1615792577720125,
                    -0.2557210399370158,
                    2.213580884359813
                ],
                [
                    0.2953700979390655,
                    0.3147933231372481,
                    -0.9020319667016657,
                    6.125591518013931
                ],
                [
                    -0.06525037970839773,
                    -0.9353059965412677,
                    -0.3477715928333657,
                    -1.4620705711925066
                ],
                [
                    0.0,
                    0.0,
                    0.0,
                    1.0
                ]
            ],
            "is_bad": false,
            "mask_path": "DSC02358.png"
        },
        {
            "file_path": "DSC02318.JPG",
            "transform_matrix": [
                [
                    0.9613351271660387,
                    -0.14056030053898866,
                    0.23680704210188863,
                    4.890515387962412
                ],
                [
                    -0.2750786472787495,
                    -0.4498518911104135,
                    0.8496852440025534,
                    4.775966504982451
                ],
                [
                    -0.01290391754274511,
                    -0.8819728329017704,
                    -0.4711235622798719,
                    -1.4473376406884302
                ],
                [
                    0.0,
                    0.0,
                    0.0,
                    1.0
                ]
            ],
            "is_bad": true,
            "mask_path": "DSC02318.png"
        },
        {
            "file_path": "DSC02097.JPG",
            "transform_matrix": [
                [
                    -0.9501211173085357,
                    -0.06903674981282155,
                    -0.3041443565474495,
                    6.59899262812265
                ],
                [
                    0.3066261854132316,
                    -0.02850899618949616,
                    -0.9514029743253899,
                    2.4859058577812556
                ],
                [
                    0.05701091880780859,
                    -0.9972066808398097,
                    0.04825547456134166,
                    -1.6296043286284372
                ],
                [
                    0.0,
                    0.0,
                    0.0,
                    1.0
                ]
            ],
            "is_bad": true,
            "mask_path": "DSC02097.png"
        },
        {
            "file_path": "DSC02470.JPG",
            "transform_matrix": [
                [
                    0.9115228086240278,
                    -0.18387222106725737,
                    0.36785482962434757,
                    6.558523542584074
                ],
                [
                    -0.40371428565731254,
                    -0.22963551432756604,
                    0.8855971466280368,
                    1.4441027120416936
                ],
                [
                    -0.07836418132265675,
                    -0.9557502481711989,
                    -0.28354985136007776,
                    -1.5615422165198412
                ],
                [
                    0.0,
                    0.0,
                    0.0,
                    1.0
                ]
            ],
            "is_bad": false,
            "mask_path": "DSC02470.png"
        },
        {
            "file_path": "DSC02311.JPG",
            "transform_matrix": [
                [
                    0.8284035185971883,
                    -0.12683949635790898,
                    0.5455816644091611,
                    5.496987307214736
                ],
                [
                    -0.5582880171374279,
                    -0.10800610540068604,
                    0.822586877549682,
                    5.8741183227835805
                ],
                [
                    -0.045410354508169264,
                    -0.9860255693235588,
                    -0.16028560866027447,
                    -1.5196425996256995
                ],
                [
                    0.0,
                    0.0,
                    0.0,
                    1.0
                ]
            ],
            "is_bad": false,
            "mask_path": "DSC02311.png"
        },
        {
            "file_path": "DSC02292.JPG",
            "transform_matrix": [
                [
                    0.9712846859660239,
                    -0.07904027230137746,
                    -0.22440742893764926,
                    2.0819989553083293
                ],
                [
                    0.22513856757948786,
                    0.00034785842301876936,
                    0.9743266928411504,
                    7.6231097050993055
                ],
                [
                    -0.07693298509832094,
                    -0.9968713629897497,
                    0.018132883246187427,
                    -1.590717427532598
                ],
                [
                    0.0,
                    0.0,
                    0.0,
                    1.0
                ]
            ],
            "is_bad": false,
            "mask_path": "DSC02292.png"
        },
        {
            "file_path": "DSC02203.JPG",
            "transform_matrix": [
                [
                    0.1474493886228733,
                    0.006810526152363813,
                    -0.989046153891854,
                    5.719915663270413
                ],
                [
                    0.9889359716362723,
                    0.015422088346826825,
                    0.14753915817451477,
                    4.2860851825689315
                ],
                [
                    0.01625797645965473,
                    -0.9998578778629245,
                    -0.004461196799814597,
                    -1.5975943067830605
                ],
                [
                    0.0,
                    0.0,
                    0.0,
                    1.0
                ]
            ],
            "is_bad": true,
            "mask_path": "DSC02203.png"
        },
        {
            "file_path": "DSC02276.JPG",
            "transform_matrix": [
                [
                    0.9948110198110539,
                    -0.09823550060571704,
                    0.026473029355082296,
                    3.650064693198067
                ],
                [
                    -0.043717750213766296,
                    -0.1777906150484703,
                    0.9830967681347209,
                    7.265205542232215
                ],
                [
                    -0.09186834699034045,
                    -0.9791528397658001,
                    -0.18116269814680822,
                    -1.5206788384637127
                ],
                [
                    0.0,
                    0.0,
                    0.0,
                    1.0
                ]
            ],
            "is_bad": false,
            "mask_path": "DSC02276.png"
        },
        {
            "file_path": "DSC02107.JPG",
            "transform_matrix": [
                [
                    -0.964529608771981,
                    0.018147658189571262,
                    -0.26335014012603924,
                    5.0847212593552396
                ],
                [
                    0.2631697719145103,
                    -0.011741082067076249,
                    -0.9646780904231003,
                    1.7883925347654916
                ],
                [
                    -0.02059866385556223,
                    -0.9997663774573183,
                    0.006548706226184505,
                    -1.6099266297164236
                ],
                [
                    0.0,
                    0.0,
                    0.0,
                    1.0
                ]
            ],
            "is_bad": false,
            "mask_path": "DSC02107.png"
        },
        {
            "file_path": "DSC02118.JPG",
            "transform_matrix": [
                [
                    -0.8205546205356458,
                    0.029567893443052974,
                    -0.5708028156858916,
                    4.157632104983415
                ],
                [
                    0.5715604242552632,
                    0.03726570144225266,
                    -0.8197133333801275,
                    1.446721667496209
                ],
                [
                    -0.0029658291834860255,
                    -0.9988678627192669,
                    -0.04747838122658797,
                    -1.600878801570658
                ],
                [
                    0.0,
                    0.0,
                    0.0,
                    1.0
                ]
            ],
            "is_bad": true,
            "mask_path": "DSC02118.png"
        },
        {
            "file_path": "DSC02128.JPG",
            "transform_matrix": [
                [
                    -0.9937077325325493,
                    -0.006670682791775911,
                    -0.11180538580994569,
                    2.8971887754365953
                ],
                [
                    0.11098351611078593,
                    0.07581307986415324,
                    -0.9909263524970957,
                    1.6184206524206628
                ],
                [
                    0.015086466011171522,
                    -0.9970997336839493,
                    -0.0745957078570258,
                    -1.6042889653425658
                ],
                [
                    0.0,
                    0.0,
                    0.0,
                    1.0
                ]
            ],
            "is_bad": false,
            "mask_path": "DSC02128.png"
        },
        {
            "file_path": "DSC02401.JPG",
            "transform_matrix": [
                [
                    -0.9953993070505741,
                    0.008318512221659382,
                    -0.09545167299557694,
                    7.549239349236986
                ],
                [
                    0.08964490656180153,
                    0.43253480362474434,
                    -0.8971496164970644,
                    5.39350461921218
                ],
                [
                    0.0338232205853072,
                    -0.9015788628887224,
                    -0.43129055605417044,
                    -1.4603682422151572
                ],
                [
                    0.0,
                    0.0,
                    0.0,
                    1.0
                ]
            ],
            "is_bad": false,
            "mask_path": "DSC02401.png"
        },
        {
            "file_path": "DSC02272.JPG",
            "transform_matrix": [
                [
                    0.97648283523074,
                    -0.04962109125249288,
                    0.20980710141138603,
                    4.753307114449512
                ],
                [
                    -0.21483285479515518,
                    -0.14218836618909558,
                    0.9662449549783119,
                    6.975775417430869
                ],
                [
                    -0.018114000118684918,
                    -0.9885950717171251,
                    -0.14950473964497885,
                    -1.5743018702476481
                ],
                [
                    0.0,
                    0.0,
                    0.0,
                    1.0
                ]
            ],
            "is_bad": false,
            "mask_path": "DSC02272.png"
        },
        {
            "file_path": "DSC02150.JPG",
            "transform_matrix": [
                [
                    -0.9969600744292829,
                    0.07714113015122671,
                    0.010947878011318829,
                    2.397039091400218
                ],
                [
                    0.0011959174899737464,
                    0.15564626415512114,
                    -0.9878121330677772,
                    2.038457308091831
                ],
                [
                    -0.0779049406348298,
                    -0.9847961649466077,
                    -0.1552653655234737,
                    -1.5764914448181002
                ],
                [
                    0.0,
                    0.0,
                    0.0,
                    1.0
                ]
            ],
            "is_bad": false,
            "mask_path": "DSC02150.png"
        },
        {
            "file_path": "DSC02372.JPG",
            "transform_matrix": [
                [
                    0.9811049253267095,
                    0.12268948751532088,
                    -0.1496008527813217,
                    6.3711412816649835
                ],
                [
                    0.18002070886104946,
                    -0.2955623378579886,
                    0.9382086382149146,
                    4.822540507855721
                ],
                [
                    0.07089195921143937,
                    -0.9474123675006292,
                    -0.31206431392585593,
                    -1.4993266459817705
                ],
                [
                    0.0,
                    0.0,
                    0.0,
                    1.0
                ]
            ],
            "is_bad": false,
            "mask_path": "DSC02372.png"
        },
        {
            "file_path": "DSC02449.JPG",
            "transform_matrix": [
                [
                    0.377722374910373,
                    0.43149883433976327,
                    -0.8192280289733097,
                    5.348652559960265
                ],
                [
                    0.92525689520293,
                    -0.2093524853336746,
                    0.3163403464056516,
                    1.2869536440527514
                ],
                [
                    -0.035006933191894435,
                    -0.8774852094753731,
                    -0.47832438969851737,
                    -1.4161862541560921
                ],
                [
                    0.0,
                    0.0,
                    0.0,
                    1.0
                ]
            ],
            "is_bad": false,
            "mask_path": "DSC02449.png"
        },
        {
            "file_path": "DSC02375.JPG",
            "transform_matrix": [
                [
                    0.991747016415171,
                    0.12752587340632437,
                    -0.013229022774198058,
                    7.066872159846807
                ],
                [
                    0.05781360039423284,
                    -0.35272334658313026,
                    0.9339399490249106,
                    4.626474890466535
                ],
                [
                    0.11443532252352023,
                    -0.9269969753926661,
                    -0.3571850564788324,
                    -1.5033611018525157
                ],
                [
                    0.0,
                    0.0,
                    0.0,
                    1.0
                ]
            ],
            "is_bad": false,
            "mask_path": "DSC02375.png"
        },
        {
            "file_path": "DSC02365.JPG",
            "transform_matrix": [
                [
                    0.20568609252580122,
                    0.44214776209620005,
                    -0.8730398546542936,
                    4.442074085116329
                ],
                [
                    0.9777166041157943,
                    -0.05456330943078572,
                    0.2027142996935332,
                    5.2769562259393314
                ],
                [
                    0.041993730219483695,
                    -0.8952810741534095,
                    -0.4435181223861894,
                    -1.4372988882189437
                ],
                [
                    0.0,
                    0.0,
                    0.0,
                    1.0
                ]
            ],
            "is_bad": false,
            "mask_path": "DSC02365.png"
        },
        {
            "file_path": "DSC02219.JPG",
            "transform_matrix": [
                [
                    0.4881053111000377,
                    0.24771335580845188,
                    -0.836893839522105,
                    5.883670766909643
                ],
                [
                    0.8636139767833575,
                    0.0015602367137984147,
                    0.504151232038395,
                    6.600913364178786
                ],
                [
                    0.12619074601717034,
                    -0.9688321108507464,
                    -0.21316715648550966,
                    -1.5385070567613235
                ],
                [
                    0.0,
                    0.0,
                    0.0,
                    1.0
                ]
            ],
            "is_bad": false,
            "mask_path": "DSC02219.png"
        },
        {
            "file_path": "DSC02455.JPG",
            "transform_matrix": [
                [
                    0.9634170131075213,
                    0.015320732047400304,
                    -0.26756855948431996,
                    6.730019806730668
                ],
                [
                    0.2630284247874586,
                    -0.2455869494848404,
                    0.9330075551658512,
                    1.9652995636358253
                ],
                [
                    -0.05141698755091114,
                    -0.9692534887284452,
                    -0.24063243334789117,
                    -1.5428827994378425
                ],
                [
                    0.0,
                    0.0,
                    0.0,
                    1.0
                ]
            ],
            "is_bad": false,
            "mask_path": "DSC02455.png"
        },
        {
            "file_path": "DSC02487.JPG",
            "transform_matrix": [
                [
                    -0.23841235372087707,
                    0.004378235135786624,
                    -0.9711541487582527,
                    5.996623613473076
                ],
                [
                    0.9709545545506988,
                    -0.019693421782442506,
                    -0.23845213803980223,
                    1.3766933144450157
                ],
                [
                    -0.020169347796234558,
                    -0.9997964793874773,
                    0.00044408769398420037,
                    -1.6599757338631298
                ],
                [
                    0.0,
                    0.0,
                    0.0,
                    1.0
                ]
            ],
            "is_bad": false,
            "mask_path": "DSC02487.png"
        },
        {
            "file_path": "DSC02362.JPG",
            "transform_matrix": [
                [
                    0.18926889150443046,
                    0.5919832225931836,
                    -0.7834112271833189,
                    3.4984353766397667
                ],
                [
                    0.9817220134508673,
                    -0.09784923594272114,
                    0.16324036060791022,
                    5.4031975952532205
                ],
                [
                    0.01997936472110675,
                    -0.7999883694114654,
                    -0.5996827776347476,
                    -1.3608055153346283
                ],
                [
                    0.0,
                    0.0,
                    0.0,
                    1.0
                ]
            ],
            "is_bad": false,
            "mask_path": "DSC02362.png"
        },
        {
            "file_path": "DSC02280.JPG",
            "transform_matrix": [
                [
                    0.9599228608593361,
                    -0.050010457591768365,
                    -0.27576630564862237,
                    2.608602286761876
                ],
                [
                    0.26414716572952174,
                    -0.1674233363549448,
                    0.9498398292769361,
                    7.284346231160176
                ],
                [
                    -0.09367163944699645,
                    -0.9846158543184446,
                    -0.14750336737875147,
                    -1.536510549890132
                ],
                [
                    0.0,
                    0.0,
                    0.0,
                    1.0
                ]
            ],
            "is_bad": false,
            "mask_path": "DSC02280.png"
        },
        {
            "file_path": "DSC02418.JPG",
            "transform_matrix": [
                [
                    0.05018533851489419,
                    -0.5543550713053585,
                    0.8307658434939273,
                    5.288891655494652
                ],
                [
                    -0.9978731667063611,
                    0.006815847347264374,
                    0.06482813735069143,
                    3.976636460949997
                ],
                [
                    -0.04160017987421207,
                    -0.832252365057,
                    -0.5528339948768208,
                    -1.3801186967676449
                ],
                [
                    0.0,
                    0.0,
                    0.0,
                    1.0
                ]
            ],
            "is_bad": false,
            "mask_path": "DSC02418.png"
        },
        {
            "file_path": "DSC02348.JPG",
            "transform_matrix": [
                [
                    0.22614415615336753,
                    0.15978654860896993,
                    -0.9608990995527654,
