{
    "fl_x": 623.3076605206329,
    "fl_y": 623.6079379769718,
    "cx": 876.0,
    "cy": 584.0,
    "w": 1752,
    "h": 1168,
    "k1": 0.0,
    "k2": 0.0,
    "k3": 0.0,
    "k4": 0.0,
    "camera_model": "PINHOLE",
    "has_mask": false,
    "aabb_range": [
        [
            0.03521158918738365,
            0.046152833849191666,
            -2.492938280105591
        ],
        [
            2.082531452178955,
            3.3003649711608887,
            -0.019271885976195335
        ]
    ],
    "frames": [
        {
            "file_path": "DSC05856.JPG",
            "transform_matrix": [
                [
                    0.08360769049957743,
                    -0.633487814829546,
                    0.7692222972274099,
                    0.8583480786046868
                ],
                [
                    -0.9951581960111183,
                    -0.013052565793354932,
                    0.09741558108489255,
                    1.3536633903753825
                ],
                [
                    -0.05167125894754266,
                    -0.7736425653935395,
                    -0.6315118858818728,
                    -1.1368561981950562
                ],
                [
                    0.0,
                    0.0,
                    0.0,
                    1.0
                ]
            ],
            "is_bad": false,
            "mask_path": "DSC05856.png"
        },
        {
            "file_path": "DSC05803.JPG",
            "transform_matrix": [
                [
                    -0.7635018523063604,
                    0.06073126587834162,
                    -0.6429437260519547,
                    1.4140148234574845
                ],
                [
                    0.6457204304641866,
                    0.0556180740992231,
                    -0.7615456358713107,
                    2.5470347717366724
                ],
                [
                    -0.010490338693403045,
                    -0.9966034031540869,
                    -0.08167992174206698,
                    -1.4082990547872238
                ],
                [
                    0.0,
                    0.0,
                    0.0,
                    1.0
                ]
            ],
            "is_bad": true,
            "mask_path": "DSC05803.png"
        },
        {
            "file_path": "DSC05877.JPG",
            "transform_matrix": [
                [
                    0.1097752207670588,
                    -0.5999410484199728,
                    0.7924772169130716,
                    1.0730441108114972
                ],
                [
                    -0.9936945071974158,
                    -0.08454435714461546,
                    0.07364426685553355,
                    0.3688545087195951
                ],
                [
                    0.022817258188240565,
                    -0.7955645731779086,
                    -0.605438999927345,
                    -0.5019525341168574
                ],
                [
                    0.0,
                    0.0,
                    0.0,
                    1.0
                ]
            ],
            "is_bad": false,
            "mask_path": "DSC05877.png"
        },
        {
            "file_path": "DSC05883.JPG",
            "transform_matrix": [
                [
                    -0.45940325115560954,
                    0.2375877778445816,
                    0.8558625477531598,
                    1.309359240977912
                ],
                [
                    -0.8877471999759697,
                    -0.09112338335481698,
                    -0.45122216029445716,
                    0.5656112292310509
                ],
                [
                    -0.029215779340650186,
                    -0.9670825077648983,
                    0.252780263099542,
                    -1.8674228184622474
                ],
                [
                    0.0,
                    0.0,
                    0.0,
                    1.0
                ]
            ],
            "is_bad": false,
            "mask_path": "DSC05883.png"
        },
        {
            "file_path": "DSC05761.JPG",
            "transform_matrix": [
                [
                    0.9660652062122218,
                    0.08011348713171992,
                    0.24556027065821034,
                    0.8741291985203382
                ],
                [
                    -0.2556070365046436,
                    0.15963305329662694,
                    0.9535105301906792,
                    2.0217387842053096
                ],
                [
                    0.03718951781687414,
                    -0.9839202800404064,
                    0.17469350958108412,
                    -1.5648759417566969
                ],
                [
                    0.0,
                    0.0,
                    0.0,
                    1.0
                ]
            ],
            "is_bad": false,
            "mask_path": "DSC05761.png"
        },
        {
            "file_path": "DSC05710.JPG",
            "transform_matrix": [
                [
                    -0.9855733415026029,
                    -0.006850611328271503,
                    0.16911019379039152,
                    1.4557775971232116
                ],
                [
                    -0.149680179825479,
                    0.5016670595867412,
                    -0.8520129136891097,
                    0.7425717762317117
                ],
                [
                    -0.079000204346617,
                    -0.8650336585648116,
                    -0.4954550809742203,
                    -1.1535673405503122
                ],
                [
                    0.0,
                    0.0,
                    0.0,
                    1.0
                ]
            ],
            "is_bad": false,
            "mask_path": "DSC05710.png"
        },
        {
            "file_path": "DSC05781.JPG",
            "transform_matrix": [
                [
                    -0.048480408935890736,
                    0.6185476048929244,
                    -0.7842502855789317,
                    1.0273070815858918
                ],
                [
                    0.9978763213955746,
                    0.06419174544590983,
                    -0.011057441595745782,
                    2.3380607989392117
                ],
                [
                    0.04350284068247291,
                    -0.7831208593172795,
                    -0.6203460506481211,
                    -1.150786984694297
                ],
                [
                    0.0,
                    0.0,
                    0.0,
                    1.0
                ]
            ],
            "is_bad": false,
            "mask_path": "DSC05781.png"
        },
        {
            "file_path": "DSC05867.JPG",
            "transform_matrix": [
                [
                    -0.041192920026244355,
                    -0.6354280205567511,
                    0.7710605514685867,
                    1.123742079595769
                ],
                [
                    -0.9974298631084189,
                    -0.019127499283832065,
                    -0.06904930811145008,
                    0.4498740266738404
                ],
                [
                    0.05862432532007848,
                    -0.7719231629265159,
                    -0.6330069660108733,
                    -0.9997094899840225
                ],
                [
                    0.0,
                    0.0,
                    0.0,
                    1.0
                ]
            ],
            "is_bad": true,
            "mask_path": "DSC05867.png"
        },
        {
            "file_path": "DSC05734.JPG",
            "transform_matrix": [
                [
                    -0.18480901514429207,
                    0.16687238803837215,
                    0.9685036055853213,
                    1.2115299139108657
                ],
                [
                    -0.9827656682675772,
                    -0.035546838175160564,
                    -0.18140579806150509,
                    0.549443716932458
                ],
                [
                    0.004155622213270895,
                    -0.9853375200438272,
                    0.17056583010058227,
                    -1.4437836562592594
                ],
                [
                    0.0,
                    0.0,
                    0.0,
                    1.0
                ]
            ],
            "is_bad": false,
            "mask_path": "DSC05734.png"
        },
        {
            "file_path": "DSC05847.JPG",
            "transform_matrix": [
                [
                    0.510414880053118,
                    -0.5849201590918249,
                    0.6303531214393688,
                    0.8962603635674099
                ],
                [
                    -0.8565991747686231,
                    -0.2813993236467999,
                    0.43249540394880276,
                    1.7763759842347633
                ],
                [
                    -0.07559433845252934,
                    -0.7607120533678416,
                    -0.6446725276097991,
                    -1.128867804775432
                ],
                [
                    0.0,
                    0.0,
                    0.0,
                    1.0
                ]
            ],
            "is_bad": false,
            "mask_path": "DSC05847.png"
        },
        {
            "file_path": "DSC05842.JPG",
            "transform_matrix": [
                [
                    0.8914681843211079,
                    -0.056305384107173916,
                    0.4495711067937639,
                    1.2278803521809152
                ],
                [
                    -0.4511512666223698,
                    -0.20184738201829783,
                    0.869321671763329,
                    1.9629202118556748
                ],
                [
                    0.041797260296065494,
                    -0.977797186584673,
                    -0.2053427645154309,
                    -1.3544215370885029
                ],
                [
                    0.0,
                    0.0,
                    0.0,
                    1.0
                ]
            ],
            "is_bad": false,
            "mask_path": "DSC05842.png"
        },
        {
            "file_path": "DSC05865.JPG",
            "transform_matrix": [
                [
                    -0.6375636484258227,
                    -0.4173143084281812,
                    0.6475811626252442,
                    0.6844346462539032
                ],
                [
                    -0.7679511462160881,
                    0.4112003410426491,
                    -0.4910858545629333,
                    0.9789084489483852
                ],
                [
                    -0.06134844114850266,
                    -0.8104091852314596,
                    -0.5826433911588899,
                    -1.1561330121283449
                ],
                [
                    0.0,
                    0.0,
                    0.0,
                    1.0
                ]
            ],
            "is_bad": false,
            "mask_path": "DSC05865.png"
        },
        {
            "file_path": "DSC05815.JPG",
            "transform_matrix": [
                [
                    -0.17302529547464673,
                    0.29408737748148567,
                    0.9399866283793478,
                    1.0670804936285534
                ],
                [
                    -0.9828432133545083,
                    -0.113460605615869,
                    -0.14541632967540433,
                    2.411656982204488
                ],
                [
                    0.06388634508951682,
                    -0.949020181755553,
                    0.3086733379023211,
                    -1.5546672681900942
                ],
                [
                    0.0,
                    0.0,
                    0.0,
                    1.0
                ]
            ],
            "is_bad": true,
            "mask_path": "DSC05815.png"
        },
        {
            "file_path": "DSC05893.JPG",
            "transform_matrix": [
                [
                    -0.96212825392806,
                    -0.05309031958740471,
                    0.26737733815611503,
                    1.4122550440893251
                ],
                [
                    -0.27105187242374235,
                    0.2906108336915229,
                    -0.9176471139804784,
                    0.8333541955098434
                ],
                [
                    -0.028984572602085684,
                    -0.9553673436470521,
                    -0.29399512452394366,
                    -1.6620290174961279
                ],
                [
                    0.0,
                    0.0,
                    0.0,
                    1.0
                ]
            ],
            "is_bad": false,
            "mask_path": "DSC05893.png"
        },
        {
            "file_path": "DSC05720.JPG",
            "transform_matrix": [
                [
                    -0.9872917708606586,
                    -0.03258783112538056,
                    -0.15554096712239013,
                    1.5605254895964118
                ],
                [
                    0.15798719098617742,
                    -0.09548611849471389,
                    -0.9828135370756298,
                    0.7472028827002503
                ],
                [
                    0.017175758356527633,
                    -0.994897197924166,
                    0.09942111892108756,
                    -1.4159864829484614
                ],
                [
                    0.0,
                    0.0,
                    0.0,
                    1.0
                ]
            ],
            "is_bad": false,
            "mask_path": "DSC05720.png"
        },
        {
            "file_path": "DSC05805.JPG",
            "transform_matrix": [
                [
                    -0.5441326185833562,
                    -0.22819634517740134,
                    0.8073698789534423,
                    1.0659448044869584
                ],
                [
                    -0.8381676035693959,
                    0.1050148906223665,
                    -0.535207381371285,
                    2.562566847470729
                ],
                [
                    0.03734650881080572,
                    -0.9679350705472183,
                    -0.24840881120522987,
                    -1.3150408292652902
                ],
                [
                    0.0,
                    0.0,
                    0.0,
                    1.0
                ]
            ],
            "is_bad": false,
            "mask_path": "DSC05805.png"
        },
        {
            "file_path": "DSC05702.JPG",
            "transform_matrix": [
                [
                    -0.5762144605371748,
                    -0.36419933482173583,
                    0.7316664130484996,
                    1.2156035749223493
                ],
                [
                    -0.8172241566106274,
                    0.26882295414444285,
                    -0.5097831864401793,
                    0.6322976569903195
                ],
                [
                    -0.011026029199147613,
                    -0.8916799110894333,
                    -0.4525321677401942,
                    -1.1845549830084598
                ],
                [
                    0.0,
                    0.0,
                    0.0,
                    1.0
                ]
            ],
            "is_bad": false,
            "mask_path": "DSC05702.png"
        },
        {
            "file_path": "DSC05771.JPG",
            "transform_matrix": [
                [
                    0.8470017096998835,
                    0.003947395104805414,
                    -0.5315755090646677,
                    1.1537071157682708
                ],
                [
                    0.517142317492777,
                    0.22543154226714512,
                    0.8256781716923709,
                    2.0697254574911677
                ],
                [
                    0.123093164812974,
                    -0.974251013765417,
                    0.18889953666799483,
                    -1.585804985756607
                ],
                [
                    0.0,
                    0.0,
                    0.0,
                    1.0
                ]
            ],
            "is_bad": false,
            "mask_path": "DSC05771.png"
        },
        {
            "file_path": "DSC05758.JPG",
            "transform_matrix": [
                [
                    0.9933561264137718,
                    -0.059740247393407234,
                    0.09836009840174327,
                    0.9239014710526675
                ],
                [
                    -0.11196837256249215,
                    -0.3042833102259234,
                    0.9459781977739555,
                    1.9814593792164807
                ],
                [
                    -0.0265836352279554,
                    -0.9507064583557472,
                    -0.30895070865550367,
                    -1.2758188397324368
                ],
                [
                    0.0,
                    0.0,
                    0.0,
                    1.0
                ]
            ],
            "is_bad": false,
            "mask_path": "DSC05758.png"
        },
        {
            "file_path": "DSC05872.JPG",
            "transform_matrix": [
                [
                    0.0457109219911712,
                    -0.6141023356477955,
                    0.7879015376064697,
                    1.0928004173850452
                ],
                [
                    -0.9986722725040857,
                    -0.04684680314102952,
                    0.02142589944414217,
                    0.39315669763072836
                ],
                [
                    0.02375297333476225,
                    -0.7878348166889982,
                    -0.6154283856553662,
                    -0.7585488460720007
                ],
                [
                    0.0,
                    0.0,
                    0.0,
                    1.0
                ]
            ],
            "is_bad": false,
            "mask_path": "DSC05872.png"
        },
        {
            "file_path": "DSC05843.JPG",
            "transform_matrix": [
                [
                    0.5707082565561497,
                    -0.38339882129959824,
                    0.7261524837971147,
                    1.103890232379635
                ],
                [
                    -0.8205295858778325,
                    -0.23181407003869428,
                    0.5224877373022723,
                    2.0653911854184477
                ],
                [
                    -0.031988819887469086,
                    -0.8940176624419534,
                    -0.44688827982397683,
                    -1.1663428048540627
                ],
                [
                    0.0,
                    0.0,
                    0.0,
                    1.0
                ]
            ],
            "is_bad": false,
            "mask_path": "DSC05843.png"
        },
        {
            "file_path": "DSC05688.JPG",
            "transform_matrix": [
                [
                    -0.8758402725514531,
                    0.06296997800453037,
                    0.4784752855133748,
                    1.3417053337736449
                ],
                [
                    -0.48195123232588366,
                    -0.06269134168362986,
                    -0.8739524045035111,
                    0.7298956797261756
                ],
                [
                    -0.025036506077301006,
                    -0.9960444656480029,
                    0.08525606028562357,
                    -1.4124361841196418
                ],
                [
                    0.0,
                    0.0,
                    0.0,
                    1.0
                ]
            ],
            "is_bad": false,
            "mask_path": "DSC05688.png"
        },
        {
            "file_path": "DSC05799.JPG",
            "transform_matrix": [
                [
                    0.39484963044908467,
                    -0.08446018878573355,
                    -0.914855314158747,
                    1.0175355793429168
                ],
                [
                    0.9183861172977692,
                    0.06414335237994089,
                    0.39045175105279134,
                    2.2076902827436937
                ],
                [
                    0.025704258187106997,
                    -0.9943601494708751,
                    0.10289404382815148,
                    -1.4841040242557315
                ],
                [
                    0.0,
                    0.0,
                    0.0,
                    1.0
                ]
            ],
            "is_bad": false,
            "mask_path": "DSC05799.png"
        },
        {
            "file_path": "DSC05851.JPG",
            "transform_matrix": [
                [
                    0.3167009403219929,
                    -0.5988953568055262,
                    0.7355439252661573,
                    0.9173388100503866
                ],
                [
                    -0.9457631389012389,
                    -0.14024305753519917,
                    0.29302554480600196,
                    1.5645916360564942
                ],
                [
                    -0.07233670917895631,
                    -0.7884517971378846,
                    -0.610828260720801,
                    -1.1348956450239027
                ],
                [
                    0.0,
                    0.0,
                    0.0,
                    1.0
                ]
            ],
            "is_bad": false,
            "mask_path": "DSC05851.png"
        },
        {
            "file_path": "DSC05767.JPG",
            "transform_matrix": [
                [
                    0.9963453229796645,
                    0.04524033771957796,
                    -0.07245211673627866,
                    0.9941867416737517
                ],
                [
                    0.042029028477459124,
                    0.47877667339755264,
                    0.8769301327788974,
                    2.081357645339129
                ],
                [
                    0.07436099879499816,
                    -0.8767703284517516,
                    0.47512549184906744,
                    -1.7166950559563203
                ],
                [
                    0.0,
                    0.0,
                    0.0,
                    1.0
                ]
            ],
            "is_bad": true,
            "mask_path": "DSC05767.png"
        },
        {
            "file_path": "DSC05747.JPG",
            "transform_matrix": [
                [
                    0.9756148503807344,
                    0.014115910937166107,
                    -0.21903516789546185,
                    1.0379946255320731
                ],
                [
                    0.21777744135792756,
                    0.06214671204768963,
                    0.974017850050633,
                    2.027480208886236
                ],
                [
                    0.027361464730040575,
                    -0.9979671974769897,
                    0.05755712820972815,
                    -1.4205063527742623
                ],
                [
                    0.0,
                    0.0,
                    0.0,
                    1.0
                ]
            ],
            "is_bad": false,
            "mask_path": "DSC05747.png"
        },
        {
            "file_path": "DSC05859.JPG",
            "transform_matrix": [
                [
                    -0.2985608979898907,
                    -0.5734814942925235,
                    0.7628763765483134,
                    0.8213813737492242
                ],
                [
                    -0.9529533665475185,
                    0.22298222540408916,
                    -0.2053261024312072,
                    1.1684613120219902
                ],
                [
                    -0.0523571521114424,
                    -0.7882879568139133,
                    -0.613074894091191,
                    -1.1545368074826563
                ],
                [
                    0.0,
                    0.0,
                    0.0,
                    1.0
                ]
            ],
            "is_bad": false,
            "mask_path": "DSC05859.png"
        },
        {
            "file_path": "DSC05888.JPG",
            "transform_matrix": [
                [
                    -0.9797341904369922,
                    0.05034304363863343,
                    0.19387236534888075,
                    1.4289869451140715
                ],
                [
                    -0.19888424369789234,
                    -0.12954004602044314,
                    -0.9714239208943429,
                    0.7378808750853222
                ],
                [
                    -0.023790201711810167,
                    -0.9902953874648817,
                    0.1369272502765294,
                    -1.8235174645667507
                ],
                [
                    0.0,
                    0.0,
                    0.0,
                    1.0
                ]
            ],
            "is_bad": false,
            "mask_path": "DSC05888.png"
        },
        {
            "file_path": "DSC05823.JPG",
            "transform_matrix": [
                [
                    0.034383562055130275,
                    -0.2502816878232887,
                    0.9675623222308352,
                    1.0259377802052547
                ],
                [
                    -0.9994016441969706,
                    -0.01225122505113517,
                    0.03234595896147155,
                    2.3199524516127252
                ],
                [
                    0.003758222557509003,
                    -0.9680955449877208,
                    -0.2505531710797844,
                    -1.3356071170195718
                ],
                [
                    0.0,
                    0.0,
                    0.0,
                    1.0
                ]
            ],
            "is_bad": false,
            "mask_path": "DSC05823.png"
        },
        {
            "file_path": "DSC05735.JPG",
            "transform_matrix": [
                [
                    0.8164774001970145,
                    0.016331381714879186,
                    0.5771463773938182,
                    0.8059393673047363
                ],
                [
                    -0.5760396664075046,
                    -0.04496447860482528,
                    0.8161841081452935,
                    2.0367786490848956
                ],
                [
                    0.03928050015791553,
                    -0.9988550854028225,
                    -0.027304956917469883,
                    -1.396913907332982
                ],
                [
                    0.0,
                    0.0,
                    0.0,
                    1.0
                ]
            ],
            "is_bad": false,
            "mask_path": "DSC05735.png"
        },
        {
            "file_path": "DSC05778.JPG",
            "transform_matrix": [
                [
                    0.7275631167025407,
                    0.2597563560970002,
                    -0.634963421530165,
                    1.2462847586585895
                ],
                [
                    0.686036403694918,
                    -0.27877098862852046,
                    0.6720422521720052,
                    2.077989755848118
                ],
                [
                    -0.002442134195490715,
                    -0.9245611777304336,
                    -0.38102580570649736,
                    -1.2591071233238982
                ],
                [
                    0.0,
                    0.0,
                    0.0,
                    1.0
                ]
            ],
            "is_bad": true,
            "mask_path": "DSC05778.png"
        },
        {
            "file_path": "DSC05715.JPG",
            "transform_matrix": [
                [
                    -0.9856182078169674,
                    0.0797549856509378,
                    -0.14898285365600897,
                    1.5732697030265266
                ],
                [
                    0.16408261021557313,
                    0.2408031387193919,
                    -0.9566037556939309,
                    0.7472039593759948
                ],
                [
                    -0.04041838003326384,
                    -0.9672915747832751,
                    -0.25042636424461917,
                    -1.269188874243623
                ],
                [
                    0.0,
                    0.0,
                    0.0,
                    1.0
                ]
            ],
            "is_bad": false,
            "mask_path": "DSC05715.png"
        },
        {
            "file_path": "DSC05809.JPG",
            "transform_matrix": [
                [
                    -0.3513391913817647,
                    -0.04173051211796806,
                    0.9353177732501292,
                    1.0477407220830148
                ],
                [
                    -0.9350307259821298,
                    -0.03529165825956089,
                    -0.3528059527936316,
                    2.4633043061478377
                ],
                [
                    0.0477316883059829,
                    -0.9985054147152448,
                    -0.026619968365834197,
                    -1.4144784487359763
                ],
                [
                    0.0,
                    0.0,
                    0.0,
                    1.0
                ]
            ],
            "is_bad": false,
            "mask_path": "DSC05809.png"
        },
        {
            "file_path": "DSC05753.JPG",
            "transform_matrix": [
                [
                    0.9569117212621794,
                    0.11377329802167917,
                    -0.2671621125240689,
                    1.0630213493546792
                ],
                [
                    0.28872625307947325,
                    -0.2747709737325389,
                    0.9171357929863823,
                    2.007036410148307
                ],
                [
                    0.030937170099108326,
                    -0.954754706011624,
                    -0.29578090346558233,
                    -1.2845418316234805
                ],
                [
                    0.0,
                    0.0,
                    0.0,
                    1.0
                ]
            ],
            "is_bad": false,
            "mask_path": "DSC05753.png"
        },
        {
            "file_path": "DSC05785.JPG",
            "transform_matrix": [
                [
                    -0.3050585153588634,
                    0.3707751039411857,
                    -0.8771916121945355,
                    1.045015469296208
                ],
                [
                    0.9516749293638833,
                    0.1529394049182049,
                    -0.26631629173505916,
                    2.4390941826531622
                ],
                [
                    0.03541371241897522,
                    -0.9160433181464005,
                    -0.39951283865732995,
                    -1.26324982418597
                ],
                [
                    0.0,
                    0.0,
                    0.0,
                    1.0
                ]
            ],
            "is_bad": true,
            "mask_path": "DSC05785.png"
        },
        {
            "file_path": "DSC05696.JPG",
            "transform_matrix": [
                [
                    -0.5011046696254637,
                    -0.12153542326551986,
                    0.856809926979857,
                    1.1853281639057536
                ],
                [
                    -0.865358880993588,
                    0.06243695146371882,
                    -0.49724806100923774,
                    0.6071689294386743
                ],
                [
                    0.006936653738243513,
                    -0.9906214049694212,
                    -0.13645920581378218,
                    -1.325216027949318
                ],
                [
                    0.0,
                    0.0,
                    0.0,
                    1.0
                ]
            ],
            "is_bad": false,
            "mask_path": "DSC05696.png"
        },
        {
            "file_path": "DSC05774.JPG",
            "transform_matrix": [
                [
                    0.7550878107360869,
                    0.07797081841926301,
                    -0.6509707747301826,
                    1.2233065301820125
                ],
                [
                    0.6539458988638489,
                    -0.01858221957141671,
                    0.7563130717334936,
                    2.066144973381806
                ],
                [
                    0.046873867313635666,
                    -0.9967824499813539,
                    -0.06501990443113326,
                    -1.4309966144279376
                ],
                [
                    0.0,
                    0.0,
                    0.0,
                    1.0
                ]
            ],
            "is_bad": false,
            "mask_path": "DSC05774.png"
        },
        {
            "file_path": "DSC05730.JPG",
            "transform_matrix": [
                [
                    -0.583500021197401,
                    0.209423075327202,
                    0.7846462265142994,
                    1.2621351590365513
                ],
                [
                    -0.8121039525009651,
                    -0.15505960066596455,
                    -0.562533279525417,
                    0.65497481716205
                ],
                [
                    0.003859481175253716,
                    -0.9654524823945547,
                    0.26055058749357934,
                    -1.4728040679757581
                ],
                [
                    0.0,
                    0.0,
                    0.0,
                    1.0
                ]
            ],
            "is_bad": false,
            "mask_path": "DSC05730.png"
        },
        {
            "file_path": "DSC05706.JPG",
            "transform_matrix": [
                [
                    -0.8265472658613773,
                    -0.24479098682162403,
                    0.5068500666548016,
                    1.311115402442114
                ],
                [
                    -0.5605671972724808,
                    0.4393200624386432,
                    -0.7019702985746488,
                    0.7006501641804188
                ],
                [
                    -0.05083340082225965,
                    -0.8643351523048233,
                    -0.5003405938468725,
                    -1.1580691145056534
                ],
                [
                    0.0,
                    0.0,
                    0.0,
                    1.0
                ]
            ],
            "is_bad": false,
            "mask_path": "DSC05706.png"
        },
        {
            "file_path": "DSC05742.JPG",
            "transform_matrix": [
                [
                    0.9826933700826207,
                    0.05471900423151403,
                    0.17697336232205169,
                    0.9129814027751533
                ],
                [
                    -0.18355516917062134,
                    0.159094358532061,
                    0.9700497332374336,
                    2.0358890127996285
                ],
                [
                    0.02492469190190964,
                    -0.9857458169625594,
                    0.16638492742556762,
                    -1.4509711843941273
                ],
                [
                    0.0,
                    0.0,
                    0.0,
                    1.0
                ]
            ],
            "is_bad": false,
            "mask_path": "DSC05742.png"
        },
        {
            "file_path": "DSC05723.JPG",
            "transform_matrix": [
                [
                    -0.9926958949710115,
                    0.00676750915931439,
                    0.12045356336564382,
                    1.4645332350641882
                ],
                [
                    -0.1172083434042282,
                    -0.2906589361267911,
                    -0.9496207596120034,
                    0.7463590028073842
                ],
                [
                    0.02858433739198968,
                    -0.9568027924653129,
                    0.28932914126724324,
                    -1.4853794271448275
                ],
                [
                    0.0,
                    0.0,
                    0.0,
                    1.0
                ]
            ],
            "is_bad": false,
            "mask_path": "DSC05723.png"
        },
        {
            "file_path": "DSC05819.JPG",
            "transform_matrix": [
                [
                    -0.007139120704281874,
                    0.013810838527205218,
                    0.9998791395437477,
                    1.027819982012252
                ],
                [
                    -0.9999716989811227,
                    -0.0024720789447563838,
                    -0.007105635967164475,
                    2.3538000630168407
                ],
                [
                    0.002373645377191618,
                    -0.9999015699381948,
                    0.013828096136380478,
                    -1.447364403078103
                ],
                [
                    0.0,
                    0.0,
                    0.0,
                    1.0
                ]
            ],
            "is_bad": false,
            "mask_path": "DSC05819.png"
        },
        {
            "file_path": "DSC05869.JPG",
            "transform_matrix": [
                [
                    0.04429012178136634,
                    -0.6481744554515951,
                    0.7602027758516935,
                    1.1058439156335373
                ],
                [
                    -0.9986714901827461,
                    -0.04878678078014178,
                    0.016586280996200298,
                    0.4054242307008203
                ],
                [
                    0.026337042521252543,
                    -0.759927447406092,
                    -0.6494741217863079,
                    -0.8718358185422456
                ],
                [
                    0.0,
                    0.0,
                    0.0,
                    1.0
                ]
            ],
            "is_bad": true,
            "mask_path": "DSC05869.png"
        },
        {
            "file_path": "DSC05879.JPG",
            "transform_matrix": [
                [
                    0.13192111047917968,
                    -0.5825264901515692,
                    0.8020347304709653,
