{
    "fl_x": 625.2848902342785,
    "fl_y": 625.4320762578611,
    "cx": 876.0,
    "cy": 584.0,
    "w": 1752,
    "h": 1168,
    "k1": 0.0,
    "k2": 0.0,
    "k3": 0.0,
    "k4": 0.0,
    "camera_model": "PINHOLE",
    "has_mask": false,
    "aabb_range": [
        [
            0.042936380952596664,
            0.0014928423333913088,
            -3.3520843982696533
        ],
        [
            4.391245365142822,
            5.521748065948486,
            -0.026530146598815918
        ]
    ],
    "frames": [
        {
            "file_path": "DSC01647.JPG",
            "transform_matrix": [
                [
                    -0.10573939144484355,
                    -0.2657069290637446,
                    0.9582374491452459,
                    3.27924953203246
                ],
                [
                    -0.9932423698563246,
                    0.07458291011875151,
                    -0.08892122491513675,
                    1.5528309968077583
                ],
                [
                    -0.047841151941234124,
                    -0.961164511083161,
                    -0.2717977314386617,
                    -1.3411687296963621
                ],
                [
                    0.0,
                    0.0,
                    0.0,
                    1.0
                ]
            ],
            "is_bad": false,
            "mask_path": "DSC01647.png"
        },
        {
            "file_path": "DSC01738.JPG",
            "transform_matrix": [
                [
                    0.21626686204282175,
                    0.33957317216723315,
                    -0.9153789953491581,
                    0.8765141111000294
                ],
                [
                    0.9721069048413796,
                    0.012260369640456271,
                    0.23421752474140908,
                    4.331269991987888
                ],
                [
                    0.09075687269768787,
                    -0.940499731036943,
                    -0.32744991369303134,
                    -0.7305922940339771
                ],
                [
                    0.0,
                    0.0,
                    0.0,
                    1.0
                ]
            ],
            "is_bad": false,
            "mask_path": "DSC01738.png"
        },
        {
            "file_path": "DSC01607.JPG",
            "transform_matrix": [
                [
                    0.9639307525752275,
                    0.11437862425927288,
                    0.24032277160583854,
                    3.253500990323571
                ],
                [
                    -0.26554789031095094,
                    0.3524435844332275,
                    0.8973671699718361,
                    4.479148736085035
                ],
                [
                    0.017939403311125948,
                    -0.9288170164808648,
                    0.3701042119517502,
                    -1.7951953625519284
                ],
                [
                    0.0,
                    0.0,
                    0.0,
                    1.0
                ]
            ],
            "is_bad": false,
            "mask_path": "DSC01607.png"
        },
        {
            "file_path": "DSC01488.JPG",
            "transform_matrix": [
                [
                    -0.17546971806149478,
                    0.48274159736892264,
                    -0.8580040374107339,
                    1.0873230494954822
                ],
                [
                    0.9842884405436977,
                    0.10343143280125577,
                    -0.1431020772760997,
                    2.14331143671822
                ],
                [
                    0.019663261567579075,
                    -0.8696335371168593,
                    -0.49330605841216335,
                    -1.4173967603576962
                ],
                [
                    0.0,
                    0.0,
                    0.0,
                    1.0
                ]
            ],
            "is_bad": true,
            "mask_path": "DSC01488.png"
        },
        {
            "file_path": "DSC01638.JPG",
            "transform_matrix": [
                [
                    -0.9860604997771006,
                    -0.052107193106987366,
                    0.15801750284650726,
                    3.534216968545705
                ],
                [
                    -0.16406605189816695,
                    0.4625722960173227,
                    -0.871268730973292,
                    3.0667052154560266
                ],
                [
                    -0.027695151089727466,
                    -0.8850489881265181,
                    -0.4646732908424409,
                    -1.3490931519928717
                ],
                [
                    0.0,
                    0.0,
                    0.0,
                    1.0
                ]
            ],
            "is_bad": false,
            "mask_path": "DSC01638.png"
        },
        {
            "file_path": "DSC01668.JPG",
            "transform_matrix": [
                [
                    -0.6726793101367601,
                    0.09135769428088154,
                    -0.7342726451459394,
                    1.8358460816433573
                ],
                [
                    0.7398212251115864,
                    0.10037769454900834,
                    -0.6652735327002102,
                    0.9889833375282703
                ],
                [
                    0.012926739276563924,
                    -0.9907462289268167,
                    -0.13511035962859705,
                    -1.4959539871646819
                ],
                [
                    0.0,
                    0.0,
                    0.0,
                    1.0
                ]
            ],
            "is_bad": true,
            "mask_path": "DSC01668.png"
        },
        {
            "file_path": "DSC01695.JPG",
            "transform_matrix": [
                [
                    -0.30626693570625124,
                    0.2849935625683422,
                    -0.9082836745134789,
                    1.3235675349323397
                ],
                [
                    0.9515510198713072,
                    0.0641807945806224,
                    -0.30071827711144383,
                    3.373450952388701
                ],
                [
                    -0.027408405188521855,
                    -0.9563783220575446,
                    -0.29084237040606276,
                    -1.512983406495994
                ],
                [
                    0.0,
                    0.0,
                    0.0,
                    1.0
                ]
            ],
            "is_bad": false,
            "mask_path": "DSC01695.png"
        },
        {
            "file_path": "DSC01778.JPG",
            "transform_matrix": [
                [
                    -0.9994933450395245,
                    0.029881454482603865,
                    -0.010961382198691532,
                    2.263741827285392
                ],
                [
                    0.025102408928883792,
                    0.5283234130953388,
                    -0.8486720451630645,
                    2.272686291470373
                ],
                [
                    -0.01956840023274336,
                    -0.8485172183599434,
                    -0.5288058319071709,
                    -1.4016064722345314
                ],
                [
                    0.0,
                    0.0,
                    0.0,
                    1.0
                ]
            ],
            "is_bad": false,
            "mask_path": "DSC01778.png"
        },
        {
            "file_path": "DSC01751.JPG",
            "transform_matrix": [
                [
                    0.4688178050236429,
                    -0.20808081708930612,
                    -0.8584359261192765,
                    1.3127309383852512
                ],
                [
                    0.8832918004916107,
                    0.10786948565866283,
                    0.4562452950420685,
                    4.4658883875147675
                ],
                [
                    -0.0023368519641009024,
                    -0.972145332562566,
                    0.23436721507010236,
                    -1.7276542285738314
                ],
                [
                    0.0,
                    0.0,
                    0.0,
                    1.0
                ]
            ],
            "is_bad": true,
            "mask_path": "DSC01751.png"
        },
        {
            "file_path": "DSC01676.JPG",
            "transform_matrix": [
                [
                    -0.9966850814476267,
                    0.04625764740763624,
                    -0.06692591781999337,
                    1.2488641478317082
                ],
                [
                    0.07815451052597061,
                    0.31588451132052053,
                    -0.9455732906508314,
                    1.1778943567720708
                ],
                [
                    -0.02259913503175859,
                    -0.9476693545557472,
                    -0.3184526236847635,
                    -0.6972753727388591
                ],
                [
                    0.0,
                    0.0,
                    0.0,
                    1.0
                ]
            ],
            "is_bad": false,
            "mask_path": "DSC01676.png"
        },
        {
            "file_path": "DSC01765.JPG",
            "transform_matrix": [
                [
                    -0.1433018203213361,
                    0.23377439218672422,
                    -0.9616725647798839,
                    0.9744377329613007
                ],
                [
                    0.988880988368836,
                    -0.005192195375362358,
                    -0.14861841053469133,
                    2.853795730919087
                ],
                [
                    -0.039736370433967404,
                    -0.97227700510961,
                    -0.23043100095217828,
                    -0.7640391025512704
                ],
                [
                    0.0,
                    0.0,
                    0.0,
                    1.0
                ]
            ],
            "is_bad": false,
            "mask_path": "DSC01765.png"
        },
        {
            "file_path": "DSC01653.JPG",
            "transform_matrix": [
                [
                    -0.9799000608496624,
                    -0.07343396142440427,
                    0.1854813307488032,
                    3.8463297734796345
                ],
                [
                    -0.1989146396773934,
                    0.2891668459025315,
                    -0.936384270133151,
                    2.0543499402044674
                ],
                [
                    0.01512735498494094,
                    -0.9544579553549231,
                    -0.29796169987241417,
                    -0.8382749759076586
                ],
                [
                    0.0,
                    0.0,
                    0.0,
                    1.0
                ]
            ],
            "is_bad": false,
            "mask_path": "DSC01653.png"
        },
        {
            "file_path": "DSC01642.JPG",
            "transform_matrix": [
                [
                    -0.9443205697801085,
                    0.09847399194450332,
                    0.3139451136754414,
                    3.41166920289617
                ],
                [
                    -0.3290244658561387,
                    -0.27899759170500577,
                    -0.9021658631819819,
                    2.3318362110817166
                ],
                [
                    -0.001249943300585606,
                    -0.955229405291379,
                    0.29586351736641053,
                    -1.6919665293160429
                ],
                [
                    0.0,
                    0.0,
                    0.0,
                    1.0
                ]
            ],
            "is_bad": true,
            "mask_path": "DSC01642.png"
        },
        {
            "file_path": "DSC01506.JPG",
            "transform_matrix": [
                [
                    -0.9835353866912115,
                    -0.07295349454982862,
                    -0.16533581208902756,
                    2.581767405767885
                ],
                [
                    0.17942911430882727,
                    -0.28524481487973363,
                    -0.9415097389419705,
                    1.3000670272798547
                ],
                [
                    0.021525242496189284,
                    -0.955674203490497,
                    0.2936383502172107,
                    -1.6652460671622598
                ],
                [
                    0.0,
                    0.0,
                    0.0,
                    1.0
                ]
            ],
            "is_bad": true,
            "mask_path": "DSC01506.png"
        },
        {
            "file_path": "DSC01576.JPG",
            "transform_matrix": [
                [
                    0.13593871850287778,
                    0.40531894510868965,
                    0.9040117352931727,
                    3.14592251945682
                ],
                [
                    -0.9897389733267653,
                    0.09610023750912197,
                    0.105742654727266,
                    3.657656828378873
                ],
                [
                    -0.04401624120565956,
                    -0.9091101677391297,
                    0.414223699736575,
                    -1.7025503264964545
                ],
                [
                    0.0,
                    0.0,
                    0.0,
                    1.0
                ]
            ],
            "is_bad": false,
            "mask_path": "DSC01576.png"
        },
        {
            "file_path": "DSC01495.JPG",
            "transform_matrix": [
                [
                    0.17087496351793025,
                    -0.266412126682726,
                    -0.9485917591878674,
                    1.6791837879105984
                ],
                [
                    0.9849592554770221,
                    0.07123287024576692,
                    0.15742027584367863,
                    1.7044212158687557
                ],
                [
                    0.025632243227937366,
                    -0.9612234167730916,
                    0.2745770040519908,
                    -1.705739770738604
                ],
                [
                    0.0,
                    0.0,
                    0.0,
                    1.0
                ]
            ],
            "is_bad": false,
            "mask_path": "DSC01495.png"
        },
        {
            "file_path": "DSC01715.JPG",
            "transform_matrix": [
                [
                    0.9875865988731131,
                    0.10076292419251574,
                    -0.12049706566721834,
                    0.7236237231175567
                ],
                [
                    0.14866257573964184,
                    -0.35190928333852556,
                    0.9241532853778212,
                    4.18185512100464
                ],
                [
                    0.05071635141344387,
                    -0.9305948040948533,
                    -0.3625205680936866,
                    -1.4368497944604903
                ],
                [
                    0.0,
                    0.0,
                    0.0,
                    1.0
                ]
            ],
            "is_bad": false,
            "mask_path": "DSC01715.png"
        },
        {
            "file_path": "DSC01683.JPG",
            "transform_matrix": [
                [
                    -0.9980265428821629,
                    -0.007957771381746744,
                    0.062287186301151654,
                    1.23148406551235
                ],
                [
                    -0.056636078732311475,
                    0.5424517887220293,
                    -0.8381756447774528,
                    1.3184174009403196
                ],
                [
                    -0.027117785464634666,
                    -0.8400492430726351,
                    -0.5418319803450028,
                    -1.3309270320508373
                ],
                [
                    0.0,
                    0.0,
                    0.0,
                    1.0
                ]
            ],
            "is_bad": false,
            "mask_path": "DSC01683.png"
        },
        {
            "file_path": "DSC01547.JPG",
            "transform_matrix": [
                [
                    0.33026206638238276,
                    0.46212689771272736,
                    0.8230222949101985,
                    3.7071809774608164
                ],
                [
                    -0.9411029121591769,
                    0.2281674023095851,
                    0.24952944765861482,
                    1.5630987903129998
                ],
                [
                    -0.0724725895380872,
                    -0.856958789518905,
                    0.5102640069923974,
                    -1.7912685030909918
                ],
                [
                    0.0,
                    0.0,
                    0.0,
                    1.0
                ]
            ],
            "is_bad": false,
            "mask_path": "DSC01547.png"
        },
        {
            "file_path": "DSC01689.JPG",
            "transform_matrix": [
                [
                    -0.4678584550295688,
                    0.46172201731281354,
                    -0.7536054967859053,
                    1.1480260442747836
                ],
                [
                    0.8837507541400715,
                    0.23509930423506514,
                    -0.4046145347179745,
                    2.804930623782074
                ],
                [
                    -0.009647311241981624,
                    -0.8553017572043067,
                    -0.5180403782612183,
                    -1.3701466861018474
                ],
                [
                    0.0,
                    0.0,
                    0.0,
                    1.0
                ]
            ],
            "is_bad": false,
            "mask_path": "DSC01689.png"
        },
        {
            "file_path": "DSC01593.JPG",
            "transform_matrix": [
                [
                    -0.40341077701578687,
                    -0.4846298540943767,
                    0.776140225415474,
                    3.328335779761839
                ],
                [
                    -0.9101353415604456,
                    0.3000406619860246,
                    -0.285708349891356,
                    4.048665556714132
                ],
                [
                    -0.09441083110624794,
                    -0.821650476586883,
                    -0.5621183943746881,
                    -1.299990491825305
                ],
                [
                    0.0,
                    0.0,
                    0.0,
                    1.0
                ]
            ],
            "is_bad": false,
            "mask_path": "DSC01593.png"
        },
        {
            "file_path": "DSC01615.JPG",
            "transform_matrix": [
                [
                    0.08732156830441393,
                    -0.4757703239253567,
                    0.8752242813021236,
                    3.028391607374918
                ],
                [
                    -0.9960625234667695,
                    -0.028196834102266775,
                    0.084049913097043,
                    4.8350042706449585
                ],
                [
                    -0.015309900517926583,
                    -0.8791174764606665,
                    -0.4763591812147225,
                    -1.415617040248268
                ],
                [
                    0.0,
                    0.0,
                    0.0,
                    1.0
                ]
            ],
            "is_bad": false,
            "mask_path": "DSC01615.png"
        },
        {
            "file_path": "DSC01522.JPG",
            "transform_matrix": [
                [
                    -0.11014731118352358,
                    0.21444294086218282,
                    0.970505947922741,
                    2.2911813375949963
                ],
                [
                    -0.9936325733288877,
                    -0.00047076263593915404,
                    -0.1126680416194091,
                    1.7892226138699494
                ],
                [
                    -0.023703988247810177,
                    -0.9767364043061559,
                    0.21312934439965978,
                    -1.6534711255051993
                ],
                [
                    0.0,
                    0.0,
                    0.0,
                    1.0
                ]
            ],
            "is_bad": false,
            "mask_path": "DSC01522.png"
        },
        {
            "file_path": "DSC01788.JPG",
            "transform_matrix": [
                [
                    -0.9789246787149847,
                    0.1273454994575934,
                    0.15965461838186454,
                    3.024419721610145
                ],
                [
                    -0.203713515806824,
                    -0.664017522086844,
                    -0.7194313962006869,
                    1.5732073928211268
                ],
                [
                    0.014397113612995909,
                    -0.7367929520085971,
                    0.6759651388866672,
                    -1.7910782816045823
                ],
                [
                    0.0,
                    0.0,
                    0.0,
                    1.0
                ]
            ],
            "is_bad": false,
            "mask_path": "DSC01788.png"
        },
        {
            "file_path": "DSC01658.JPG",
            "transform_matrix": [
                [
                    -0.13294438797691938,
                    -0.17272292342342482,
                    0.9759572641409598,
                    3.554911202616706
                ],
                [
                    -0.9847559230638608,
                    0.13445971562163975,
                    -0.1103465308271583,
                    1.6351955467392214
                ],
                [
                    -0.11216756080116726,
                    -0.9757496485262052,
                    -0.1879655864909919,
                    -0.8248369933527824
                ],
                [
                    0.0,
                    0.0,
                    0.0,
                    1.0
                ]
            ],
            "is_bad": false,
            "mask_path": "DSC01658.png"
        },
        {
            "file_path": "DSC01540.JPG",
            "transform_matrix": [
                [
                    -0.698303665383337,
                    -0.24381712246078466,
                    0.6729971780825974,
                    3.5886036640310173
                ],
                [
                    -0.7144354679004254,
                    0.2954640269051073,
                    -0.6342578111548323,
                    1.9326324332556444
                ],
                [
                    -0.04420354191801088,
                    -0.9237176081465379,
                    -0.38051521294416335,
                    -1.2369153789372966
                ],
                [
                    0.0,
                    0.0,
                    0.0,
                    1.0
                ]
            ],
            "is_bad": true,
            "mask_path": "DSC01540.png"
        },
        {
            "file_path": "DSC01470.JPG",
            "transform_matrix": [
                [
                    0.9104140973619608,
                    -0.20648350948810065,
                    -0.35848393497349795,
                    1.2097808441440205
                ],
                [
                    0.4134559264090424,
                    0.4837859418395547,
                    0.7713659049994726,
                    1.680068194366832
                ],
                [
                    0.014155148951747572,
                    -0.8504797015731134,
                    0.5258173722598575,
                    -1.80572909863491
                ],
                [
                    0.0,
                    0.0,
                    0.0,
                    1.0
                ]
            ],
            "is_bad": false,
            "mask_path": "DSC01470.png"
        },
        {
            "file_path": "DSC01588.JPG",
            "transform_matrix": [
                [
                    0.4708383664393679,
                    -0.58391930398007,
                    0.6613240348937415,
                    3.371951555629242
                ],
                [
                    -0.8576131494135579,
                    -0.12713645944567586,
                    0.4983332285053627,
                    3.5759823217121545
                ],
                [
                    -0.2069079955962737,
                    -0.8017945916000239,
                    -0.5606375961700077,
                    -1.2691715910297732
                ],
                [
                    0.0,
                    0.0,
                    0.0,
                    1.0
                ]
            ],
            "is_bad": false,
            "mask_path": "DSC01588.png"
        },
        {
            "file_path": "DSC01762.JPG",
            "transform_matrix": [
                [
                    0.011160073137721441,
                    0.6597752760469929,
                    -0.7513800888263376,
                    1.438990670222393
                ],
                [
                    0.9998105379499692,
                    0.004621893422941552,
                    0.0189083660156065,
                    4.682755314776212
                ],
                [
                    0.015948071098220048,
                    -0.7514487495620051,
                    -0.6595986930019986,
                    -1.335589023137754
                ],
                [
                    0.0,
                    0.0,
                    0.0,
                    1.0
                ]
            ],
            "is_bad": false,
            "mask_path": "DSC01762.png"
        },
        {
            "file_path": "DSC01512.JPG",
            "transform_matrix": [
                [
                    0.4252695156333108,
                    0.46409561946116074,
                    0.7770206529236986,
                    2.165033941151385
                ],
                [
                    -0.9038665385200806,
                    0.26197747701701707,
                    0.3382204637208195,
                    1.091430074431691
                ],
                [
                    -0.04659527461811108,
                    -0.846157820700583,
                    0.5308915358625556,
                    -1.8085372279353993
                ],
                [
                    0.0,
                    0.0,
                    0.0,
                    1.0
                ]
            ],
            "is_bad": false,
            "mask_path": "DSC01512.png"
        },
        {
            "file_path": "DSC01774.JPG",
            "transform_matrix": [
                [
                    -0.6017596376326606,
                    0.3351393034540398,
                    -0.7249599891004668,
                    1.522120512508948
                ],
                [
                    0.7984120097948889,
                    0.2290342228056242,
                    -0.5568496991101907,
                    1.978555199649222
                ],
                [
                    -0.0205815726195819,
                    -0.913906435070989,
                    -0.40540279575298954,
                    -1.3812788800975726
                ],
                [
                    0.0,
                    0.0,
                    0.0,
                    1.0
                ]
            ],
            "is_bad": false,
            "mask_path": "DSC01774.png"
        },
        {
            "file_path": "DSC01640.JPG",
            "transform_matrix": [
                [
                    -0.9969638300799543,
                    -0.04344226231424501,
                    -0.06462113707857811,
                    3.666634546775734
                ],
                [
                    0.06885336648285552,
                    -0.1042673886946824,
                    -0.9921630539275131,
                    2.6892974163171197
                ],
                [
                    0.03636393042955688,
                    -0.993600061141208,
                    0.10694196119345302,
                    -1.6099498381656776
                ],
                [
                    0.0,
                    0.0,
                    0.0,
                    1.0
                ]
            ],
            "is_bad": false,
            "mask_path": "DSC01640.png"
        },
        {
            "file_path": "DSC01672.JPG",
            "transform_matrix": [
                [
                    -0.6970981052276529,
                    0.14728130132087963,
                    -0.7016854351981691,
                    1.596685741116127
                ],
                [
                    0.7167781051252259,
                    0.16613685522787042,
                    -0.677220564770507,
                    1.086218066298931
                ],
                [
                    0.01683388550236203,
                    -0.9750419291580346,
                    -0.22138169906898683,
                    -0.9296518871823766
                ],
                [
                    0.0,
                    0.0,
                    0.0,
                    1.0
                ]
            ],
            "is_bad": false,
            "mask_path": "DSC01672.png"
        },
        {
            "file_path": "DSC01645.JPG",
            "transform_matrix": [
                [
                    0.061497346407113074,
                    0.0877165369420737,
                    0.9942453849688085,
                    3.2558013233230843
                ],
                [
                    -0.9980656781913712,
                    -0.0036868714890758336,
                    0.06205891551600503,
                    1.889819872240204
                ],
                [
                    0.009109248118431394,
                    -0.9961386530626715,
                    0.08732013211856639,
                    -1.5973007263617305
                ],
                [
                    0.0,
                    0.0,
                    0.0,
                    1.0
                ]
            ],
            "is_bad": false,
            "mask_path": "DSC01645.png"
        },
        {
            "file_path": "DSC01662.JPG",
            "transform_matrix": [
                [
                    -0.20698640839726554,
                    -0.34286387421725856,
                    0.9162974356045818,
                    2.860819028552485
                ],
                [
                    -0.9779895095173766,
                    0.09771659971218023,
                    -0.18435830714847545,
                    1.397968183162591
                ],
                [
                    -0.026327666299208522,
                    -0.9342889434738174,
                    -0.3555432801921819,
                    -1.3629390302881705
                ],
                [
                    0.0,
                    0.0,
                    0.0,
                    1.0
                ]
            ],
            "is_bad": false,
            "mask_path": "DSC01662.png"
        },
        {
            "file_path": "DSC01726.JPG",
            "transform_matrix": [
                [
                    0.031316413293517774,
                    0.10756581787541498,
                    -0.9937046226536447,
                    1.1517230702694217
                ],
                [
                    0.9989502274348595,
                    -0.03662288645965249,
                    0.027517399862739135,
                    4.124402725283126
                ],
                [
                    -0.03343239994783588,
                    -0.993523205069794,
                    -0.10859979567923453,
                    -1.5424647109641179
                ],
                [
                    0.0,
                    0.0,
                    0.0,
                    1.0
                ]
            ],
            "is_bad": false,
            "mask_path": "DSC01726.png"
        },
        {
            "file_path": "DSC01502.JPG",
            "transform_matrix": [
                [
                    -0.9955425872737675,
                    0.06220230603314387,
                    -0.07089308886212131,
                    2.280542405112114
                ],
                [
                    0.09121509378181808,
                    0.4439472548060153,
                    -0.8913981386656455,
                    1.3365191676819927
                ],
                [
                    -0.023974227633597387,
                    -0.8938913290072583,
                    -0.4476421878409259,
                    -1.380721225942803
                ],
                [
                    0.0,
                    0.0,
                    0.0,
                    1.0
                ]
            ],
            "is_bad": false,
            "mask_path": "DSC01502.png"
        },
        {
            "file_path": "DSC01618.JPG",
            "transform_matrix": [
                [
                    0.8642451008542947,
                    -0.3008070215816883,
                    0.4032313745438261,
                    3.2089765671589436
                ],
                [
                    -0.502115735706621,
                    -0.46641540672135,
                    0.728242031421392,
                    4.4735303172602325
                ],
                [
                    -0.030986990901799412,
                    -0.8318484261811829,
                    -0.5541371691690968,
                    -1.3551518862031835
                ],
                [
                    0.0,
                    0.0,
                    0.0,
                    1.0
                ]
            ],
            "is_bad": true,
            "mask_path": "DSC01618.png"
        },
        {
            "file_path": "DSC01741.JPG",
            "transform_matrix": [
                [
                    0.3107891796863711,
                    0.3536913605192572,
                    -0.8822202147332097,
                    0.9066544009380523
                ],
                [
                    0.9477016075648835,
                    -0.04440888319721381,
                    0.31605302420972303,
                    4.2775233869803655
                ],
                [
                    0.07260680965865454,
                    -0.9343073758604361,
                    -0.34899567132556086,
                    -1.1105335299169343
                ],
                [
                    0.0,
                    0.0,
                    0.0,
                    1.0
                ]
            ],
            "is_bad": false,
            "mask_path": "DSC01741.png"
        },
        {
            "file_path": "DSC01572.JPG",
            "transform_matrix": [
                [
                    0.8901294743139195,
                    0.12060422582207574,
                    0.43945891693249506,
                    3.3761699100438025
                ],
                [
                    -0.45569125221693907,
                    0.2437627972159926,
                    0.8561104959912542,
                    3.3263202442372286
                ],
                [
                    -0.0038731912657965725,
                    -0.9623067699061936,
                    0.2719387412306793,
                    -1.583719843685848
                ],
                [
                    0.0,
                    0.0,
                    0.0,
                    1.0
                ]
            ],
            "is_bad": true,
            "mask_path": "DSC01572.png"
        },
        {
            "file_path": "DSC01474.JPG",
            "transform_matrix": [
                [
                    -0.4044134638005428,
                    -0.4878883946869792,
                    -0.7735726627968507,
                    1.4288544002796841
                ],
                [
                    0.9141698170816929,
                    -0.19042786236961526,
                    -0.3578138828639311,
                    1.970790381346069
                ],
                [
                    0.027263452343222794,
                    -0.851881531413319,
                    0.5230244359523056,
                    -1.7933751328436942
                ],
                [
                    0.0,
                    0.0,
                    0.0,
                    1.0
                ]
            ],
            "is_bad": true,
            "mask_path": "DSC01474.png"
        },
        {
            "file_path": "DSC01580.JPG",
            "transform_matrix": [
                [
                    0.9814848944998313,
                    0.12482162657065034,
                    0.1452823575280659,
                    3.4830590238649037
                ],
                [
                    -0.19123766813158208,
                    0.59603260492213,
                    0.7798546583545778,
                    3.591104996591144
                ],
                [
                    0.010749704937835692,
                    -0.7931990263546707,
                    0.6088675951582182,
                    -1.8155581334885138
                ],
                [
                    0.0,
                    0.0,
                    0.0,
                    1.0
                ]
            ],
            "is_bad": false,
            "mask_path": "DSC01580.png"
        },
        {
            "file_path": "DSC01666.JPG",
            "transform_matrix": [
                [
                    -0.9995088568339165,
                    0.02155060033094028,
                    -0.02275119196730222,
                    1.7453962929461047
                ],
                [
                    0.030416369235481626,
                    0.49240892679868664,
                    -0.869832336310565,
                    1.2557535015412176
                ],
                [
                    -0.00754251901474689,
                    -0.8700971327583727,
                    -0.49282257453628314,
                    -1.2699699809294107
                ],
                [
                    0.0,
                    0.0,
                    0.0,
                    1.0
                ]
            ],
            "is_bad": true,
            "mask_path": "DSC01666.png"
        },
        {
            "file_path": "DSC01465.JPG",
            "transform_matrix": [
                [
                    0.5956827548130454,
                    0.20696440040846395,
                    -0.7760977983359482,
                    1.3811693451031701
