{
    "fl_x": 464.58827228087347,
    "fl_y": 465.97340638517954,
    "cx": 876.0,
    "cy": 584.0,
    "w": 1752,
    "h": 1168,
    "k1": 0.0,
    "k2": 0.0,
    "k3": 0.0,
    "k4": 0.0,
    "camera_model": "PINHOLE",
    "has_mask": false,
    "aabb_range": [
        [
            0.001666305586695671,
            0.09168501198291779,
            -2.484740972518921
        ],
        [
            5.351271152496338,
            5.441361427307129,
            -0.033200014382600784
        ]
    ],
    "frames": [
        {
            "file_path": "300b61ca_DSC06223.JPG",
            "transform_matrix": [
                [
                    -0.22175147557077218,
                    0.2701886317419285,
                    -0.9369228283906897,
                    1.2777081190774837
                ],
                [
                    0.9627920332961204,
                    -0.09153233540942622,
                    -0.25427019525697164,
                    2.512369708807193
                ],
                [
                    -0.15445965073023904,
                    -0.9584466259797261,
                    -0.2398380316888289,
                    -1.4793405468213685
                ],
                [
                    0.0,
                    0.0,
                    0.0,
                    1.0
                ]
            ],
            "is_bad": false,
            "mask_path": "300b61ca_DSC06223.png"
        },
        {
            "file_path": "300b61ca_DSC05622.JPG",
            "transform_matrix": [
                [
                    0.9926866875797915,
                    -0.04828118349596672,
                    -0.11064387747223293,
                    3.9422344898676744
                ],
                [
                    0.10437704913035356,
                    -0.11720844062126709,
                    0.987607013473462,
                    3.104643794679102
                ],
                [
                    -0.06065123178222709,
                    -0.9919330162704336,
                    -0.11131181121488831,
                    -1.5198750836788082
                ],
                [
                    0.0,
                    0.0,
                    0.0,
                    1.0
                ]
            ],
            "is_bad": false,
            "mask_path": "300b61ca_DSC05622.png"
        },
        {
            "file_path": "300b61ca_DSC05954.JPG",
            "transform_matrix": [
                [
                    -0.43424392869901307,
                    -0.2963605249272551,
                    0.8506483701582505,
                    2.834874007399634
                ],
                [
                    -0.8945777775804523,
                    0.2526400277438723,
                    -0.3686510765490775,
                    1.8139686309337586
                ],
                [
                    -0.10565420127597788,
                    -0.921055620278394,
                    -0.3748249379461267,
                    -1.3977339356053948
                ],
                [
                    0.0,
                    0.0,
                    0.0,
                    1.0
                ]
            ],
            "is_bad": false,
            "mask_path": "300b61ca_DSC05954.png"
        },
        {
            "file_path": "300b61ca_DSC06732.JPG",
            "transform_matrix": [
                [
                    0.9334661074473058,
                    -0.25810450478292424,
                    0.24904435520191265,
                    2.6869120656847496
                ],
                [
                    -0.3421422640768752,
                    -0.4324712037614802,
                    0.8342106023357928,
                    4.130419718406949
                ],
                [
                    -0.10760900231637202,
                    -0.8639159232980129,
                    -0.4920056707931501,
                    -1.4135193821137608
                ],
                [
                    0.0,
                    0.0,
                    0.0,
                    1.0
                ]
            ],
            "is_bad": false,
            "mask_path": "300b61ca_DSC06732.png"
        },
        {
            "file_path": "300b61ca_DSC06023.JPG",
            "transform_matrix": [
                [
                    -0.7390599894507973,
                    -0.20387044948424946,
                    0.6420491973517901,
                    1.9222199403250517
                ],
                [
                    -0.666314473922682,
                    0.36141065407827494,
                    -0.6522325972840163,
                    1.8284687831033684
                ],
                [
                    -0.09907246758876984,
                    -0.9098456896341293,
                    -0.4029459854869744,
                    -1.40635030942856
                ],
                [
                    0.0,
                    0.0,
                    0.0,
                    1.0
                ]
            ],
            "is_bad": false,
            "mask_path": "300b61ca_DSC06023.png"
        },
        {
            "file_path": "300b61ca_DSC05712.JPG",
            "transform_matrix": [
                [
                    0.9723412462477447,
                    -0.11771698113543984,
                    0.20173054602052914,
                    3.5056747964394734
                ],
                [
                    -0.20699501205386606,
                    -0.03422734912732181,
                    0.9777430917968868,
                    2.3471513499586942
                ],
                [
                    -0.10819226326407054,
                    -0.9924571531930607,
                    -0.0576474912352915,
                    -1.5628245369956693
                ],
                [
                    0.0,
                    0.0,
                    0.0,
                    1.0
                ]
            ],
            "is_bad": false,
            "mask_path": "300b61ca_DSC05712.png"
        },
        {
            "file_path": "300b61ca_DSC06798.JPG",
            "transform_matrix": [
                [
                    0.8750115919468923,
                    0.033190807155788156,
                    -0.48296281873340113,
                    3.1402840834423458
                ],
                [
                    0.47267834402119724,
                    -0.2740272933815768,
                    0.8375465512885509,
                    3.430503376277376
                ],
                [
                    -0.10454614795363705,
                    -0.9611490065553383,
                    -0.25546563398183636,
                    -1.4814658654718609
                ],
                [
                    0.0,
                    0.0,
                    0.0,
                    1.0
                ]
            ],
            "is_bad": false,
            "mask_path": "300b61ca_DSC06798.png"
        },
        {
            "file_path": "300b61ca_DSC06656.JPG",
            "transform_matrix": [
                [
                    -0.20236706345619473,
                    -0.36895505387422634,
                    0.9071492379144583,
                    3.1565589710493938
                ],
                [
                    -0.9690441277031975,
                    0.20921453779165305,
                    -0.13108301087696933,
                    3.9500250536086132
                ],
                [
                    -0.14142506917821587,
                    -0.9055945259316064,
                    -0.39987185998847713,
                    -1.4441939115982856
                ],
                [
                    0.0,
                    0.0,
                    0.0,
                    1.0
                ]
            ],
            "is_bad": false,
            "mask_path": "300b61ca_DSC06656.png"
        },
        {
            "file_path": "300b61ca_DSC06053.JPG",
            "transform_matrix": [
                [
                    -0.8085403424110496,
                    -0.150138209700028,
                    0.5689648782498732,
                    1.53201015029577
                ],
                [
                    -0.5794315068283676,
                    0.3716845329731528,
                    -0.7253342242326196,
                    2.107754181576196
                ],
                [
                    -0.10257506318998683,
                    -0.9161381587602384,
                    -0.38751674863800456,
                    -1.4166020465174272
                ],
                [
                    0.0,
                    0.0,
                    0.0,
                    1.0
                ]
            ],
            "is_bad": false,
            "mask_path": "300b61ca_DSC06053.png"
        },
        {
            "file_path": "300b61ca_DSC05740.JPG",
            "transform_matrix": [
                [
                    0.8668055836304154,
                    -0.16698300458608137,
                    0.4698561017657841,
                    3.273814940526228
                ],
                [
                    -0.4878225703775678,
                    -0.08871087267422811,
                    0.8684235837997484,
                    1.9289078235559802
                ],
                [
                    -0.1033306344573407,
                    -0.9819608226649273,
                    -0.15835315826929877,
                    -1.5148182464751714
                ],
                [
                    0.0,
                    0.0,
                    0.0,
                    1.0
                ]
            ],
            "is_bad": false,
            "mask_path": "300b61ca_DSC05740.png"
        },
        {
            "file_path": "300b61ca_DSC06833.JPG",
            "transform_matrix": [
                [
                    0.8135644996819992,
                    0.11192445084819296,
                    -0.5706011936190707,
                    3.481836095813539
                ],
                [
                    0.571468254448429,
                    -0.3351683466427384,
                    0.7490568827308369,
                    3.115939039459043
                ],
                [
                    -0.10740967840396864,
                    -0.9354865561359519,
                    -0.3366423388019581,
                    -1.4483982155201582
                ],
                [
                    0.0,
                    0.0,
                    0.0,
                    1.0
                ]
            ],
            "is_bad": false,
            "mask_path": "300b61ca_DSC06833.png"
        },
        {
            "file_path": "300b61ca_DSC05994.JPG",
            "transform_matrix": [
                [
                    -0.6633876076961086,
                    -0.2462615227834677,
                    0.7065919220820479,
                    2.3715923389916695
                ],
                [
                    -0.7380156977734765,
                    0.37116961816377636,
                    -0.5635298966266897,
                    1.7336511052330117
                ],
                [
                    -0.12348972343950328,
                    -0.8953146804048983,
                    -0.42797419461494607,
                    -1.3861847496757473
                ],
                [
                    0.0,
                    0.0,
                    0.0,
                    1.0
                ]
            ],
            "is_bad": false,
            "mask_path": "300b61ca_DSC05994.png"
        },
        {
            "file_path": "300b61ca_DSC06588.JPG",
            "transform_matrix": [
                [
                    -0.8614459610982256,
                    -0.0827348296899485,
                    0.5010646705403706,
                    3.7525012630944494
                ],
                [
                    -0.49155966556956243,
                    0.38372381268539124,
                    -0.7817449269188306,
                    2.6978600452638086
                ],
                [
                    -0.12759291239208945,
                    -0.9197341917828012,
                    -0.37122643382838855,
                    -1.4441376282192386
                ],
                [
                    0.0,
                    0.0,
                    0.0,
                    1.0
                ]
            ],
            "is_bad": false,
            "mask_path": "300b61ca_DSC06588.png"
        },
        {
            "file_path": "300b61ca_DSC06635.JPG",
            "transform_matrix": [
                [
                    -0.33138754178523405,
                    -0.34219034206290116,
                    0.8792542675178864,
                    3.5018116020784786
                ],
                [
                    -0.9359345335563024,
                    0.2369633887218546,
                    -0.26052811998362796,
                    3.6803461777275954
                ],
                [
                    -0.1192008642849881,
                    -0.9092602059940436,
                    -0.3987944730677477,
                    -1.4422845257231132
                ],
                [
                    0.0,
                    0.0,
                    0.0,
                    1.0
                ]
            ],
            "is_bad": false,
            "mask_path": "300b61ca_DSC06635.png"
        },
        {
            "file_path": "300b61ca_DSC06514.JPG",
            "transform_matrix": [
                [
                    -0.787915133666909,
                    0.2609164133731254,
                    -0.5577744771600446,
                    3.11048955774281
                ],
                [
                    0.603487077546232,
                    0.147070072335195,
                    -0.7836923765470917,
                    2.303403488476917
                ],
                [
                    -0.12244627137387468,
                    -0.9540927727720321,
                    -0.27333841949277926,
                    -1.4675044065788119
                ],
                [
                    0.0,
                    0.0,
                    0.0,
                    1.0
                ]
            ],
            "is_bad": false,
            "mask_path": "300b61ca_DSC06514.png"
        },
        {
            "file_path": "300b61ca_DSC06786.JPG",
            "transform_matrix": [
                [
                    0.9126577300020452,
                    -0.009580288551099103,
                    -0.40861239082875567,
                    2.804100377385772
                ],
                [
                    0.3934404392821968,
                    -0.2502420638928366,
                    0.8846375134460924,
                    3.7691128369613067
                ],
                [
                    -0.11072709065511459,
                    -0.968135903440179,
                    -0.2246160810474684,
                    -1.4999837983172073
                ],
                [
                    0.0,
                    0.0,
                    0.0,
                    1.0
                ]
            ],
            "is_bad": false,
            "mask_path": "300b61ca_DSC06786.png"
        },
        {
            "file_path": "300b61ca_DSC06849.JPG",
            "transform_matrix": [
                [
                    0.9789357394875945,
                    -0.07728470182669131,
                    -0.18897590538858652,
                    3.6981724460406595
                ],
                [
                    0.16845481847162114,
                    -0.21723502790063598,
                    0.9614738253258395,
                    3.3898657879123366
                ],
                [
                    -0.11535940398411315,
                    -0.9730549920310614,
                    -0.19964015226366852,
                    -1.4909763746840474
                ],
                [
                    0.0,
                    0.0,
                    0.0,
                    1.0
                ]
            ],
            "is_bad": false,
            "mask_path": "300b61ca_DSC06849.png"
        },
        {
            "file_path": "300b61ca_DSC06543.JPG",
            "transform_matrix": [
                [
                    -0.9535147536941821,
                    0.1867066834678471,
                    -0.23653800717001325,
                    3.2864387768843426
                ],
                [
                    0.27637179166125503,
                    0.2289340573044798,
                    -0.9333851456821334,
                    2.590655106614817
                ],
                [
                    -0.12011763926031678,
                    -0.9553689401244668,
                    -0.26989246188803084,
                    -1.4715537939088412
                ],
                [
                    0.0,
                    0.0,
                    0.0,
                    1.0
                ]
            ],
            "is_bad": false,
            "mask_path": "300b61ca_DSC06543.png"
        },
        {
            "file_path": "300b61ca_DSC05547.JPG",
            "transform_matrix": [
                [
                    0.9996305560303091,
                    0.023956900955202465,
                    0.01283815980416655,
                    3.8711836190574385
                ],
                [
                    0.0019510639289342588,
                    -0.5343677640029993,
                    0.8452498365240776,
                    3.28046430298787
                ],
                [
                    0.02710986536447412,
                    -0.8449125159985839,
                    -0.534217086500294,
                    -1.2739883847448428
                ],
                [
                    0.0,
                    0.0,
                    0.0,
                    1.0
                ]
            ],
            "is_bad": false,
            "mask_path": "300b61ca_DSC05547.png"
        },
        {
            "file_path": "300b61ca_DSC06121.JPG",
            "transform_matrix": [
                [
                    -0.8711550586138085,
                    0.3053611706703935,
                    -0.38450412130220235,
                    1.0885915219256157
                ],
                [
                    0.47602348684665025,
                    0.33325903541915053,
                    -0.8138427706147264,
                    2.7288609611426557
                ],
                [
                    -0.12037650859668933,
                    -0.892016239066478,
                    -0.4356793837442472,
                    -1.416579335077326
                ],
                [
                    0.0,
                    0.0,
                    0.0,
                    1.0
                ]
            ],
            "is_bad": false,
            "mask_path": "300b61ca_DSC06121.png"
        },
        {
            "file_path": "300b61ca_DSC06493.JPG",
            "transform_matrix": [
                [
                    -0.6386255187731583,
                    0.2873332421316672,
                    -0.7138606689948811,
                    2.948199924783346
                ],
                [
                    0.760510756780406,
                    0.09414906587937513,
                    -0.6424634948503571,
                    2.067374114946891
                ],
                [
                    -0.11739180377270085,
                    -0.9531923003046898,
                    -0.2786460174609462,
                    -1.4738764076030078
                ],
                [
                    0.0,
                    0.0,
                    0.0,
                    1.0
                ]
            ],
            "is_bad": false,
            "mask_path": "300b61ca_DSC06493.png"
        },
        {
            "file_path": "300b61ca_DSC06257.JPG",
            "transform_matrix": [
                [
                    -0.31326598757833807,
                    0.28612898056515546,
                    -0.9055355473460516,
                    1.533211673604078
                ],
                [
                    0.937791349217399,
                    -0.057109941934145925,
                    -0.342470202886746,
                    2.3892747402266385
                ],
                [
                    -0.14970573255416464,
                    -0.9564876690334397,
                    -0.2504386803738543,
                    -1.4728821358032183
                ],
                [
                    0.0,
                    0.0,
                    0.0,
                    1.0
                ]
            ],
            "is_bad": false,
            "mask_path": "300b61ca_DSC06257.png"
        },
        {
            "file_path": "300b61ca_DSC05727.JPG",
            "transform_matrix": [
                [
                    0.8588898857699465,
                    -0.20663238498873815,
                    0.4686269535525618,
                    3.519104005900168
                ],
                [
                    -0.49752408968527506,
                    -0.11943733675709092,
                    0.8591882813279131,
                    2.069762232346817
                ],
                [
                    -0.12156456846025505,
                    -0.9711013232728292,
                    -0.20538810976498417,
                    -1.4989093740720199
                ],
                [
                    0.0,
                    0.0,
                    0.0,
                    1.0
                ]
            ],
            "is_bad": false,
            "mask_path": "300b61ca_DSC05727.png"
        },
        {
            "file_path": "300b61ca_DSC05762.JPG",
            "transform_matrix": [
                [
                    0.6909708169995581,
                    -0.3456325124394162,
                    0.6348995955265531,
                    3.158353188058177
                ],
                [
                    -0.7122609225976675,
                    -0.1755119800512097,
                    0.6796174828525415,
                    1.6902650053710486
                ],
                [
                    -0.12346541295149858,
                    -0.9218100190404317,
                    -0.36745418843904326,
                    -1.421996418345262
                ],
                [
                    0.0,
                    0.0,
                    0.0,
                    1.0
                ]
            ],
            "is_bad": false,
            "mask_path": "300b61ca_DSC05762.png"
        },
        {
            "file_path": "300b61ca_DSC05982.JPG",
            "transform_matrix": [
                [
                    -0.6716620080943052,
                    -0.22858334405211406,
                    0.7047125667282217,
                    2.6271551398935444
                ],
                [
                    -0.7334131842339486,
                    0.33965984530936055,
                    -0.5888431800371311,
                    1.6554708712766901
                ],
                [
                    -0.10476281818730171,
                    -0.9123490802902001,
                    -0.39578265199359136,
                    -1.4008012991513765
                ],
                [
                    0.0,
                    0.0,
                    0.0,
                    1.0
                ]
            ],
            "is_bad": false,
            "mask_path": "300b61ca_DSC05982.png"
        },
        {
            "file_path": "300b61ca_DSC06354.JPG",
            "transform_matrix": [
                [
                    0.29866143094854974,
                    0.1368170526973106,
                    -0.9445011613306709,
                    1.75732475481975
                ],
                [
                    0.9457226556097504,
                    -0.17527001298867104,
                    0.27365869475204413,
                    1.9999146998507233
                ],
                [
                    -0.12810155475327392,
                    -0.9749674438862933,
                    -0.18173737929116712,
                    -1.4963022911632518
                ],
                [
                    0.0,
                    0.0,
                    0.0,
                    1.0
                ]
            ],
            "is_bad": false,
            "mask_path": "300b61ca_DSC06354.png"
        },
        {
            "file_path": "300b61ca_DSC06601.JPG",
            "transform_matrix": [
                [
                    -0.726802336902979,
                    -0.17523253423942717,
                    0.6641174007782036,
                    3.9577603592258677
                ],
                [
                    -0.6784707327647355,
                    0.33370750900015356,
                    -0.6544591379288668,
                    2.8470661470834493
                ],
                [
                    -0.1069384302019247,
                    -0.9262466504020085,
                    -0.3614295432930294,
                    -1.453273450246431
                ],
                [
                    0.0,
                    0.0,
                    0.0,
                    1.0
                ]
            ],
            "is_bad": false,
            "mask_path": "300b61ca_DSC06601.png"
        },
        {
            "file_path": "300b61ca_DSC06693.JPG",
            "transform_matrix": [
                [
                    0.3009522835567452,
                    -0.49562789746064134,
                    0.8147273840253098,
                    2.9289929479990904
                ],
                [
                    -0.9492813991099885,
                    -0.07411614073302777,
                    0.3055677060597629,
                    4.058537452210579
                ],
                [
                    -0.09106343023280015,
                    -0.8653668499206486,
                    -0.4927957657413976,
                    -1.410065676089062
                ],
                [
                    0.0,
                    0.0,
                    0.0,
                    1.0
                ]
            ],
            "is_bad": false,
            "mask_path": "300b61ca_DSC06693.png"
        },
        {
            "file_path": "300b61ca_DSC06864.JPG",
            "transform_matrix": [
                [
                    0.9875190489201084,
                    -0.1574405120967409,
                    -0.004314298394991448,
                    3.6557961443669766
                ],
                [
                    -0.043745966978068734,
                    -0.30049792630083605,
                    0.9527787186236119,
                    2.9443975295092093
                ],
                [
                    -0.15130240709611628,
                    -0.9406984008913875,
                    -0.3036348138262609,
                    -1.4489156170819109
                ],
                [
                    0.0,
                    0.0,
                    0.0,
                    1.0
                ]
            ],
            "is_bad": false,
            "mask_path": "300b61ca_DSC06864.png"
        },
        {
            "file_path": "300b61ca_DSC06406.JPG",
            "transform_matrix": [
                [
                    0.16972692139786824,
                    0.2500536783176711,
                    -0.9532397023375628,
                    2.14378623642921
                ],
                [
                    0.98158867005134,
                    -0.1288908977987418,
                    0.14096389357376485,
                    1.7298535831964983
                ],
                [
                    -0.08761538095359328,
                    -0.9596146593421955,
                    -0.2673261128208761,
                    -1.4689946333633632
                ],
                [
                    0.0,
                    0.0,
                    0.0,
                    1.0
                ]
            ],
            "is_bad": false,
            "mask_path": "300b61ca_DSC06406.png"
        },
        {
            "file_path": "300b61ca_DSC05685.JPG",
            "transform_matrix": [
                [
                    0.9660132730883219,
                    -0.22520650761327218,
                    0.12688729308256386,
                    3.5580889574980237
                ],
                [
                    -0.23280585594878525,
                    -0.5446594061410642,
                    0.8056969434831044,
                    2.3812546430899544
                ],
                [
                    -0.11233783713932141,
                    -0.807854046366481,
                    -0.5785776094148155,
                    -1.3290178334888532
                ],
                [
                    0.0,
                    0.0,
                    0.0,
                    1.0
                ]
            ],
            "is_bad": false,
            "mask_path": "300b61ca_DSC05685.png"
        },
        {
            "file_path": "300b61ca_DSC06792.JPG",
            "transform_matrix": [
                [
                    0.891561151116305,
                    0.001316421574945329,
                    -0.4528984222255649,
                    2.9960264843758746
                ],
                [
                    0.43691539837274057,
                    -0.265830407548206,
                    0.8593248100034957,
                    3.6207249578403826
                ],
                [
                    -0.11926293843838696,
                    -0.9640189113585851,
                    -0.23757922901223877,
                    -1.4855665901842907
                ],
                [
                    0.0,
                    0.0,
                    0.0,
                    1.0
                ]
            ],
            "is_bad": false,
            "mask_path": "300b61ca_DSC06792.png"
        },
        {
            "file_path": "300b61ca_DSC06805.JPG",
            "transform_matrix": [
                [
                    0.8955266814660606,
                    0.0487259567639168,
                    -0.44233216469054837,
                    3.3495330071889016
                ],
                [
                    0.4338002355319744,
                    -0.31726060018263286,
                    0.8433048483343135,
                    3.3106361826977855
                ],
                [
                    -0.09924373247106759,
                    -0.947085789519195,
                    -0.3052526639621918,
                    -1.4625758816976946
                ],
                [
                    0.0,
                    0.0,
                    0.0,
                    1.0
                ]
            ],
            "is_bad": false,
            "mask_path": "300b61ca_DSC06805.png"
        },
        {
            "file_path": "300b61ca_DSC06878.JPG",
            "transform_matrix": [
                [
                    0.925306231834041,
                    -0.25334368337255603,
                    0.28217965097489706,
                    3.528316359440061
                ],
                [
                    -0.35167908580092927,
                    -0.29487066823394487,
                    0.8884667183555561,
                    2.6456652806919463
                ],
                [
                    -0.14188092873713515,
                    -0.9213404729580122,
                    -0.36194134186383836,
                    -1.4363320727598456
                ],
                [
                    0.0,
                    0.0,
                    0.0,
                    1.0
                ]
            ],
            "is_bad": false,
            "mask_path": "300b61ca_DSC06878.png"
        },
        {
            "file_path": "300b61ca_DSC05843.JPG",
            "transform_matrix": [
                [
                    0.6967563725561725,
                    -0.28621387554321753,
                    0.6577326012513715,
                    3.206957541059754
                ],
                [
                    -0.7128187617427462,
                    -0.1738490247328569,
                    0.6794600278949253,
                    2.1112600609311603
                ],
                [
                    -0.08012471659795337,
                    -0.942262242714822,
                    -0.3251490362036025,
                    -1.3884029304111318
                ],
                [
                    0.0,
                    0.0,
                    0.0,
                    1.0
                ]
            ],
            "is_bad": false,
            "mask_path": "300b61ca_DSC05843.png"
        },
        {
            "file_path": "300b61ca_DSC06463.JPG",
            "transform_matrix": [
                [
                    -0.37086583293339764,
                    0.22970966397285233,
                    -0.8998288749757344,
                    2.5529806964943624
                ],
                [
                    0.9197480592615928,
                    -0.04325727103044693,
                    -0.39011833587711825,
                    1.8401059877245898
                ],
                [
                    -0.12853809336982877,
                    -0.9722974230041326,
                    -0.1952323737815311,
                    -1.4817121743964283
                ],
                [
                    0.0,
                    0.0,
                    0.0,
                    1.0
                ]
            ],
            "is_bad": false,
            "mask_path": "300b61ca_DSC06463.png"
        },
        {
            "file_path": "300b61ca_DSC06646.JPG",
            "transform_matrix": [
                [
                    -0.30369711289484896,
                    -0.35335209359292463,
                    0.884822220320461,
                    3.324101043828091
                ],
                [
                    -0.9456207135422852,
                    0.22533059510796322,
                    -0.2345796006221985,
                    3.7966144055544757
                ],
                [
                    -0.1164883244755129,
                    -0.9079473667904917,
                    -0.40256931005616814,
                    -1.4384481691319468
                ],
                [
                    0.0,
                    0.0,
                    0.0,
                    1.0
                ]
            ],
            "is_bad": false,
            "mask_path": "300b61ca_DSC06646.png"
        },
        {
            "file_path": "300b61ca_DSC05900.JPG",
            "transform_matrix": [
                [
                    0.34136448459175023,
                    -0.4030415939828512,
                    0.8491335361291366,
                    3.088475856163305
                ],
                [
                    -0.9305711075998847,
                    -0.017745078427138745,
                    0.3656809072018107,
                    1.9357772977581658
                ],
                [
                    -0.13231667453398777,
                    -0.9150096096278866,
                    -0.3811164020727654,
                    -1.3737960030773766
                ],
                [
                    0.0,
                    0.0,
                    0.0,
                    1.0
                ]
            ],
            "is_bad": false,
            "mask_path": "300b61ca_DSC05900.png"
        },
        {
            "file_path": "300b61ca_DSC05781.JPG",
            "transform_matrix": [
                [
                    0.9177895176759386,
                    -0.11950102493313931,
                    0.37865803343398924,
                    3.3248289629429455
                ],
                [
                    -0.3900914768017465,
                    -0.09339468184364819,
                    0.9160273320867423,
                    2.2940184173542475
                ],
                [
                    -0.0741015584910255,
                    -0.9884315547589789,
                    -0.13233299129826961,
                    -1.47190543613878
                ],
                [
                    0.0,
                    0.0,
                    0.0,
                    1.0
                ]
            ],
            "is_bad": false,
            "mask_path": "300b61ca_DSC05781.png"
        },
        {
            "file_path": "300b61ca_DSC06856.JPG",
            "transform_matrix": [
                [
                    0.986816990532096,
                    -0.14514361088589703,
                    -0.07159301234185289,
                    3.762128133556136
                ],
                [
                    0.03326092042345912,
                    -0.2510409276030013,
                    0.9674048603562054,
                    3.1720300979447327
                ],
                [
                    -0.15838541084885852,
                    -0.9570328024092111,
                    -0.24290384258593029,
                    -1.4687577779509757
                ],
                [
                    0.0,
                    0.0,
                    0.0,
                    1.0
                ]
            ],
            "is_bad": false,
            "mask_path": "300b61ca_DSC06856.png"
        },
        {
            "file_path": "300b61ca_DSC05604.JPG",
            "transform_matrix": [
                [
                    0.9919109361180335,
                    -0.04314743697472688,
                    -0.11937752507050113,
                    3.87390408600615
                ],
                [
                    0.11314979856482446,
                    -0.12569458017494226,
                    0.9855952493794723,
                    3.3192388280087273
                ],
                [
                    -0.05753101680125113,
                    -0.9911302493603736,
                    -0.11979570488401123,
                    -1.5186030166451587
                ],
                [
                    0.0,
                    0.0,
                    0.0,
                    1.0
                ]
            ],
            "is_bad": false,
            "mask_path": "300b61ca_DSC05604.png"
        },
        {
            "file_path": "300b61ca_DSC06328.JPG",
            "transform_matrix": [
                [
                    0.3299005648912054,
                    0.1652594453298942,
                    -0.9294379661998531,
                    1.3479242685853006
                ],
                [
                    0.9359006121013952,
                    -0.1860742383543536,
                    0.2991093814795534,
                    2.3382097323548168
                ],
                [
                    -0.12351381118197836,
                    -0.9685379153910822,
                    -0.2160524123845871,
                    -1.4925231104483272
                ],
                [
                    0.0,
                    0.0,
                    0.0,
                    1.0
                ]
            ],
            "is_bad": false,
            "mask_path": "300b61ca_DSC06328.png"
        },
        {
            "file_path": "300b61ca_DSC06780.JPG",
            "transform_matrix": [
                [
                    0.8982244506059963,
                    0.030128744783689116,
                    -0.4385032440830004,
                    2.6560496677129164
                ],
                [
                    0.42583935386947797,
                    -0.30677169945247906,
