{
    "fl_x": 464.03085996169494,
    "fl_y": 464.5196453562895,
    "cx": 876.0,
    "cy": 584.0,
    "w": 1752,
    "h": 1168,
    "k1": 0.0,
    "k2": 0.0,
    "k3": 0.0,
    "k4": 0.0,
    "camera_model": "PINHOLE",
    "has_mask": true,
    "aabb_range": [
        [
            0.012310035526752472,
            0.00869616586714983,
            -2.868342161178589
        ],
        [
            9.178089141845703,
            10.94879150390625,
            -0.0
        ]
    ],
    "frames": [
        {
            "file_path": "DSC06085.JPG",
            "transform_matrix": [
                [
                    -0.6884218318975993,
                    0.2596703506243576,
                    -0.6772345903550534,
                    3.4919234250487814
                ],
                [
                    0.7252625660042173,
                    0.25718657441529574,
                    -0.63863078245063,
                    5.9222590833864315
                ],
                [
                    0.008342165170499386,
                    -0.9308202699485808,
                    -0.36538203750748255,
                    -1.4501288714259126
                ],
                [
                    0.0,
                    0.0,
                    0.0,
                    1.0
                ]
            ],
            "is_bad": true,
            "mask_path": "DSC06085.png"
        },
        {
            "file_path": "DSC04816.JPG",
            "transform_matrix": [
                [
                    -0.9614448031633155,
                    -0.11892925881265319,
                    0.2479510473229084,
                    6.18856896607055
                ],
                [
                    -0.2739776086955118,
                    0.49185655406126133,
                    -0.8264462475929523,
                    1.0646920701778677
                ],
                [
                    -0.023667708037397924,
                    -0.8625154848611446,
                    -0.5054768817374365,
                    -1.3640641586690345
                ],
                [
                    0.0,
                    0.0,
                    0.0,
                    1.0
                ]
            ],
            "is_bad": false,
            "mask_path": "DSC04816.png"
        },
        {
            "file_path": "DSC05800.JPG",
            "transform_matrix": [
                [
                    -0.2540747357930754,
                    -0.4623153221884103,
                    0.8495355033790558,
                    7.821165038995797
                ],
                [
                    -0.9671524053236713,
                    0.11427849798754866,
                    -0.2270608944189814,
                    5.353234749664222
                ],
                [
                    0.007890089246445478,
                    -0.8793207422593513,
                    -0.47616465505552513,
                    -1.3848862191479563
                ],
                [
                    0.0,
                    0.0,
                    0.0,
                    1.0
                ]
            ],
            "is_bad": false,
            "mask_path": "DSC05800.png"
        },
        {
            "file_path": "DSC06617.JPG",
            "transform_matrix": [
                [
                    -0.30475573043605375,
                    0.40830056853189906,
                    -0.8604734687966359,
                    1.555192232587901
                ],
                [
                    0.9513010907925032,
                    0.0865064367896554,
                    -0.29587644558320425,
                    2.784629870610749
                ],
                [
                    -0.046370027209188196,
                    -0.9087393917567813,
                    -0.4147801085468465,
                    -1.430416531716609
                ],
                [
                    0.0,
                    0.0,
                    0.0,
                    1.0
                ]
            ],
            "is_bad": false,
            "mask_path": "DSC06617.png"
        },
        {
            "file_path": "DSC05125.JPG",
            "transform_matrix": [
                [
                    -0.9993624757755201,
                    0.03423048218224269,
                    -0.010144757335432016,
                    4.818367555605537
                ],
                [
                    0.026297947126690542,
                    0.513599706152697,
                    -0.8576268185037043,
                    3.2770865872138133
                ],
                [
                    -0.024146635143335954,
                    -0.8573468469233644,
                    -0.514172465308889,
                    -1.3895449038234404
                ],
                [
                    0.0,
                    0.0,
                    0.0,
                    1.0
                ]
            ],
            "is_bad": false,
            "mask_path": "DSC05125.png"
        },
        {
            "file_path": "DSC05276.JPG",
            "transform_matrix": [
                [
                    -0.95963474292098,
                    -0.08711195028858544,
                    0.2674185264634884,
                    7.037937940478431
                ],
                [
                    -0.2811845886453694,
                    0.3175544865906098,
                    -0.9055906222761523,
                    3.272010300667304
                ],
                [
                    -0.006032187606401262,
                    -0.9442301923594125,
                    -0.32923085601077534,
                    -1.4770053626986526
                ],
                [
                    0.0,
                    0.0,
                    0.0,
                    1.0
                ]
            ],
            "is_bad": false,
            "mask_path": "DSC05276.png"
        },
        {
            "file_path": "DSC06743.JPG",
            "transform_matrix": [
                [
                    0.32576397505923904,
                    0.3487699572816709,
                    -0.8787703621830589,
                    1.8573646601140554
                ],
                [
                    0.9442431057460124,
                    -0.07304734303162343,
                    0.3210436776003304,
                    4.78188309782469
                ],
                [
                    0.047778549629807966,
                    -0.9343573206080004,
                    -0.3531198204880465,
                    -1.4213991541197364
                ],
                [
                    0.0,
                    0.0,
                    0.0,
                    1.0
                ]
            ],
            "is_bad": false,
            "mask_path": "DSC06743.png"
        },
        {
            "file_path": "DSC04977.JPG",
            "transform_matrix": [
                [
                    -0.515227810782697,
                    0.324445952692788,
                    -0.7932686346864711,
                    4.372661205717365
                ],
                [
                    0.8569926781875702,
                    0.2060363584730966,
                    -0.4723479316351895,
                    1.474673564428499
                ],
                [
                    0.010190806099878625,
                    -0.9231922025062897,
                    -0.38420346784304255,
                    -1.4000888843959163
                ],
                [
                    0.0,
                    0.0,
                    0.0,
                    1.0
                ]
            ],
            "is_bad": false,
            "mask_path": "DSC04977.png"
        },
        {
            "file_path": "DSC05673.JPG",
            "transform_matrix": [
                [
                    0.9994831996682896,
                    0.020703890633717564,
                    -0.02459029266733602,
                    6.291549615092411
                ],
                [
                    0.03113110488283589,
                    -0.43276537915850516,
                    0.9009689122886367,
                    4.790476218853053
                ],
                [
                    0.008011734494605106,
                    -0.9012688142360314,
                    -0.43318626085780426,
                    -1.423269513758999
                ],
                [
                    0.0,
                    0.0,
                    0.0,
                    1.0
                ]
            ],
            "is_bad": false,
            "mask_path": "DSC05673.png"
        },
        {
            "file_path": "DSC06009.JPG",
            "transform_matrix": [
                [
                    -0.9876323968859461,
                    -0.06542389457410394,
                    0.1424849558377247,
                    4.516894590208245
                ],
                [
                    -0.15673405993092474,
                    0.4356522554206711,
                    -0.886364229199516,
                    4.780810151151036
                ],
                [
                    -0.004084492488813313,
                    -0.8977342738058066,
                    -0.44051843384297795,
                    -1.4137660731539008
                ],
                [
                    0.0,
                    0.0,
                    0.0,
                    1.0
                ]
            ],
            "is_bad": false,
            "mask_path": "DSC06009.png"
        },
        {
            "file_path": "DSC05221.JPG",
            "transform_matrix": [
                [
                    -0.9935998747547856,
                    0.05368626464636012,
                    -0.09938346882452424,
                    5.927407928777168
                ],
                [
                    0.1127600898145559,
                    0.41948405399888744,
                    -0.90073208590883,
                    2.7461251562706397
                ],
                [
                    -0.0066671607365859685,
                    -0.9061737766173658,
                    -0.4228529715382558,
                    -1.3681733026445246
                ],
                [
                    0.0,
                    0.0,
                    0.0,
                    1.0
                ]
            ],
            "is_bad": false,
            "mask_path": "DSC05221.png"
        },
        {
            "file_path": "DSC05486.JPG",
            "transform_matrix": [
                [
                    -0.99234983986005,
                    -0.0883333010152644,
                    0.08624977253002576,
                    7.326250397835006
                ],
                [
                    -0.11872006504831903,
                    0.49109825985078615,
                    -0.8629762715894651,
                    4.356010317677364
                ],
                [
                    0.0338724295653215,
                    -0.8666139435199953,
                    -0.49782821476094197,
                    -1.4015662273119451
                ],
                [
                    0.0,
                    0.0,
                    0.0,
                    1.0
                ]
            ],
            "is_bad": false,
            "mask_path": "DSC05486.png"
        },
        {
            "file_path": "DSC06311.JPG",
            "transform_matrix": [
                [
                    0.41485721532583325,
                    -0.41681591306273946,
                    0.8088003372339617,
                    2.4072471783462803
                ],
                [
                    -0.9098849211613596,
                    -0.19171405582231532,
                    0.367906443329476,
                    5.748625815092785
                ],
                [
                    0.0017091329035386635,
                    -0.8885438736595019,
                    -0.45878847353315805,
                    -1.362702228295382
                ],
                [
                    0.0,
                    0.0,
                    0.0,
                    1.0
                ]
            ],
            "is_bad": false,
            "mask_path": "DSC06311.png"
        },
        {
            "file_path": "DSC06412.JPG",
            "transform_matrix": [
                [
                    0.6190084325329417,
                    -0.2037384620850127,
                    0.7584979891340146,
                    2.1360891089046845
                ],
                [
                    -0.7853526537348523,
                    -0.16924706680268675,
                    0.595463382291733,
                    3.704799464476805
                ],
                [
                    0.007054766100610709,
                    -0.9642852635221176,
                    -0.2647719033986511,
                    -1.493883472847201
                ],
                [
                    0.0,
                    0.0,
                    0.0,
                    1.0
                ]
            ],
            "is_bad": false,
            "mask_path": "DSC06412.png"
        },
        {
            "file_path": "DSC04669.JPG",
            "transform_matrix": [
                [
                    -0.13471446987115318,
                    -0.38151715891298993,
                    0.9144925746348594,
                    6.662019102777621
                ],
                [
                    -0.9883926169994058,
                    -0.013672282485614475,
                    -0.15130467062420022,
                    2.006276524166639
                ],
                [
                    0.07022852887821525,
                    -0.9242606375620425,
                    -0.37524688884120955,
                    -1.4089452537071065
                ],
                [
                    0.0,
                    0.0,
                    0.0,
                    1.0
                ]
            ],
            "is_bad": false,
            "mask_path": "DSC04669.png"
        },
        {
            "file_path": "DSC06142.JPG",
            "transform_matrix": [
                [
                    0.6502598700553913,
                    0.05173795555942301,
                    -0.7579480756292458,
                    2.8229776342542783
                ],
                [
                    0.7596153928393434,
                    -0.0601764796888451,
                    0.6475826173190476,
                    6.707263954421078
                ],
                [
                    -0.012106046302394894,
                    -0.996846013808948,
                    -0.0784312972998349,
                    -1.5353580705134813
                ],
                [
                    0.0,
                    0.0,
                    0.0,
                    1.0
                ]
            ],
            "is_bad": false,
            "mask_path": "DSC06142.png"
        },
        {
            "file_path": "DSC05964.JPG",
            "transform_matrix": [
                [
                    -0.5176590677516538,
                    -0.2518607133900125,
                    0.8176767519167722,
                    5.421070060782604
                ],
                [
                    -0.8549578514644632,
                    0.11562910882735254,
                    -0.5056451140978829,
                    4.2958271886367285
                ],
                [
                    0.032804905025886455,
                    -0.9608309373882932,
                    -0.275186751068754,
                    -1.5063671980473576
                ],
                [
                    0.0,
                    0.0,
                    0.0,
                    1.0
                ]
            ],
            "is_bad": false,
            "mask_path": "DSC05964.png"
        },
        {
            "file_path": "DSC05729.JPG",
            "transform_matrix": [
                [
                    0.7263311682604036,
                    -0.3358023071712957,
                    0.5997331444166752,
                    6.811624409318465
                ],
                [
                    -0.6867978530929838,
                    -0.3893717434555051,
                    0.6137575697173031,
                    5.559330578285041
                ],
                [
                    0.027417932094654963,
                    -0.857686688655511,
                    -0.513441136940544,
                    -1.3496299651613293
                ],
                [
                    0.0,
                    0.0,
                    0.0,
                    1.0
                ]
            ],
            "is_bad": false,
            "mask_path": "DSC05729.png"
        },
        {
            "file_path": "DSC04912.JPG",
            "transform_matrix": [
                [
                    -0.9998136241394427,
                    0.005600468847190897,
                    -0.018475706585794702,
                    5.277653207621996
                ],
                [
                    0.019115938757586482,
                    0.4210959032631685,
                    -0.9068146564433064,
                    1.2276455222831815
                ],
                [
                    0.0027014571195834816,
                    -0.9069988285569434,
                    -0.42112447937131714,
                    -1.3974601573391563
                ],
                [
                    0.0,
                    0.0,
                    0.0,
                    1.0
                ]
            ],
            "is_bad": false,
            "mask_path": "DSC04912.png"
        },
        {
            "file_path": "DSC05051.JPG",
            "transform_matrix": [
                [
                    -0.9994604252278623,
                    -0.012358578691281187,
                    0.030432284437306497,
                    4.693562594625361
                ],
                [
                    -0.03283678311161023,
                    0.3978740134785185,
                    -0.9168522318636617,
                    2.3600515906886015
                ],
                [
                    -0.0007772246926266864,
                    -0.917356819853228,
                    -0.3980651466664099,
                    -1.413872039405561
                ],
                [
                    0.0,
                    0.0,
                    0.0,
                    1.0
                ]
            ],
            "is_bad": true,
            "mask_path": "DSC05051.png"
        },
        {
            "file_path": "DSC06047.JPG",
            "transform_matrix": [
                [
                    -0.6418952276612587,
                    0.3289322893777288,
                    -0.6926572498071659,
                    4.116881843292577
                ],
                [
                    0.7667836629863831,
                    0.2710505969839558,
                    -0.5818714532023598,
                    5.462625427362152
                ],
                [
                    -0.003651148159900945,
                    -0.904618772124129,
                    -0.4262059903822882,
                    -1.452796556625035
                ],
                [
                    0.0,
                    0.0,
                    0.0,
                    1.0
                ]
            ],
            "is_bad": true,
            "mask_path": "DSC06047.png"
        },
        {
            "file_path": "DSC06218.JPG",
            "transform_matrix": [
                [
                    0.5532739324637136,
                    -0.39069492403656547,
                    0.7356938439243595,
                    3.5823933102400543
                ],
                [
                    -0.8329180955495982,
                    -0.2718095493764661,
                    0.48204461927687964,
                    6.594024473258359
                ],
                [
                    0.011636226285504854,
                    -0.8794754375193342,
                    -0.4758020103341381,
                    -1.3252486905379277
                ],
                [
                    0.0,
                    0.0,
                    0.0,
                    1.0
                ]
            ],
            "is_bad": false,
            "mask_path": "DSC06218.png"
        },
        {
            "file_path": "DSC05251.JPG",
            "transform_matrix": [
                [
                    -0.9970419284281042,
                    0.041333800867021965,
                    -0.06479899584293432,
                    6.61217522982971
                ],
                [
                    0.07572230071266049,
                    0.3837630787630893,
                    -0.9203217005770628,
                    2.7298793886972557
                ],
                [
                    -0.013172931759810075,
                    -0.9225060521666841,
                    -0.38575777060830707,
                    -1.414058579798314
                ],
                [
                    0.0,
                    0.0,
                    0.0,
                    1.0
                ]
            ],
            "is_bad": true,
            "mask_path": "DSC05251.png"
        },
        {
            "file_path": "DSC05171.JPG",
            "transform_matrix": [
                [
                    -0.6195563700921425,
                    0.17471697316900034,
                    -0.765260663803459,
                    5.482526250399
                ],
                [
                    0.7845527115381198,
                    0.10673408127217376,
                    -0.6108067441614972,
                    3.2077370202055757
                ],
                [
                    -0.025038911646312768,
                    -0.9788165380609625,
                    -0.2032024550095799,
                    -1.5315006034535874
                ],
                [
                    0.0,
                    0.0,
                    0.0,
                    1.0
                ]
            ],
            "is_bad": false,
            "mask_path": "DSC05171.png"
        },
        {
            "file_path": "DSC05992.JPG",
            "transform_matrix": [
                [
                    -0.9140756881498863,
                    -0.15810326607751254,
                    0.3734554773851028,
                    4.807708073228762
                ],
                [
                    -0.4055384691503146,
                    0.35170652726703727,
                    -0.8437067433160529,
                    4.197876549392404
                ],
                [
                    0.0020460626899214233,
                    -0.922662384587875,
                    -0.385603342431163,
                    -1.4302513376485528
                ],
                [
                    0.0,
                    0.0,
                    0.0,
                    1.0
                ]
            ],
            "is_bad": false,
            "mask_path": "DSC05992.png"
        },
        {
            "file_path": "DSC06523.JPG",
            "transform_matrix": [
                [
                    0.9222398575345976,
                    -0.2557826803129916,
                    0.28991182388179193,
                    1.61195811231136
                ],
                [
                    -0.38404103862918765,
                    -0.5196393241587312,
                    0.7632086565523689,
                    3.402977253427906
                ],
                [
                    -0.04456597158348282,
                    -0.8151994806424736,
                    -0.5774631424922813,
                    -1.3436997544021034
                ],
                [
                    0.0,
                    0.0,
                    0.0,
                    1.0
                ]
            ],
            "is_bad": false,
            "mask_path": "DSC06523.png"
        },
        {
            "file_path": "DSC05913.JPG",
            "transform_matrix": [
                [
                    -0.38722776583365137,
                    -0.2186132821814258,
                    0.895691291808368,
                    6.728869342438751
                ],
                [
                    -0.9219835291920802,
                    0.09074721264291848,
                    -0.3764456339181751,
                    4.410522923689636
                ],
                [
                    0.0010145274735753585,
                    -0.9715828200680604,
                    -0.2366976858412433,
                    -1.5241594200379096
                ],
                [
                    0.0,
                    0.0,
                    0.0,
                    1.0
                ]
            ],
            "is_bad": false,
            "mask_path": "DSC05913.png"
        },
        {
            "file_path": "DSC05329.JPG",
            "transform_matrix": [
                [
                    -0.788996581835351,
                    -0.3160833182987917,
                    0.5268545622326496,
                    7.341652009084598
                ],
                [
                    -0.6142180332738604,
                    0.38505915088165554,
                    -0.6888146760366604,
                    3.777263596906354
                ],
                [
                    0.014852658123144303,
                    -0.8670759979468484,
                    -0.49795442796620826,
                    -1.3704850139427485
                ],
                [
                    0.0,
                    0.0,
                    0.0,
                    1.0
                ]
            ],
            "is_bad": false,
            "mask_path": "DSC05329.png"
        },
        {
            "file_path": "DSC06336.JPG",
            "transform_matrix": [
                [
                    0.6127520021612324,
                    -0.12975882010784906,
                    0.779549634373348,
                    2.240972140716936
                ],
                [
                    -0.7902281784487228,
                    -0.11137167576608964,
                    0.6026074807224582,
                    5.206774558842878
                ],
                [
                    0.008626113436292406,
                    -0.9852710279112405,
                    -0.17078229336120465,
                    -1.5132502687993195
                ],
                [
                    0.0,
                    0.0,
                    0.0,
                    1.0
                ]
            ],
            "is_bad": false,
            "mask_path": "DSC06336.png"
        },
        {
            "file_path": "DSC06718.JPG",
            "transform_matrix": [
                [
                    0.06282716538595097,
                    0.07178045766404284,
                    -0.995439758693165,
                    2.1142466886734503
                ],
                [
                    0.9976837174295035,
                    0.02154260383315808,
                    0.06452221474914055,
                    4.292299187459723
                ],
                [
                    0.026075798465492312,
                    -0.9971877867872369,
                    -0.0702607331071835,
                    -1.5754518602974432
                ],
                [
                    0.0,
                    0.0,
                    0.0,
                    1.0
                ]
            ],
            "is_bad": false,
            "mask_path": "DSC06718.png"
        },
        {
            "file_path": "DSC04748.JPG",
            "transform_matrix": [
                [
                    -0.07906343247252264,
                    -0.33461367096705036,
                    0.9390328348080366,
                    6.679185126498005
                ],
                [
                    -0.9967835674109764,
                    0.014161989518122226,
                    -0.0788793876265297,
                    1.4358386210067022
                ],
                [
                    0.013095548293622025,
                    -0.9422489741330808,
                    -0.33465710415296185,
                    -1.4265360040596637
                ],
                [
                    0.0,
                    0.0,
                    0.0,
                    1.0
                ]
            ],
            "is_bad": false,
            "mask_path": "DSC04748.png"
        },
        {
            "file_path": "DSC06795.JPG",
            "transform_matrix": [
                [
                    0.9829779120748178,
                    -0.04774947055689248,
                    0.17741029404904465,
                    2.8739146768335586
                ],
                [
                    -0.18220366859817227,
                    -0.37732056428290517,
                    0.9079818362272438,
                    5.42718582255283
                ],
                [
                    0.023584900305055837,
                    -0.9248508959993316,
                    -0.3795979091707883,
                    -1.3777695132811734
                ],
                [
                    0.0,
                    0.0,
                    0.0,
                    1.0
                ]
            ],
            "is_bad": false,
            "mask_path": "DSC06795.png"
        },
        {
            "file_path": "DSC05457.JPG",
            "transform_matrix": [
                [
                    -0.7786195098914493,
                    -0.3303380512665618,
                    0.5335057925663131,
                    7.646035064567235
                ],
                [
                    -0.6269641284978001,
                    0.44455707985681153,
                    -0.6397538466677474,
                    4.818646100842831
                ],
                [
                    -0.025838738231463133,
                    -0.8326138208284772,
                    -0.5532509240588864,
                    -1.3818833864630389
                ],
                [
                    0.0,
                    0.0,
                    0.0,
                    1.0
                ]
            ],
            "is_bad": false,
            "mask_path": "DSC05457.png"
        },
        {
            "file_path": "DSC06289.JPG",
            "transform_matrix": [
                [
                    0.030761837129070737,
                    -0.335176167038593,
                    0.941653145497726,
                    2.9372395204885575
                ],
                [
                    -0.9992063308482114,
                    -0.03416470467082211,
                    0.020481243800362755,
                    5.98278105598228
                ],
                [
                    0.025306476825091958,
                    -0.9415358251304474,
                    -0.3359611171350462,
                    -1.4149407055283794
                ],
                [
                    0.0,
                    0.0,
                    0.0,
                    1.0
                ]
            ],
            "is_bad": false,
            "mask_path": "DSC06289.png"
        },
        {
            "file_path": "DSC05941.JPG",
            "transform_matrix": [
                [
                    0.15462436011869282,
                    -0.3421125925433101,
                    0.9268496540869933,
                    5.9538662271464595
                ],
                [
                    -0.9878084166352502,
                    -0.07067433031383316,
                    0.13870714134192316,
                    4.3913673294844395
                ],
                [
                    0.01805101887544959,
                    -0.9369973922364914,
                    -0.34886967145278025,
                    -1.4749800004989984
                ],
                [
                    0.0,
                    0.0,
                    0.0,
                    1.0
                ]
            ],
            "is_bad": false,
            "mask_path": "DSC05941.png"
        },
        {
            "file_path": "DSC05768.JPG",
            "transform_matrix": [
                [
                    0.2562327724996181,
                    -0.40381543708113926,
                    0.8782242646796594,
                    7.311470400840238
                ],
                [
                    -0.9666049642136395,
                    -0.11120556952891238,
                    0.23088560904331426,
                    5.525300113781354
                ],
                [
                    0.004428256396240644,
                    -0.9080563936676619,
                    -0.418824517506523,
                    -1.414035789104597
                ],
                [
                    0.0,
                    0.0,
                    0.0,
                    1.0
                ]
            ],
            "is_bad": false,
            "mask_path": "DSC05768.png"
        },
        {
            "file_path": "DSC05696.JPG",
            "transform_matrix": [
                [
                    0.9796473842417497,
                    -0.09436801200763345,
                    0.1771600430628332,
                    6.406425928823559
                ],
                [
                    -0.20023875484443537,
                    -0.39797544733894147,
                    0.8952764848770014,
                    5.274466791169503
                ],
                [
                    -0.013980114686507571,
                    -0.9125295730139908,
                    -0.40877173919958754,
                    -1.4280044036991277
                ],
                [
                    0.0,
                    0.0,
                    0.0,
                    1.0
                ]
            ],
            "is_bad": false,
            "mask_path": "DSC05696.png"
        },
        {
            "file_path": "DSC04883.JPG",
            "transform_matrix": [
                [
                    -0.9925669455307922,
                    0.04874428270981273,
                    -0.11151167446854816,
                    5.711551774435462
                ],
                [
                    0.1216125318125456,
                    0.3625583635479883,
                    -0.9239923295826362,
                    0.9996484794273399
                ],
                [
                    -0.004609853123061684,
                    -0.9306854613264951,
                    -0.365791363115196,
                    -1.4133185236699892
                ],
                [
                    0.0,
                    0.0,
                    0.0,
                    1.0
                ]
            ],
            "is_bad": false,
            "mask_path": "DSC04883.png"
        },
        {
            "file_path": "DSC06556.JPG",
            "transform_matrix": [
                [
                    0.9702324448100867,
                    0.028699516505628738,
                    -0.2404690017241019,
                    1.6778911366146898
                ],
                [
                    0.24176502116102655,
                    -0.1725771778623428,
                    0.9548648031130262,
                    3.824075434916725
                ],
                [
                    -0.01409530350333461,
                    -0.9845778056778517,
                    -0.17437851641110094,
                    -1.5692228086384024
                ],
                [
                    0.0,
                    0.0,
                    0.0,
                    1.0
                ]
            ],
            "is_bad": false,
            "mask_path": "DSC06556.png"
        },
        {
            "file_path": "DSC06069.JPG",
            "transform_matrix": [
                [
                    -0.850165399291594,
                    0.16091596628244972,
                    -0.5013230950622068,
                    3.6483267499944003
                ],
                [
                    0.5265151358894694,
                    0.25842365499135117,
                    -0.8099376681079877,
                    5.469137365296175
                ],
                [
                    -0.000778155934598729,
                    -0.9525351785295372,
                    -0.3044275416861045,
                    -1.5084255633314392
                ],
                [
                    0.0,
                    0.0,
                    0.0,
                    1.0
                ]
            ],
            "is_bad": true,
            "mask_path": "DSC06069.png"
        },
        {
            "file_path": "DSC04942.JPG",
            "transform_matrix": [
                [
                    -0.7831092969747284,
                    0.21452404646022702,
                    -0.5837116261323544,
                    4.858851045337901
                ],
                [
                    0.6206237659464992,
                    0.3293196003074411,
                    -0.7116001278778219,
                    1.443712376753206
                ],
                [
                    0.03957234051874836,
                    -0.9195259835065445,
                    -0.3910319622769867,
                    -1.3960710990945415
                ],
                [
                    0.0,
                    0.0,
                    0.0,
                    1.0
                ]
            ],
            "is_bad": false,
            "mask_path": "DSC04942.png"
        },
        {
            "file_path": "DSC06445.JPG",
            "transform_matrix": [
                [
                    -0.2400205129644376,
                    -0.4703164294674761,
                    0.8492305985592208,
                    2.051690187856385
                ],
                [
                    -0.9706811917386629,
                    0.1279608181621215,
                    -0.20347985900351329,
                    3.2403477093754587
                ],
                [
                    -0.012968321444868229,
                    -0.8731715096063571,
                    -0.48724053346438395,
                    -1.357896786132387
                ],
                [
                    0.0,
                    0.0,
                    0.0,
                    1.0
                ]
            ],
            "is_bad": false,
            "mask_path": "DSC06445.png"
        },
        {
            "file_path": "DSC06113.JPG",
            "transform_matrix": [
                [
                    0.01856060774631897,
                    0.35834428657731454,
                    -0.9334049904074241,
                    3.184015476161731
                ],
                [
                    0.9995335346908332,
                    -0.02929611935671441,
                    0.008628465627559104,
                    6.391909903909675
                ],
                [
                    -0.024253182647564212,
                    -0.9331297389259616,
                    -0.3587208851787575,
                    -1.450544564375729
                ],
                [
                    0.0,
                    0.0,
                    0.0,
                    1.0
                ]
            ],
            "is_bad": false,
            "mask_path": "DSC06113.png"
        },
        {
            "file_path": "DSC05035.JPG",
            "transform_matrix": [
                [
                    -0.9875900034073112,
                    -0.05644980965692973,
                    0.14655853492595536,
                    4.516502153067928
                ],
