{
    "fl_x": 464.24064102560584,
    "fl_y": 464.84515095694303,
    "cx": 876.0,
    "cy": 584.0,
    "w": 1752,
    "h": 1168,
    "k1": 0.0,
    "k2": 0.0,
    "k3": 0.0,
    "k4": 0.0,
    "camera_model": "PINHOLE",
    "has_mask": true,
    "aabb_range": [
        [
            0.002053910866379738,
            0.0014390564756467938,
            -2.5792136192321777
        ],
        [
            3.9048056602478027,
            4.102697372436523,
            -0.05303587019443512
        ]
    ],
    "frames": [
        {
            "file_path": "DSC03466.JPG",
            "transform_matrix": [
                [
                    0.948143853537504,
                    0.10372114320952347,
                    -0.30044160406036036,
                    2.205597221153864
                ],
                [
                    0.3057863204931253,
                    -0.5555350864130038,
                    0.7732240903925409,
                    1.717627945966007
                ],
                [
                    -0.08670616586107563,
                    -0.8249986013414848,
                    -0.5584436843462963,
                    -1.242815618272798
                ],
                [
                    0.0,
                    0.0,
                    0.0,
                    1.0
                ]
            ],
            "is_bad": false,
            "mask_path": "DSC03466.png"
        },
        {
            "file_path": "DSC02894.JPG",
            "transform_matrix": [
                [
                    0.4183307522211983,
                    0.34237042326085076,
                    -0.8412977326857786,
                    1.1543796463304143
                ],
                [
                    0.9078789333702236,
                    -0.18563663807311953,
                    0.37589211344141665,
                    3.598219163153224
                ],
                [
                    -0.02748134073497236,
                    -0.9210437187675161,
                    -0.3884884091325156,
                    -1.32231959585676
                ],
                [
                    0.0,
                    0.0,
                    0.0,
                    1.0
                ]
            ],
            "is_bad": false,
            "mask_path": "DSC02894.png"
        },
        {
            "file_path": "DSC03821.JPG",
            "transform_matrix": [
                [
                    0.8263815173947902,
                    0.22088089731333968,
                    -0.517981869287274,
                    1.1668937494596712
                ],
                [
                    0.5592551416408958,
                    -0.4293867740138279,
                    0.7091267057798765,
                    0.9268141373399071
                ],
                [
                    -0.06578202076940307,
                    -0.8756932268232134,
                    -0.4783660713715408,
                    -1.1546456895237325
                ],
                [
                    0.0,
                    0.0,
                    0.0,
                    1.0
                ]
            ],
            "is_bad": false,
            "mask_path": "DSC03821.png"
        },
        {
            "file_path": "DSC03063.JPG",
            "transform_matrix": [
                [
                    0.9147367599717007,
                    0.1910126024462646,
                    -0.356048937174625,
                    1.1407063207932036
                ],
                [
                    0.40397212436927676,
                    -0.4496887259025344,
                    0.7966094228219552,
                    2.289228108022135
                ],
                [
                    -0.007948753930569914,
                    -0.8725217679249385,
                    -0.4885105749194079,
                    -1.323762313737919
                ],
                [
                    0.0,
                    0.0,
                    0.0,
                    1.0
                ]
            ],
            "is_bad": false,
            "mask_path": "DSC03063.png"
        },
        {
            "file_path": "DSC03720.JPG",
            "transform_matrix": [
                [
                    -0.16011739783814471,
                    -0.07474521221618444,
                    -0.9842639748361711,
                    1.8916761420403794
                ],
                [
                    0.9865284470699669,
                    -0.045984880830966975,
                    -0.1569936745753826,
                    1.000041514876311
                ],
                [
                    -0.033526736066319646,
                    -0.9961418292520997,
                    0.08110125759209919,
                    -1.579824872368066
                ],
                [
                    0.0,
                    0.0,
                    0.0,
                    1.0
                ]
            ],
            "is_bad": false,
            "mask_path": "DSC03720.png"
        },
        {
            "file_path": "DSC02843.JPG",
            "transform_matrix": [
                [
                    -0.31207843525195866,
                    -0.1281794594182207,
                    -0.9413697872961195,
                    1.5480928885287324
                ],
                [
                    0.9499557819020907,
                    -0.056516618107031874,
                    -0.3072293675880139,
                    2.9549031047696546
                ],
                [
                    -0.013822542511279248,
                    -0.9901393326502065,
                    0.13940243633999821,
                    -1.6211395091995535
                ],
                [
                    0.0,
                    0.0,
                    0.0,
                    1.0
                ]
            ],
            "is_bad": false,
            "mask_path": "DSC02843.png"
        },
        {
            "file_path": "DSC03588.JPG",
            "transform_matrix": [
                [
                    0.7245206201469078,
                    0.1876728826166449,
                    -0.6632109469183228,
                    2.7918918792344405
                ],
                [
                    0.6890638881924885,
                    -0.2197676442993202,
                    0.6905745003315552,
                    2.1663347378476008
                ],
                [
                    -0.016150200338989014,
                    -0.9573301790132211,
                    -0.2885447961400863,
                    -1.3880132630502033
                ],
                [
                    0.0,
                    0.0,
                    0.0,
                    1.0
                ]
            ],
            "is_bad": false,
            "mask_path": "DSC03588.png"
        },
        {
            "file_path": "DSC03856.JPG",
            "transform_matrix": [
                [
                    0.999366015359495,
                    -0.006251481777094126,
                    0.035049769187203456,
                    1.0873643749810664
                ],
                [
                    -0.03557291770874889,
                    -0.21573162269525695,
                    0.9758045062895324,
                    1.5744691603508545
                ],
                [
                    0.0014611194927741428,
                    -0.9764326837754164,
                    -0.21581723560681124,
                    -1.4223049055468233
                ],
                [
                    0.0,
                    0.0,
                    0.0,
                    1.0
                ]
            ],
            "is_bad": false,
            "mask_path": "DSC03856.png"
        },
        {
            "file_path": "DSC03200.JPG",
            "transform_matrix": [
                [
                    -0.9845119778502108,
                    -0.026922591940922135,
                    0.17323781201760957,
                    1.6225737425938256
                ],
                [
                    -0.16767614087328622,
                    0.433143913163627,
                    -0.8855907984340975,
                    1.4161780196916278
                ],
                [
                    -0.0511945041123355,
                    -0.9009225963047454,
                    -0.43094964696146254,
                    -1.2818005616060497
                ],
                [
                    0.0,
                    0.0,
                    0.0,
                    1.0
                ]
            ],
            "is_bad": false,
            "mask_path": "DSC03200.png"
        },
        {
            "file_path": "DSC02942.JPG",
            "transform_matrix": [
                [
                    0.9122604650007985,
                    0.03340664840832152,
                    -0.4082460530594867,
                    1.593598373984592
                ],
                [
                    0.4096059365879728,
                    -0.06964435480736864,
                    0.9096002641574785,
                    3.4346270692460257
                ],
                [
                    0.0019546632488428306,
                    -0.997012366866925,
                    -0.07721735301080616,
                    -1.5185877088925943
                ],
                [
                    0.0,
                    0.0,
                    0.0,
                    1.0
                ]
            ],
            "is_bad": false,
            "mask_path": "DSC02942.png"
        },
        {
            "file_path": "DSC03532.JPG",
            "transform_matrix": [
                [
                    0.8201522149101139,
                    -0.2564604718399245,
                    -0.5114473294110333,
                    2.118474206358129
                ],
                [
                    0.5715788131725357,
                    0.32749190263602573,
                    0.7523607605664399,
                    1.8769744550990712
                ],
                [
                    -0.025455936641780173,
                    -0.9093828017350446,
                    0.41518058143199627,
                    -1.7007292750034542
                ],
                [
                    0.0,
                    0.0,
                    0.0,
                    1.0
                ]
            ],
            "is_bad": false,
            "mask_path": "DSC03532.png"
        },
        {
            "file_path": "DSC03767.JPG",
            "transform_matrix": [
                [
                    0.40342073304053266,
                    0.17938879124863752,
                    -0.8972576963879392,
                    1.628764913676604
                ],
                [
                    0.9149653354424301,
                    -0.08926151659687111,
                    0.3935362964118402,
                    0.6975210364543212
                ],
                [
                    -0.009494582232016734,
                    -0.9797203903304139,
                    -0.20014447201724112,
                    -1.3029004788874603
                ],
                [
                    0.0,
                    0.0,
                    0.0,
                    1.0
                ]
            ],
            "is_bad": false,
            "mask_path": "DSC03767.png"
        },
        {
            "file_path": "DSC03045.JPG",
            "transform_matrix": [
                [
                    0.9680701663319246,
                    0.05215364805210138,
                    -0.24519410688868198,
                    1.310761352076781
                ],
                [
                    0.24678767734205198,
                    -0.3699615509561251,
                    0.895669745568228,
                    2.687438290388499
                ],
                [
                    -0.043999947388558495,
                    -0.9275820437077232,
                    -0.371019617838206,
                    -1.3728733092582812
                ],
                [
                    0.0,
                    0.0,
                    0.0,
                    1.0
                ]
            ],
            "is_bad": false,
            "mask_path": "DSC03045.png"
        },
        {
            "file_path": "DSC03689.JPG",
            "transform_matrix": [
                [
                    -0.40050771303323573,
                    0.1244371328105852,
                    -0.9078044788272241,
                    2.039352960781596
                ],
                [
                    0.916085901896691,
                    0.033295964041169857,
                    -0.399597296192924,
                    1.356072292107173
                ],
                [
                    -0.019498516533665456,
                    -0.9916686839647856,
                    -0.12733039345158906,
                    -1.3930318330362366
                ],
                [
                    0.0,
                    0.0,
                    0.0,
                    1.0
                ]
            ],
            "is_bad": false,
            "mask_path": "DSC03689.png"
        },
        {
            "file_path": "DSC03564.JPG",
            "transform_matrix": [
                [
                    0.4816903284404333,
                    0.10723868296209642,
                    -0.8697553060277946,
                    2.434133796083973
                ],
                [
                    0.8763278936755151,
                    -0.05341304232743112,
                    0.47874468109375706,
                    1.993789037224305
                ],
                [
                    0.004883672100232921,
                    -0.9927975180196026,
                    -0.11970479506241337,
                    -1.4757854997901574
                ],
                [
                    0.0,
                    0.0,
                    0.0,
                    1.0
                ]
            ],
            "is_bad": false,
            "mask_path": "DSC03564.png"
        },
        {
            "file_path": "DSC03093.JPG",
            "transform_matrix": [
                [
                    0.14388203556592566,
                    0.4135527818356636,
                    -0.899039518862986,
                    1.3292678266508855
                ],
                [
                    0.9891482923028257,
                    -0.08739083279166993,
                    0.11810376022118024,
                    1.8849525052916223
                ],
                [
                    -0.029725673681337304,
                    -0.9062764142246901,
                    -0.42163899884169653,
                    -1.3391207477660354
                ],
                [
                    0.0,
                    0.0,
                    0.0,
                    1.0
                ]
            ],
            "is_bad": false,
            "mask_path": "DSC03093.png"
        },
        {
            "file_path": "DSC03841.JPG",
            "transform_matrix": [
                [
                    0.9887625673397471,
                    0.029018539121652406,
                    -0.1466509795908558,
                    1.130241648550713
                ],
                [
                    0.14233162415819592,
                    -0.48274582432789287,
                    0.8641169931545575,
                    1.2791396438752112
                ],
                [
                    -0.045719735259540616,
                    -0.8752796087429597,
                    -0.4814512564388728,
                    -1.2032195534175196
                ],
                [
                    0.0,
                    0.0,
                    0.0,
                    1.0
                ]
            ],
            "is_bad": false,
            "mask_path": "DSC03841.png"
        },
        {
            "file_path": "DSC03669.JPG",
            "transform_matrix": [
                [
                    -0.6186741426222341,
                    0.2630432329744552,
                    -0.7403043717532604,
                    2.002594656848544
                ],
                [
                    0.7855621281621906,
                    0.2210230936876257,
                    -0.5779627452129082,
                    1.5124092929084982
                ],
                [
                    0.011595173475784957,
                    -0.9391256836244535,
                    -0.3433780748809815,
                    -1.035648546501521
                ],
                [
                    0.0,
                    0.0,
                    0.0,
                    1.0
                ]
            ],
            "is_bad": false,
            "mask_path": "DSC03669.png"
        },
        {
            "file_path": "DSC03794.JPG",
            "transform_matrix": [
                [
                    0.48452244219138724,
                    0.31539167811303087,
                    -0.8159449076928782,
                    1.4969102247749648
                ],
                [
                    0.8744217656973989,
                    -0.20126540492660916,
                    0.4414508041156694,
                    1.0134503515950049
                ],
                [
                    -0.024991572330223946,
                    -0.9273728086140836,
                    -0.3733029535855413,
                    -1.2215558501697328
                ],
                [
                    0.0,
                    0.0,
                    0.0,
                    1.0
                ]
            ],
            "is_bad": false,
            "mask_path": "DSC03794.png"
        },
        {
            "file_path": "DSC03027.JPG",
            "transform_matrix": [
                [
                    0.9592835204061173,
                    -0.06938529002951553,
                    0.2737897167622726,
                    1.4079974880411645
                ],
                [
                    -0.2818672961337889,
                    -0.297137644965609,
                    0.9122828768065956,
                    3.157821747759523
                ],
                [
                    0.018054219658356636,
                    -0.9523102968422692,
                    -0.30459669019987046,
                    -1.3964510221434006
                ],
                [
                    0.0,
                    0.0,
                    0.0,
                    1.0
                ]
            ],
            "is_bad": false,
            "mask_path": "DSC03027.png"
        },
        {
            "file_path": "DSC03312.JPG",
            "transform_matrix": [
                [
                    -0.6355226858724773,
                    0.04480312918431216,
                    0.7707811591863978,
                    2.096659577123426
                ],
                [
                    -0.772075114403609,
                    -0.03260292446684854,
                    -0.6346944674682964,
                    1.5942622318610453
                ],
                [
                    -0.003306578305125961,
                    -0.9984636843328372,
                    0.05531127921508577,
                    -1.5788885200141887
                ],
                [
                    0.0,
                    0.0,
                    0.0,
                    1.0
                ]
            ],
            "is_bad": false,
            "mask_path": "DSC03312.png"
        },
        {
            "file_path": "DSC03445.JPG",
            "transform_matrix": [
                [
                    0.9545077376341573,
                    -0.14262711258152627,
                    0.26186348648328145,
                    2.4787602974480034
                ],
                [
                    -0.294188614747495,
                    -0.3071194753190006,
                    0.9050583886317679,
                    1.7358178014119254
                ],
                [
                    -0.048662488114288485,
                    -0.9409224913011903,
                    -0.33510718824592306,
                    -1.348264625037661
                ],
                [
                    0.0,
                    0.0,
                    0.0,
                    1.0
                ]
            ],
            "is_bad": false,
            "mask_path": "DSC03445.png"
        },
        {
            "file_path": "DSC03415.JPG",
            "transform_matrix": [
                [
                    0.9090943765813657,
                    0.09612469097964876,
                    0.40534856389557544,
                    2.3938107756687232
                ],
                [
                    -0.41659018176101215,
                    0.21020237772791692,
                    0.8844589198249161,
                    1.7968188859586467
                ],
                [
                    -0.000186891587082629,
                    -0.9729208622398829,
                    0.23113840202341412,
                    -1.682212562002195
                ],
                [
                    0.0,
                    0.0,
                    0.0,
                    1.0
                ]
            ],
            "is_bad": false,
            "mask_path": "DSC03415.png"
        },
        {
            "file_path": "DSC02796.JPG",
            "transform_matrix": [
                [
                    -0.6954988703064491,
                    -0.0945878368208945,
                    -0.7122741484344333,
                    1.4121261393908622
                ],
                [
                    0.71843906603044,
                    -0.07602023338889731,
                    -0.6914233381343203,
                    2.704046633771944
                ],
                [
                    0.011252990880743613,
                    -0.992609724534795,
                    0.12082758358585377,
                    -1.6324274933616756
                ],
                [
                    0.0,
                    0.0,
                    0.0,
                    1.0
                ]
            ],
            "is_bad": false,
            "mask_path": "DSC02796.png"
        },
        {
            "file_path": "DSC03140.JPG",
            "transform_matrix": [
                [
                    -0.5802763006870659,
                    0.4291388096178854,
                    -0.6921844385282566,
                    1.080750658489143
                ],
                [
                    0.8112774251708478,
                    0.22999542682390428,
                    -0.5375230628059129,
                    1.9785434943877245
                ],
                [
                    -0.07147275193451853,
                    -0.8734655034515295,
                    -0.4816115239599987,
                    -1.2921156973429724
                ],
                [
                    0.0,
                    0.0,
                    0.0,
                    1.0
                ]
            ],
            "is_bad": false,
            "mask_path": "DSC03140.png"
        },
        {
            "file_path": "DSC03954.JPG",
            "transform_matrix": [
                [
                    -0.446845531025614,
                    0.3154091395803851,
                    -0.8371655428119333,
                    1.5157311747295692
                ],
                [
                    0.8942682225563144,
                    0.13157476980891467,
                    -0.4277527627914298,
                    1.692046167526668
                ],
                [
                    -0.024767267277742058,
                    -0.9397899523930298,
                    -0.3408539685154048,
                    -1.3438455757657597
                ],
                [
                    0.0,
                    0.0,
                    0.0,
                    1.0
                ]
            ],
            "is_bad": false,
            "mask_path": "DSC03954.png"
        },
        {
            "file_path": "DSC03737.JPG",
            "transform_matrix": [
                [
                    0.23895785786603232,
                    0.0495742039700632,
                    -0.9697636518579213,
                    1.8343999896361773
                ],
                [
                    0.970172869437492,
                    -0.05413997386455343,
                    0.2362910633887128,
                    0.754226210023485
                ],
                [
                    -0.040789037393646595,
                    -0.9973019911394341,
                    -0.061032719895312386,
                    -1.4629510804702444
                ],
                [
                    0.0,
                    0.0,
                    0.0,
                    1.0
                ]
            ],
            "is_bad": false,
            "mask_path": "DSC03737.png"
        },
        {
            "file_path": "DSC03709.JPG",
            "transform_matrix": [
                [
                    -0.3548796976071203,
                    -0.10368557725971242,
                    -0.9291446073107233,
                    1.8875361981231218
                ],
                [
                    0.9349044917247107,
                    -0.03538103658134191,
                    -0.3531313829205641,
                    1.2799050755897234
                ],
                [
                    0.0037405319460218334,
                    -0.9939806252230218,
                    0.10949212347018776,
                    -1.5985343155935603
                ],
                [
                    0.0,
                    0.0,
                    0.0,
                    1.0
                ]
            ],
            "is_bad": false,
            "mask_path": "DSC03709.png"
        },
        {
            "file_path": "DSC02910.JPG",
            "transform_matrix": [
                [
                    0.7738111550791272,
                    0.20550527773175503,
                    -0.5991526325565969,
                    1.4111951293381715
                ],
                [
                    0.6327439360251406,
                    -0.2943623967651738,
                    0.7162303336176675,
                    3.5172944147741405
                ],
                [
                    -0.029178891317516876,
                    -0.933337216763082,
                    -0.35781312455864966,
                    -1.3441492882640615
                ],
                [
                    0.0,
                    0.0,
                    0.0,
                    1.0
                ]
            ],
            "is_bad": false,
            "mask_path": "DSC02910.png"
        },
        {
            "file_path": "DSC03217.JPG",
            "transform_matrix": [
                [
                    -0.9661552575022307,
                    -0.07988739711989652,
                    0.24527947770289726,
                    1.8798060139201478
                ],
                [
                    -0.2557722890064363,
                    0.4202741139204884,
                    -0.8706033570718392,
                    1.5254966783236779
                ],
                [
                    -0.03353437903415217,
                    -0.9038737040924227,
                    -0.42648302718049336,
                    -1.266213123911602
                ],
                [
                    0.0,
                    0.0,
                    0.0,
                    1.0
                ]
            ],
            "is_bad": false,
            "mask_path": "DSC03217.png"
        },
        {
            "file_path": "DSC03007.JPG",
            "transform_matrix": [
                [
                    0.8814801890732131,
                    0.10444706293581439,
                    0.4605252298360359,
                    1.4162858342154705
                ],
                [
                    -0.4710356502319719,
                    0.12542262230723636,
                    0.8731520955847947,
                    3.5301186622500884
                ],
                [
                    0.03343788991540531,
                    -0.9865900753898031,
                    0.15975584703023274,
                    -1.681935470439363
                ],
                [
                    0.0,
                    0.0,
                    0.0,
                    1.0
                ]
            ],
            "is_bad": false,
            "mask_path": "DSC03007.png"
        },
        {
            "file_path": "DSC03352.JPG",
            "transform_matrix": [
                [
                    0.15608362133449735,
                    -0.4469183172434795,
                    0.8808529507604355,
                    2.249707920945164
                ],
                [
                    -0.9872692407220371,
                    -0.04294650334098471,
                    0.15315039724048113,
                    1.9666608912693648
                ],
                [
                    -0.030616163627137028,
                    -0.8935432924951313,
                    -0.447931953494856,
                    -1.2925787933551591
                ],
                [
                    0.0,
                    0.0,
                    0.0,
                    1.0
                ]
            ],
            "is_bad": false,
            "mask_path": "DSC03352.png"
        },
        {
            "file_path": "DSC03176.JPG",
            "transform_matrix": [
                [
                    -0.8535493072332531,
                    0.2635860513486136,
                    -0.44941737133323906,
                    1.3656230026503635
                ],
                [
                    0.5201226028203961,
                    0.3807015240716377,
                    -0.7645513897736819,
                    1.3393912387750373
                ],
                [
                    -0.030431203672706835,
                    -0.8863344420160919,
                    -0.4620445852285813,
                    -1.2737677905353422
                ],
                [
                    0.0,
                    0.0,
                    0.0,
                    1.0
                ]
            ],
            "is_bad": false,
            "mask_path": "DSC03176.png"
        },
        {
            "file_path": "DSC03033.JPG",
            "transform_matrix": [
                [
                    0.9915310217088373,
                    -0.0788871476875227,
                    0.1031651633001993,
                    1.2842805270359245
                ],
                [
                    -0.12489474615127841,
                    -0.3614449654988022,
                    0.9239907138599273,
                    2.9410087743284334
                ],
                [
                    -0.03560246301644893,
                    -0.9290502434450448,
                    -0.3682364862175744,
                    -1.360424915820168
                ],
                [
                    0.0,
                    0.0,
                    0.0,
                    1.0
                ]
            ],
            "is_bad": false,
            "mask_path": "DSC03033.png"
        },
        {
            "file_path": "DSC03333.JPG",
            "transform_matrix": [
                [
                    -0.2684382595117262,
                    -0.1290984779930134,
                    0.954606978714383,
                    2.0973716073209547
                ],
                [
                    -0.9632968775877413,
                    0.03614271832707302,
                    -0.26599404042503944,
                    1.8421958209431233
                ],
                [
                    -0.0001626653706475002,
                    -0.9909728991712221,
                    -0.13406224915374143,
                    -1.4536786225151501
                ],
                [
                    0.0,
                    0.0,
                    0.0,
                    1.0
                ]
            ],
            "is_bad": false,
            "mask_path": "DSC03333.png"
        },
        {
            "file_path": "DSC02853.JPG",
            "transform_matrix": [
                [
                    -0.0017081164271665582,
                    -0.06053837426912319,
                    -0.9981644090925719,
                    1.5584839644642883
                ],
                [
                    0.9997552432464404,
                    -0.02212051685728477,
                    -0.0003692359918316892,
                    3.2052463813299332
                ],
                [
                    -0.022057559691006784,
                    -0.9979207323103466,
                    0.06056134151139263,
                    -1.6025726455479072
                ],
                [
                    0.0,
                    0.0,
                    0.0,
                    1.0
                ]
            ],
            "is_bad": false,
            "mask_path": "DSC02853.png"
        },
        {
            "file_path": "DSC03872.JPG",
            "transform_matrix": [
                [
                    0.9951888232542002,
                    0.00392487865935751,
                    0.09789689166377886,
                    1.0657615587658715
                ],
                [
                    -0.09797067987233993,
                    0.04981550029233811,
                    0.9939417295877941,
                    1.7746229135136335
                ],
                [
                    -0.0009756819521921318,
                    -0.9987507252854104,
                    0.049960352146424795,
                    -1.5523772974695778
                ],
                [
                    0.0,
                    0.0,
                    0.0,
                    1.0
                ]
            ],
            "is_bad": false,
            "mask_path": "DSC03872.png"
        },
        {
            "file_path": "DSC03164.JPG",
            "transform_matrix": [
                [
                    -0.7379660209746767,
                    0.4176773580536186,
                    -0.5300488434627053,
                    1.2186788293641027
                ],
                [
                    0.67352973970982,
                    0.4069821247980685,
                    -0.6170277463949826,
                    1.5546251308520804
                ],
                [
                    -0.041998114400824134,
                    -0.8123491704090042,
                    -0.5816571014975889,
                    -1.2252050333078048
                ],
                [
                    0.0,
                    0.0,
                    0.0,
                    1.0
                ]
            ],
            "is_bad": false,
            "mask_path": "DSC03164.png"
        },
        {
            "file_path": "DSC03276.JPG",
            "transform_matrix": [
                [
                    -0.914744915789759,
                    -0.03859381978464134,
                    0.4021843558757808,
                    2.2601297038010064
                ],
                [
                    -0.40401984570427046,
                    0.07970084652600165,
                    -0.9112714959550394,
                    1.6971833121972797
                ],
                [
                    0.003115014266954627,
                    -0.9960714292346051,
                    -0.08849861325832871,
                    -1.4706409047721745
                ],
                [
                    0.0,
                    0.0,
                    0.0,
                    1.0
                ]
            ],
            "is_bad": false,
            "mask_path": "DSC03276.png"
        },
        {
            "file_path": "DSC03056.JPG",
            "transform_matrix": [
                [
                    0.9711630262097178,
                    0.1124877646307124,
                    -0.21021151093973545,
                    1.206057102676858
                ],
                [
                    0.23808305374102576,
                    -0.5041737548558203,
                    0.8301357024221584,
                    2.51897582700471
                ],
                [
                    -0.012603017278786297,
                    -0.856244899385081,
                    -0.5164163400130763,
                    -1.2886600973581575
                ],
                [
                    0.0,
                    0.0,
                    0.0,
                    1.0
                ]
            ],
            "is_bad": false,
            "mask_path": "DSC03056.png"
        },
        {
            "file_path": "DSC03601.JPG",
            "transform_matrix": [
                [
                    0.6305612734705559,
                    0.27985069898570897,
                    -0.7239309819840564,
                    2.5735539169841055
                ],
                [
                    0.7685592686211041,
                    -0.3551803008098505,
                    0.532131191092213,
                    2.0780852602469504
                ],
                [
                    -0.10820873816741385,
                    -0.8919251875543338,
                    -0.4390447913258758,
                    -1.3434495806728255
                ],
                [
                    0.0,
                    0.0,
                    0.0,
                    1.0
                ]
            ],
            "is_bad": false,
            "mask_path": "DSC03601.png"
        },
        {
            "file_path": "DSC03919.JPG",
            "transform_matrix": [
                [
                    0.4477564122689994,
                    0.23379246295789208,
                    -0.8630499866960639,
                    1.2062243036961127
                ],
                [
                    0.8939826288335585,
                    -0.1360341569877456,
                    0.42695405780537227,
                    1.735771030631161
                ],
                [
                    -0.017585636634299844,
                    -0.9627231130479397,
                    -0.26991656671543957,
                    -1.4132551852110522
                ],
                [
                    0.0,
                    0.0,
                    0.0,
                    1.0
                ]
            ],
            "is_bad": false,
            "mask_path": "DSC03919.png"
        },
        {
            "file_path": "DSC03023.JPG",
            "transform_matrix": [
                [
                    0.9757542373556503,
                    -0.050405370474695434,
                    0.21298583734558948,
                    1.3941228888367165
                ],
                [
                    -0.21886874799815975,
                    -0.22637530306957104,
                    0.9491315468942532,
                    3.3448668448985273
                ],
                [
                    0.00037340622820851183,
                    -0.9727350722511598,
                    -0.23191882153098353,
                    -1.4398582785285738
                ],
                [
                    0.0,
                    0.0,
                    0.0,
                    1.0
                ]
            ],
            "is_bad": false,
            "mask_path": "DSC03023.png"
        },
        {
            "file_path": "DSC03227.JPG",
            "transform_matrix": [
                [
                    -0.9717956134122879,
                    -0.06552303115017451,
                    0.2265392198748984,
