{
    "fl_x": 464.73270322600786,
    "fl_y": 466.3273389891467,
    "cx": 876.0,
    "cy": 584.0,
    "w": 1752,
    "h": 1168,
    "k1": 0.0,
    "k2": 0.0,
    "k3": 0.0,
    "k4": 0.0,
    "camera_model": "PINHOLE",
    "has_mask": false,
    "aabb_range": [
        [
            0.0001681408757576719,
            0.007245640270411968,
            -2.464538812637329
        ],
        [
            3.027909517288208,
            3.693704843521118,
            -0.046806175261735916
        ]
    ],
    "frames": [
        {
            "file_path": "54aed99f_DSC04481.JPG",
            "transform_matrix": [
                [
                    0.3121100861376084,
                    0.2949688521012289,
                    0.9030950506016829,
                    1.629157721103636
                ],
                [
                    -0.9494554207583702,
                    0.13035384606989145,
                    0.2855560869729979,
                    2.3774522591996745
                ],
                [
                    -0.03349176202766853,
                    -0.9465734261560846,
                    0.32074452570762996,
                    -1.551266274329309
                ],
                [
                    0.0,
                    0.0,
                    0.0,
                    1.0
                ]
            ],
            "is_bad": false,
            "mask_path": "54aed99f_DSC04481.png"
        },
        {
            "file_path": "54aed99f_DSC03797.JPG",
            "transform_matrix": [
                [
                    -0.6238192441521108,
                    -0.49313278844154695,
                    0.6063576531959949,
                    1.9158327936429775
                ],
                [
                    -0.7812223463879963,
                    0.37033343752303877,
                    -0.50253834734914,
                    0.6806821625033883
                ],
                [
                    0.023263622450612965,
                    -0.7871932405808847,
                    -0.6162674791470357,
                    -1.2981045969182268
                ],
                [
                    0.0,
                    0.0,
                    0.0,
                    1.0
                ]
            ],
            "is_bad": false,
            "mask_path": "54aed99f_DSC03797.png"
        },
        {
            "file_path": "54aed99f_DSC04720.JPG",
            "transform_matrix": [
                [
                    0.996658745086355,
                    -0.021493159263694158,
                    0.07879968240899207,
                    2.0164577132187267
                ],
                [
                    -0.07565339791166298,
                    0.12073990669498869,
                    0.9897971702908155,
                    1.563276235948714
                ],
                [
                    -0.03078813452147106,
                    -0.9924514693606693,
                    0.1187104533583157,
                    -1.448362385342029
                ],
                [
                    0.0,
                    0.0,
                    0.0,
                    1.0
                ]
            ],
            "is_bad": false,
            "mask_path": "54aed99f_DSC04720.png"
        },
        {
            "file_path": "54aed99f_DSC03954.JPG",
            "transform_matrix": [
                [
                    -0.15716077716149163,
                    -0.30284033581959413,
                    0.9399937346188386,
                    1.3635850736351356
                ],
                [
                    -0.9874228852349134,
                    0.0647830235067151,
                    -0.1442192968353666,
                    1.1683778736634307
                ],
                [
                    -0.017220215920688977,
                    -0.950836942312405,
                    -0.30921282848168036,
                    -1.3870333412481126
                ],
                [
                    0.0,
                    0.0,
                    0.0,
                    1.0
                ]
            ],
            "is_bad": false,
            "mask_path": "54aed99f_DSC03954.png"
        },
        {
            "file_path": "54aed99f_DSC04374.JPG",
            "transform_matrix": [
                [
                    -0.7850813097174014,
                    -0.2174351947400981,
                    0.5799735107923002,
                    1.9791557808574158
                ],
                [
                    -0.6188379331307409,
                    0.31497480880201384,
                    -0.719604392940045,
                    2.0704788317450302
                ],
                [
                    -0.026209724357288165,
                    -0.9238575679770513,
                    -0.38183798192511637,
                    -1.2919599333505924
                ],
                [
                    0.0,
                    0.0,
                    0.0,
                    1.0
                ]
            ],
            "is_bad": false,
            "mask_path": "54aed99f_DSC04374.png"
        },
        {
            "file_path": "54aed99f_DSC04153.JPG",
            "transform_matrix": [
                [
                    0.7451865117022756,
                    -0.3941707508479952,
                    0.5378907713959421,
                    2.0100453946683112
                ],
                [
                    -0.666348869192779,
                    -0.40868140349107684,
                    0.6236655313275441,
                    1.157217157420788
                ],
                [
                    -0.026004755382400255,
                    -0.8231700490278367,
                    -0.5671991035615361,
                    -1.2213730070606952
                ],
                [
                    0.0,
                    0.0,
                    0.0,
                    1.0
                ]
            ],
            "is_bad": false,
            "mask_path": "54aed99f_DSC04153.png"
        },
        {
            "file_path": "54aed99f_DSC04622.JPG",
            "transform_matrix": [
                [
                    0.9677507517506075,
                    -0.1800597929457241,
                    0.17617307810921617,
                    1.7413095901535194
                ],
                [
                    -0.2515153753573835,
                    -0.6515317386906518,
                    0.7157139159172256,
                    2.4070398315571686
                ],
                [
                    -0.014088947617447048,
                    -0.7369429180357718,
                    -0.6758081363167752,
                    -1.0953157949726307
                ],
                [
                    0.0,
                    0.0,
                    0.0,
                    1.0
                ]
            ],
            "is_bad": false,
            "mask_path": "54aed99f_DSC04622.png"
        },
        {
            "file_path": "54aed99f_DSC04544.JPG",
            "transform_matrix": [
                [
                    0.600017920613754,
                    -0.3413226800087002,
                    0.7235173274041362,
                    1.5576892338496846
                ],
                [
                    -0.7993049544695743,
                    -0.21845964508628576,
                    0.5598097652141867,
                    2.063627032044113
                ],
                [
                    -0.03301643079946132,
                    -0.9142068757018026,
                    -0.4039006111864781,
                    -1.2765712555346855
                ],
                [
                    0.0,
                    0.0,
                    0.0,
                    1.0
                ]
            ],
            "is_bad": true,
            "mask_path": "54aed99f_DSC04544.png"
        },
        {
            "file_path": "54aed99f_DSC04041.JPG",
            "transform_matrix": [
                [
                    0.6938508394696145,
                    0.05241938233780425,
                    0.7182083408890721,
                    1.740597429811885
                ],
                [
                    -0.7199847537128494,
                    0.03125881825136088,
                    0.693285540526106,
                    1.251121493636787
                ],
                [
                    0.013891255823646418,
                    -0.9981358097157174,
                    0.05943011336679892,
                    -1.4992207016834564
                ],
                [
                    0.0,
                    0.0,
                    0.0,
                    1.0
                ]
            ],
            "is_bad": false,
            "mask_path": "54aed99f_DSC04041.png"
        },
        {
            "file_path": "54aed99f_DSC03875.JPG",
            "transform_matrix": [
                [
                    -0.41021179406664376,
                    -0.5504515727001528,
                    0.7271377793242174,
                    1.6581465398027442
                ],
                [
                    -0.9112119740333748,
                    0.28031391977856895,
                    -0.3018556687501088,
                    0.9717487379127905
                ],
                [
                    -0.03766991354950163,
                    -0.7864014067194326,
                    -0.6165661401041022,
                    -1.26938247703489
                ],
                [
                    0.0,
                    0.0,
                    0.0,
                    1.0
                ]
            ],
            "is_bad": false,
            "mask_path": "54aed99f_DSC03875.png"
        },
        {
            "file_path": "54aed99f_DSC04317.JPG",
            "transform_matrix": [
                [
                    -0.9583628206554587,
                    0.0645375581885864,
                    0.2781647130179675,
                    1.8303058184316974
                ],
                [
                    -0.28320541658645626,
                    -0.09015588747895775,
                    -0.9548123417556843,
                    1.845137943278594
                ],
                [
                    -0.036543070497773236,
                    -0.9938344024715268,
                    0.10467943667530102,
                    -1.4977791044848163
                ],
                [
                    0.0,
                    0.0,
                    0.0,
                    1.0
                ]
            ],
            "is_bad": false,
            "mask_path": "54aed99f_DSC04317.png"
        },
        {
            "file_path": "54aed99f_DSC04698.JPG",
            "transform_matrix": [
                [
                    0.9976181024499904,
                    -0.02867031298484073,
                    -0.06273862301191944,
                    1.9908536258574812
                ],
                [
                    0.033622637017209585,
                    -0.5920540225484192,
                    0.8051965925562806,
                    1.6832642609110797
                ],
                [
                    -0.06022989244627152,
                    -0.8053881347136838,
                    -0.5896798389959786,
                    -1.1430850713106864
                ],
                [
                    0.0,
                    0.0,
                    0.0,
                    1.0
                ]
            ],
            "is_bad": false,
            "mask_path": "54aed99f_DSC04698.png"
        },
        {
            "file_path": "54aed99f_DSC04401.JPG",
            "transform_matrix": [
                [
                    -0.6383185420645485,
                    0.21923593517163395,
                    0.7378922980937057,
                    1.9359975759407224
                ],
                [
                    -0.7683047649002788,
                    -0.12228669290975007,
                    -0.628294320337791,
                    2.2925934214313433
                ],
                [
                    -0.04751028402482637,
                    -0.9679780831540649,
                    0.24649787716177982,
                    -1.5341836310140122
                ],
                [
                    0.0,
                    0.0,
                    0.0,
                    1.0
                ]
            ],
            "is_bad": false,
            "mask_path": "54aed99f_DSC04401.png"
        },
        {
            "file_path": "54aed99f_DSC03839.JPG",
            "transform_matrix": [
                [
                    -0.5312352271761098,
                    0.15964399586526795,
                    0.8320474313350882,
                    1.9600340682862365
                ],
                [
                    -0.8471990286607992,
                    -0.10769449043639324,
                    -0.5202458097532797,
                    0.7408082695906871
                ],
                [
                    0.006552804235366911,
                    -0.9812826765585017,
                    0.19246134532117526,
                    -1.5998779716896245
                ],
                [
                    0.0,
                    0.0,
                    0.0,
                    1.0
                ]
            ],
            "is_bad": false,
            "mask_path": "54aed99f_DSC03839.png"
        },
        {
            "file_path": "54aed99f_DSC04275.JPG",
            "transform_matrix": [
                [
                    -0.9996512432757245,
                    -0.010554338149737063,
                    0.02420739067967183,
                    1.7219773744707805
                ],
                [
                    -0.025100001728104858,
                    0.09479867322122351,
                    -0.9951799844594665,
                    1.5360037296689129
                ],
                [
                    0.008208637557254225,
                    -0.995440514295915,
                    -0.09503052545228222,
                    -1.434426564480391
                ],
                [
                    0.0,
                    0.0,
                    0.0,
                    1.0
                ]
            ],
            "is_bad": false,
            "mask_path": "54aed99f_DSC04275.png"
        },
        {
            "file_path": "54aed99f_DSC03906.JPG",
            "transform_matrix": [
                [
                    -0.2955962461630541,
                    0.12366174354694293,
                    0.9472753730765111,
                    1.5357985860160608
                ],
                [
                    -0.9551076496122102,
                    -0.017698649997032887,
                    -0.2957298352221595,
                    1.017983526170384
                ],
                [
                    -0.019804971763532155,
                    -0.9921665842847234,
                    0.12334193172734327,
                    -1.5567307740588756
                ],
                [
                    0.0,
                    0.0,
                    0.0,
                    1.0
                ]
            ],
            "is_bad": false,
            "mask_path": "54aed99f_DSC03906.png"
        },
        {
            "file_path": "54aed99f_DSC03854.JPG",
            "transform_matrix": [
                [
                    -0.5531442940502683,
                    -0.0993426629203001,
                    0.8271411157012661,
                    1.7356233891817128
                ],
                [
                    -0.833042775882437,
                    0.07600818164468695,
                    -0.5479621244877737,
                    0.8295515704835315
                ],
                [
                    -0.00843347554193006,
                    -0.9921460535863522,
                    -0.12480017966057608,
                    -1.4902048768601772
                ],
                [
                    0.0,
                    0.0,
                    0.0,
                    1.0
                ]
            ],
            "is_bad": false,
            "mask_path": "54aed99f_DSC03854.png"
        },
        {
            "file_path": "54aed99f_DSC04226.JPG",
            "transform_matrix": [
                [
                    -0.7159593818641038,
                    -0.3544325531114132,
                    0.6014812788572023,
                    1.6493297180383024
                ],
                [
                    -0.697053218392144,
                    0.4110073844042294,
                    -0.5875285020272194,
                    1.2473185680050574
                ],
                [
                    -0.038974020191978126,
                    -0.8399110043689862,
                    -0.5413229447288892,
                    -1.2555174939008646
                ],
                [
                    0.0,
                    0.0,
                    0.0,
                    1.0
                ]
            ],
            "is_bad": false,
            "mask_path": "54aed99f_DSC04226.png"
        },
        {
            "file_path": "54aed99f_DSC04452.JPG",
            "transform_matrix": [
                [
                    -0.1789068357831267,
                    -0.332463840093496,
                    0.9259914357813226,
                    1.5329028920277203
                ],
                [
                    -0.9826965659411362,
                    0.10625903830541848,
                    -0.15171181913715676,
                    2.318684199508638
                ],
                [
                    -0.047956265467268014,
                    -0.9371108855459388,
                    -0.34572154227606183,
                    -1.3160409691837993
                ],
                [
                    0.0,
                    0.0,
                    0.0,
                    1.0
                ]
            ],
            "is_bad": true,
            "mask_path": "54aed99f_DSC04452.png"
        },
        {
            "file_path": "54aed99f_DSC04078.JPG",
            "transform_matrix": [
                [
                    0.8577546374091802,
                    -0.1629346040292035,
                    0.48755440395190003,
                    1.9163372952184257
                ],
                [
                    -0.5140573118172685,
                    -0.26922064795821177,
                    0.8144110282161977,
                    1.362373062609307
                ],
                [
                    -0.001436025852612357,
                    -0.9491957424698066,
                    -0.3146829838217239,
                    -1.3390109550539597
                ],
                [
                    0.0,
                    0.0,
                    0.0,
                    1.0
                ]
            ],
            "is_bad": false,
            "mask_path": "54aed99f_DSC04078.png"
        },
        {
            "file_path": "54aed99f_DSC04421.JPG",
            "transform_matrix": [
                [
                    -0.6508084884747597,
                    -0.14842401548522158,
                    0.7445929243260646,
                    1.7694597481400063
                ],
                [
                    -0.758496826366394,
                    0.17053914635530834,
                    -0.6289665841302773,
                    2.40715846540918
                ],
                [
                    -0.03362849567413088,
                    -0.974108161955152,
                    -0.22356746876737027,
                    -1.3513273661912695
                ],
                [
                    0.0,
                    0.0,
                    0.0,
                    1.0
                ]
            ],
            "is_bad": false,
            "mask_path": "54aed99f_DSC04421.png"
        },
        {
            "file_path": "54aed99f_DSC04121.JPG",
            "transform_matrix": [
                [
                    0.9977209083566975,
                    0.05342920065755432,
                    0.04121055137925061,
                    1.9233641851073728
                ],
                [
                    -0.057270660800312616,
                    0.34758714025439263,
                    0.9358970303090344,
                    1.3865833147624897
                ],
                [
                    0.035679972524969836,
                    -0.9361241907177,
                    0.34985488293540956,
                    -1.5832564534982911
                ],
                [
                    0.0,
                    0.0,
                    0.0,
                    1.0
                ]
            ],
            "is_bad": false,
            "mask_path": "54aed99f_DSC04121.png"
        },
        {
            "file_path": "54aed99f_DSC04687.JPG",
            "transform_matrix": [
                [
                    0.9940985616619298,
                    0.001177735749445943,
                    -0.10847424874221104,
                    2.041015763583603
                ],
                [
                    0.10568818423393277,
                    -0.2359353547269852,
                    0.9660044079108469,
                    1.8506919383244622
                ],
                [
                    -0.0244552124304179,
                    -0.9717680388489612,
                    -0.23466746953215953,
                    -1.3206007849176726
                ],
                [
                    0.0,
                    0.0,
                    0.0,
                    1.0
                ]
            ],
            "is_bad": false,
            "mask_path": "54aed99f_DSC04687.png"
        },
        {
            "file_path": "54aed99f_DSC04666.JPG",
            "transform_matrix": [
                [
                    0.9386403813071145,
                    -0.1390983005777776,
                    -0.31560401986668185,
                    1.895177264286786
                ],
                [
                    0.34461731131721757,
                    0.3413769042327355,
                    0.8744716793567221,
                    2.0645489438985
                ],
                [
                    -0.013897601236420793,
                    -0.929577039321028,
                    0.36836582991236505,
                    -1.52109619508198
                ],
                [
                    0.0,
                    0.0,
                    0.0,
                    1.0
                ]
            ],
            "is_bad": false,
            "mask_path": "54aed99f_DSC04666.png"
        },
        {
            "file_path": "54aed99f_DSC03984.JPG",
            "transform_matrix": [
                [
                    0.2446683786047912,
                    0.2638030083854918,
                    0.9330302016964235,
                    1.4320375551601794
                ],
                [
                    -0.9695963886583961,
                    0.07103024649324613,
                    0.23417418129184964,
                    1.2079195216479681
                ],
                [
                    -0.004497511701140837,
                    -0.9619577313218471,
                    0.27316129948919265,
                    -1.5950269141202407
                ],
                [
                    0.0,
                    0.0,
                    0.0,
                    1.0
                ]
            ],
            "is_bad": false,
            "mask_path": "54aed99f_DSC03984.png"
        },
        {
            "file_path": "54aed99f_DSC04636.JPG",
            "transform_matrix": [
                [
                    0.9938552681971687,
                    -0.07289631194660262,
                    0.08329365871011944,
                    1.863644278358292
                ],
                [
                    -0.10554049008414418,
                    -0.39729446729781415,
                    0.9116020574830583,
                    2.2461133094825723
                ],
                [
                    -0.03336031818692722,
                    -0.9147913608900832,
                    -0.40254671183769164,
                    -1.2462462307433848
                ],
                [
                    0.0,
                    0.0,
                    0.0,
                    1.0
                ]
            ],
            "is_bad": false,
            "mask_path": "54aed99f_DSC04636.png"
        },
        {
            "file_path": "54aed99f_DSC04285.JPG",
            "transform_matrix": [
                [
                    -0.9991586608129943,
                    -0.009859395668033809,
                    0.03980907986182585,
                    1.8484000875272948
                ],
                [
                    -0.040037923959285335,
                    0.44477785362146266,
                    -0.8947455647126255,
                    1.63148195338863
                ],
                [
                    -0.008884546550868292,
                    -0.8955866531190299,
                    -0.4447983943177397,
                    -1.2936360940710332
                ],
                [
                    0.0,
                    0.0,
                    0.0,
                    1.0
                ]
            ],
            "is_bad": false,
            "mask_path": "54aed99f_DSC04285.png"
        },
        {
            "file_path": "54aed99f_DSC04362.JPG",
            "transform_matrix": [
                [
                    -0.7185283793759111,
                    -0.4569883625831359,
                    0.5242886652360614,
                    2.054764157854775
                ],
                [
                    -0.6932460293758675,
                    0.531201613594677,
                    -0.48706753994595486,
                    1.9397645866139817
                ],
                [
                    -0.05591878741549741,
                    -0.7134328855456521,
                    -0.6984888023697903,
                    -1.129434272979709
                ],
                [
                    0.0,
                    0.0,
                    0.0,
                    1.0
                ]
            ],
            "is_bad": false,
            "mask_path": "54aed99f_DSC04362.png"
        },
        {
            "file_path": "54aed99f_DSC04754.JPG",
            "transform_matrix": [
                [
                    0.9924975855493544,
                    -0.023157282133356674,
                    -0.12005116810301475,
                    1.7828906190809446
                ],
                [
                    0.1196399561649823,
                    -0.01839800405317873,
                    0.9926468628549129,
                    1.0712399449001548
                ],
                [
                    -0.025195705339270534,
                    -0.9995625311760415,
                    -0.015489438382372038,
                    -1.3929450934923127
                ],
                [
                    0.0,
                    0.0,
                    0.0,
                    1.0
                ]
            ],
            "is_bad": false,
            "mask_path": "54aed99f_DSC04754.png"
        },
        {
            "file_path": "54aed99f_DSC04587.JPG",
            "transform_matrix": [
                [
                    0.9546079812946779,
                    0.1722407533868996,
                    0.24301589437979831,
                    1.714266013304296
                ],
                [
                    -0.2970292905818343,
                    0.6115288949647754,
                    0.7333525831137524,
                    2.5418426272713712
                ],
                [
                    -0.022298039935213166,
                    -0.772247067651198,
                    0.6349309127134805,
                    -1.6110811051395018
                ],
                [
                    0.0,
                    0.0,
                    0.0,
                    1.0
                ]
            ],
            "is_bad": false,
            "mask_path": "54aed99f_DSC04587.png"
        },
        {
            "file_path": "54aed99f_DSC04333.JPG",
            "transform_matrix": [
                [
                    -0.7912271929130769,
                    0.08879909555631543,
                    0.605040700964219,
                    2.000082307224346
                ],
                [
                    -0.6104987622839463,
                    -0.057481138986374546,
                    -0.789928591652815,
                    1.9144322750698561
                ],
                [
                    -0.035366515868305984,
                    -0.9943895812453036,
                    0.0996923781746995,
                    -1.4955206948125497
                ],
                [
                    0.0,
                    0.0,
                    0.0,
                    1.0
                ]
            ],
            "is_bad": false,
            "mask_path": "54aed99f_DSC04333.png"
        },
        {
            "file_path": "54aed99f_DSC04517.JPG",
            "transform_matrix": [
                [
                    0.4897258240245417,
                    -0.0015700715319013007,
                    0.8718750782989882,
                    1.6458269034098973
                ],
                [
                    -0.8718441326160432,
                    0.007733683011131877,
                    0.4897223688683818,
                    2.2356955665805995
                ],
                [
                    -0.007511704630765308,
                    -0.9999688620264465,
                    0.0024185266324970338,
                    -1.4366842487144154
                ],
                [
                    0.0,
                    0.0,
                    0.0,
                    1.0
                ]
            ],
            "is_bad": false,
            "mask_path": "54aed99f_DSC04517.png"
        },
        {
            "file_path": "54aed99f_DSC04008.JPG",
            "transform_matrix": [
                [
                    0.4396474733187576,
                    -0.3432153295035221,
                    0.8300080341769115,
                    1.5374039758387146
                ],
                [
                    -0.8981071275893047,
                    -0.1570190885785663,
                    0.41079020581708725,
                    1.1467956018868082
                ],
                [
                    -0.010662390806985141,
                    -0.9260390075022462,
                    -0.3772771792814059,
                    -1.3458044864472474
                ],
                [
                    0.0,
                    0.0,
                    0.0,
                    1.0
                ]
            ],
            "is_bad": false,
            "mask_path": "54aed99f_DSC04008.png"
        },
        {
            "file_path": "54aed99f_DSC04440.JPG",
            "transform_matrix": [
                [
                    -0.48744314482542045,
                    -0.5722401792614555,
                    0.6595000817297312,
                    1.5810192895085637
                ],
                [
                    -0.8726013433598847,
                    0.3461403143097422,
                    -0.3446067010028682,
                    2.3661924301012323
                ],
                [
                    -0.03108176522064943,
                    -0.7434568313280677,
                    -0.668061272506048,
                    -1.1430138963368344
                ],
                [
                    0.0,
                    0.0,
                    0.0,
                    1.0
                ]
            ],
            "is_bad": false,
            "mask_path": "54aed99f_DSC04440.png"
        },
        {
            "file_path": "54aed99f_DSC04100.JPG",
            "transform_matrix": [
                [
                    0.9847456818617459,
                    -0.01925905456603185,
                    0.17293071118765366,
                    1.966989334117528
                ],
                [
                    -0.17333260648922263,
                    -0.19553082758392396,
                    0.9652582571477945,
                    1.2054987346871373
                ],
                [
                    0.015223323628476363,
                    -0.9805084315198767,
                    -0.195886360260571,
                    -1.3861102675726051
                ],
                [
                    0.0,
                    0.0,
                    0.0,
                    1.0
                ]
            ],
            "is_bad": false,
            "mask_path": "54aed99f_DSC04100.png"
        },
        {
            "file_path": "54aed99f_DSC04236.JPG",
            "transform_matrix": [
                [
                    -0.8750882629547948,
                    -0.13173727755262477,
                    0.465688545856328,
                    1.722753947189457
                ],
                [
                    -0.4839136515686929,
                    0.2519697353830446,
                    -0.8380565794004903,
                    1.3820199828206503
                ],
                [
                    -0.006936127465048571,
                    -0.9587265210444634,
                    -0.28424522508173633,
                    -1.3597202950982241
                ],
                [
                    0.0,
                    0.0,
                    0.0,
                    1.0
                ]
            ],
            "is_bad": false,
            "mask_path": "54aed99f_DSC04236.png"
        },
        {
            "file_path": "54aed99f_DSC04194.JPG",
            "transform_matrix": [
                [
                    -0.010395159994069241,
                    0.3097660798384985,
                    0.9507559710200008,
                    1.9442540771871628
                ],
                [
                    -0.9998866272271315,
                    -0.013578448479853046,
                    -0.0065083353654089545,
                    1.2244299194272639
                ],
                [
                    0.010893729436990747,
                    -0.9507158363666649,
                    0.30987211094350786,
                    -1.5734938465255142
                ],
                [
                    0.0,
                    0.0,
                    0.0,
                    1.0
                ]
            ],
            "is_bad": false,
            "mask_path": "54aed99f_DSC04194.png"
        },
        {
            "file_path": "54aed99f_DSC04260.JPG",
            "transform_matrix": [
                [
                    -0.9525045634209839,
                    0.04316741442710664,
                    0.30144921793542345,
                    1.8077080724051453
                ],
                [
                    -0.3024150845721486,
                    -0.25039240949171104,
                    -0.9197003631031982,
                    1.4984724496675175
                ],
                [
                    0.035779509295406055,
                    -0.9671815835718818,
                    0.2515543899715653,
                    -1.566363795048156
                ],
                [
                    0.0,
                    0.0,
                    0.0,
                    1.0
                ]
            ],
            "is_bad": false,
            "mask_path": "54aed99f_DSC04260.png"
        },
        {
            "file_path": "54aed99f_DSC04386.JPG",
            "transform_matrix": [
                [
                    -0.7505372619206636,
                    -0.034425922878206686,
                    0.659930810238934,
                    1.8794633144573507
                ],
                [
                    -0.6591992971119242,
                    0.10907603823436493,
                    -0.7440152582912791,
                    2.185115153347061
                ],
                [
                    -0.04636922638751314,
                    -0.9934371010371409,
                    -0.10455917524131632,
                    -1.4170961517115406
                ],
                [
                    0.0,
                    0.0,
                    0.0,
                    1.0
                ]
            ],
            "is_bad": false,
            "mask_path": "54aed99f_DSC04386.png"
        },
        {
            "file_path": "54aed99f_DSC03818.JPG",
            "transform_matrix": [
                [
                    -0.5815589668584826,
                    -0.1897860901254755,
                    0.7910565138227353,
                    1.9005552634378389
                ],
                [
                    -0.8134994794041038,
                    0.13234283526379204,
                    -0.5663073114163311,
                    0.7320013893143337
                ],
                [
                    0.00278658854998371,
                    -0.9728651571257066,
                    -0.23135604806234802,
                    -1.4549024719455095
                ],
                [
                    0.0,
                    0.0,
                    0.0,
                    1.0
                ]
            ],
            "is_bad": false,
            "mask_path": "54aed99f_DSC03818.png"
        },
        {
            "file_path": "54aed99f_DSC04530.JPG",
            "transform_matrix": [
                [
                    0.5446233657769454,
                    -0.33873384725652145,
                    0.7672318881359058,
                    1.6285873046963664
                ],
                [
                    -0.8377927383543479,
                    -0.17764826360423866,
                    0.5162794030359162,
                    2.201419113563901
                ],
                [
                    -0.03858389574051093,
                    -0.9239591306768902,
                    -0.3805401527149149,
                    -1.2857821609308675
                ],
                [
                    0.0,
                    0.0,
                    0.0,
                    1.0
                ]
            ],
            "is_bad": true,
            "mask_path": "54aed99f_DSC04530.png"
        },
        {
            "file_path": "54aed99f_DSC04305.JPG",
            "transform_matrix": [
                [
                    -0.9786311077359708,
                    -0.02519079450617986,
                    0.20407493438345992,
                    1.9068925164710293
                ],
                [
                    -0.20462803167586197,
                    0.21686605937258244,
                    -0.9545137405740524,
                    1.7926363425311034
                ],
                [
                    -0.020211967344333445,
                    -0.9758762914244583,
                    -0.21738661461027578,
                    -1.3803952821308052
                ],
                [
                    0.0,
                    0.0,
                    0.0,
                    1.0
                ]
            ],
            "is_bad": false,
            "mask_path": "54aed99f_DSC04305.png"
        },
        {
            "file_path": "54aed99f_DSC03918.JPG",
            "transform_matrix": [
                [
                    -0.2001174744113106,
                    -0.07691138480394216,
                    0.9767485015718111,
                    1.5181867803868259
                ],
                [
                    -0.9797121401306276,
