{
    "fl_x": 624.7261389400985,
    "fl_y": 625.4093503515534,
    "cx": 876.0,
    "cy": 584.0,
    "w": 1752,
    "h": 1168,
    "k1": 0.0,
    "k2": 0.0,
    "k3": 0.0,
    "k4": 0.0,
    "camera_model": "PINHOLE",
    "has_mask": false,
    "aabb_range": [
        [
            0.003974762745201588,
            0.001337474212050438,
            -3.4592623710632324
        ],
        [
            8.015074729919434,
            8.710466384887695,
            -0.060427453368902206
        ]
    ],
    "frames": [
        {
            "file_path": "DSC01163.JPG",
            "transform_matrix": [
                [
                    0.04863929540300605,
                    -0.4944838650066555,
                    0.8678248245992849,
                    7.217058662808928
                ],
                [
                    -0.9963704091543871,
                    -0.08478968819814948,
                    0.007531038227400102,
                    2.2237979667524153
                ],
                [
                    0.0698586193981894,
                    -0.8650412799533563,
                    -0.4968132015883233,
                    -1.3530481577555407
                ],
                [
                    0.0,
                    0.0,
                    0.0,
                    1.0
                ]
            ],
            "is_bad": false,
            "mask_path": "DSC01163.png"
        },
        {
            "file_path": "DSC01259.JPG",
            "transform_matrix": [
                [
                    -0.9521836817001229,
                    0.1332218159618721,
                    -0.2749512394149551,
                    0.43040427027294276
                ],
                [
                    0.30364835401213436,
                    0.5122609774179571,
                    -0.8033594264838875,
                    5.880723217504943
                ],
                [
                    0.03382178897871202,
                    -0.8484342277198748,
                    -0.528219128604464,
                    -1.4506504672286904
                ],
                [
                    0.0,
                    0.0,
                    0.0,
                    1.0
                ]
            ],
            "is_bad": false,
            "mask_path": "DSC01259.png"
        },
        {
            "file_path": "DSC01089.JPG",
            "transform_matrix": [
                [
                    0.31344789482494695,
                    -0.2543530255326058,
                    0.9149070748618235,
                    6.38742178004854
                ],
                [
                    -0.9490032647845136,
                    -0.049599323201703294,
                    0.31134018463132407,
                    7.566543444139784
                ],
                [
                    -0.03381154622526082,
                    -0.9658387264654189,
                    -0.2569286550805776,
                    -1.4628412135302704
                ],
                [
                    0.0,
                    0.0,
                    0.0,
                    1.0
                ]
            ],
            "is_bad": false,
            "mask_path": "DSC01089.png"
        },
        {
            "file_path": "DSC01402.JPG",
            "transform_matrix": [
                [
                    0.15692746000326335,
                    -0.08546419430171583,
                    0.983905302246757,
                    1.9059946831362407
                ],
                [
                    -0.9745204188272258,
                    0.14826327993864222,
                    0.16830909990444107,
                    0.888993827516198
                ],
                [
                    -0.16026142887710534,
                    -0.9852481267752776,
                    -0.060020022493115124,
                    -0.8464623686464676
                ],
                [
                    0.0,
                    0.0,
                    0.0,
                    1.0
                ]
            ],
            "is_bad": false,
            "mask_path": "DSC01402.png"
        },
        {
            "file_path": "DSC01369.JPG",
            "transform_matrix": [
                [
                    -0.8618563558161256,
                    0.2852456738837581,
                    -0.41933104758644796,
                    3.9992333936775935
                ],
                [
                    0.4983679128617936,
                    0.32312389930221824,
                    -0.8045000740394681,
                    3.617619920823728
                ],
                [
                    -0.09398428256430442,
                    -0.9023446410492669,
                    -0.4206436774760109,
                    -1.546960093958092
                ],
                [
                    0.0,
                    0.0,
                    0.0,
                    1.0
                ]
            ],
            "is_bad": false,
            "mask_path": "DSC01369.png"
        },
        {
            "file_path": "DSC01207.JPG",
            "transform_matrix": [
                [
                    -0.7083158383356943,
                    -0.2073123444102701,
                    0.6747668227009386,
                    4.624840150322162
                ],
                [
                    -0.705833506058812,
                    0.22068888378205717,
                    -0.6731236723661964,
                    0.9793416209886847
                ],
                [
                    -0.009366690318748691,
                    -0.953057190534832,
                    -0.3026454306318294,
                    -1.5687535981260565
                ],
                [
                    0.0,
                    0.0,
                    0.0,
                    1.0
                ]
            ],
            "is_bad": false,
            "mask_path": "DSC01207.png"
        },
        {
            "file_path": "DSC01062.JPG",
            "transform_matrix": [
                [
                    0.745326160236344,
                    -0.27474133437336173,
                    0.6074587344454706,
                    6.886266354073748
                ],
                [
                    -0.658510264654271,
                    -0.1609945674808401,
                    0.7351496314265692,
                    4.925838308043612
                ],
                [
                    -0.10417843448771374,
                    -0.9479440639765632,
                    -0.30091345160907595,
                    -1.4691067564110005
                ],
                [
                    0.0,
                    0.0,
                    0.0,
                    1.0
                ]
            ],
            "is_bad": true,
            "mask_path": "DSC01062.png"
        },
        {
            "file_path": "DSC01231.JPG",
            "transform_matrix": [
                [
                    -0.2830150749027281,
                    -0.2820048507317176,
                    -0.9167200944353654,
                    1.425818665441807
                ],
                [
                    0.9566755763726953,
                    -0.014869696361655124,
                    -0.2907760886009778,
                    3.2657513716786335
                ],
                [
                    0.06836891800938981,
                    -0.9592977412117129,
                    0.2739955013432364,
                    -1.799731313564271
                ],
                [
                    0.0,
                    0.0,
                    0.0,
                    1.0
                ]
            ],
            "is_bad": false,
            "mask_path": "DSC01231.png"
        },
        {
            "file_path": "DSC00990.JPG",
            "transform_matrix": [
                [
                    -0.20863437264739984,
                    0.3875318020119165,
                    0.8979369693800467,
                    3.1118487574638483
                ],
                [
                    -0.9775586492882522,
                    -0.11001815319393562,
                    -0.179652701536948,
                    1.8496137845643632
                ],
                [
                    0.02916823189282979,
                    -0.9152677796127168,
                    0.40178863330245373,
                    -1.8636407539418096
                ],
                [
                    0.0,
                    0.0,
                    0.0,
                    1.0
                ]
            ],
            "is_bad": true,
            "mask_path": "DSC00990.png"
        },
        {
            "file_path": "DSC01189.JPG",
            "transform_matrix": [
                [
                    0.9044654374274599,
                    0.16726410246689513,
                    -0.3923837312186851,
                    5.64143995610123
                ],
                [
                    0.42644131624460185,
                    -0.3341166759563659,
                    0.8405437827070281,
                    2.271732525862488
                ],
                [
                    0.009490853424477053,
                    -0.9275714349169083,
                    -0.3735253094871379,
                    -1.4886170732944948
                ],
                [
                    0.0,
                    0.0,
                    0.0,
                    1.0
                ]
            ],
            "is_bad": false,
            "mask_path": "DSC01189.png"
        },
        {
            "file_path": "DSC01299.JPG",
            "transform_matrix": [
                [
                    -0.19447451737383326,
                    0.6343574993237534,
                    -0.748177936819797,
                    0.9544854274336411
                ],
                [
                    0.9785652165780033,
                    0.07278739106143907,
                    -0.19264504303540875,
                    4.541036513484851
                ],
                [
                    -0.06774790768621561,
                    -0.7696054565517209,
                    -0.6349154764612032,
                    -1.2035470690699033
                ],
                [
                    0.0,
                    0.0,
                    0.0,
                    1.0
                ]
            ],
            "is_bad": true,
            "mask_path": "DSC01299.png"
        },
        {
            "file_path": "DSC00960.JPG",
            "transform_matrix": [
                [
                    0.9920890931341022,
                    -0.025708137318547146,
                    -0.12287523330584173,
                    1.297110043415748
                ],
                [
                    0.124978427408001,
                    0.11013351882913158,
                    0.9860278904336003,
                    1.7756919414406789
                ],
                [
                    -0.011816258586261206,
                    -0.9935842690511578,
                    0.11247522539252201,
                    -1.799981341276889
                ],
                [
                    0.0,
                    0.0,
                    0.0,
                    1.0
                ]
            ],
            "is_bad": true,
            "mask_path": "DSC00960.png"
        },
        {
            "file_path": "DSC01050.JPG",
            "transform_matrix": [
                [
                    -0.006645195284196464,
                    0.056934996198811885,
                    0.9983557720509637,
                    7.011697731830257
                ],
                [
                    -0.9995198654514539,
                    0.029836903451237566,
                    -0.008354505392205456,
                    3.534105099627982
                ],
                [
                    -0.030263508513418514,
                    -0.9979319442728962,
                    0.05670938769000669,
                    -1.6236319176544438
                ],
                [
                    0.0,
                    0.0,
                    0.0,
                    1.0
                ]
            ],
            "is_bad": true,
            "mask_path": "DSC01050.png"
        },
        {
            "file_path": "DSC01105.JPG",
            "transform_matrix": [
                [
                    0.5765011686133805,
                    0.16979545116514844,
                    0.7992595994738061,
                    6.524255479715207
                ],
                [
                    -0.8150877477045243,
                    0.05096035536569008,
                    0.577091852067733,
                    6.206330784569065
                ],
                [
                    0.05725701816694795,
                    -0.984160833880634,
                    0.16777689628194925,
                    -1.702105521642581
                ],
                [
                    0.0,
                    0.0,
                    0.0,
                    1.0
                ]
            ],
            "is_bad": false,
            "mask_path": "DSC01105.png"
        },
        {
            "file_path": "DSC01382.JPG",
            "transform_matrix": [
                [
                    -0.2115294712798638,
                    0.10254302426062806,
                    -0.9719774745103641,
                    3.1853340722694496
                ],
                [
                    0.9748377106388301,
                    0.0936996660628796,
                    -0.2022666816263854,
                    0.9982715307638338
                ],
                [
                    0.07033292754113102,
                    -0.9903056602661571,
                    -0.11978304783359338,
                    -0.8237385931782321
                ],
                [
                    0.0,
                    0.0,
                    0.0,
                    1.0
                ]
            ],
            "is_bad": false,
            "mask_path": "DSC01382.png"
        },
        {
            "file_path": "DSC01197.JPG",
            "transform_matrix": [
                [
                    -0.2507194163618564,
                    0.1697455789142081,
                    -0.9530614947096806,
                    5.910617798611862
                ],
                [
                    0.9675471668274396,
                    0.011904165741523271,
                    -0.2524099261166116,
                    1.1459853788080387
                ],
                [
                    -0.03150006703746879,
                    -0.9854160183785723,
                    -0.1672214594469151,
                    -1.5968935656605514
                ],
                [
                    0.0,
                    0.0,
                    0.0,
                    1.0
                ]
            ],
            "is_bad": false,
            "mask_path": "DSC01197.png"
        },
        {
            "file_path": "DSC01374.JPG",
            "transform_matrix": [
                [
                    0.3310072950412569,
                    0.42281526236744676,
                    -0.8436002753310468,
                    4.0471743197346335
                ],
                [
                    0.9429055315916539,
                    -0.1831834222831362,
                    0.2781600120335391,
                    2.3704803589754495
                ],
                [
                    -0.03692328700604413,
                    -0.8875083592337515,
                    -0.4593098988339833,
                    -1.4570731556331606
                ],
                [
                    0.0,
                    0.0,
                    0.0,
                    1.0
                ]
            ],
            "is_bad": false,
            "mask_path": "DSC01374.png"
        },
        {
            "file_path": "DSC01425.JPG",
            "transform_matrix": [
                [
                    -0.9074849810749033,
                    0.01227662361080843,
                    -0.41990510075039866,
                    1.1135962569824311
                ],
                [
                    0.41265257589898846,
                    0.2132415225659922,
                    -0.8855765944612967,
                    1.5833617285243684
                ],
                [
                    0.07866931248849891,
                    -0.9769223805228628,
                    -0.19857945942652558,
                    -0.7560942418813984
                ],
                [
                    0.0,
                    0.0,
                    0.0,
                    1.0
                ]
            ],
            "is_bad": true,
            "mask_path": "DSC01425.png"
        },
        {
            "file_path": "DSC01282.JPG",
            "transform_matrix": [
                [
                    -0.27156292022064843,
                    -0.2565168493673999,
                    -0.9276058895629417,
                    1.3142143995826743
                ],
                [
                    0.9624201424975071,
                    -0.07340646500265319,
                    -0.26145546506220213,
                    5.571954578313942
                ],
                [
                    -0.0010245371208126742,
                    -0.9637482020146324,
                    0.2668114567203798,
                    -1.8241939548727761
                ],
                [
                    0.0,
                    0.0,
                    0.0,
                    1.0
                ]
            ],
            "is_bad": false,
            "mask_path": "DSC01282.png"
        },
        {
            "file_path": "DSC01219.JPG",
            "transform_matrix": [
                [
                    0.03843522943459298,
                    0.08872723085608342,
                    -0.9953141271191331,
                    2.3723847091324872
                ],
                [
                    0.9979125113334973,
                    0.04832259025316384,
                    0.04284328413295612,
                    1.2100336672203198
                ],
                [
                    0.05189752269986085,
                    -0.9948831116145437,
                    -0.08668472392400701,
                    -1.6546169998711027
                ],
                [
                    0.0,
                    0.0,
                    0.0,
                    1.0
                ]
            ],
            "is_bad": false,
            "mask_path": "DSC01219.png"
        },
        {
            "file_path": "DSC01210.JPG",
            "transform_matrix": [
                [
                    -0.1476980195090782,
                    -0.16962181254775585,
                    0.9743786408481611,
                    3.6420593389759857
                ],
                [
                    -0.9889641877996698,
                    0.01374955187245244,
                    -0.14751537232792156,
                    1.0028698581701128
                ],
                [
                    0.011624555167167594,
                    -0.9854133094957264,
                    -0.16978067966009733,
                    -1.61010076786206
                ],
                [
                    0.0,
                    0.0,
                    0.0,
                    1.0
                ]
            ],
            "is_bad": false,
            "mask_path": "DSC01210.png"
        },
        {
            "file_path": "DSC01317.JPG",
            "transform_matrix": [
                [
                    -0.1996967964645802,
                    0.35127106235780264,
                    -0.9147293754066311,
                    1.7225623015873972
                ],
                [
                    0.9761398292586008,
                    -0.009927611644533974,
                    -0.21691582759684672,
                    2.5021531240965853
                ],
                [
                    -0.08527733120105038,
                    -0.9362211722008089,
                    -0.340907162591475,
                    -1.4885617222689829
                ],
                [
                    0.0,
                    0.0,
                    0.0,
                    1.0
                ]
            ],
            "is_bad": false,
            "mask_path": "DSC01317.png"
        },
        {
            "file_path": "DSC01303.JPG",
            "transform_matrix": [
                [
                    0.9645800833898177,
                    0.13225279909084245,
                    -0.22824210799133784,
                    0.7664208511445182
                ],
                [
                    0.26080883195603544,
                    -0.34841476036281316,
                    0.9003254455667973,
                    3.7111760964676246
                ],
                [
                    0.03954764090841363,
                    -0.9279635509512001,
                    -0.37056663665880446,
                    -1.4027530233000371
                ],
                [
                    0.0,
                    0.0,
                    0.0,
                    1.0
                ]
            ],
            "is_bad": false,
            "mask_path": "DSC01303.png"
        },
        {
            "file_path": "DSC01235.JPG",
            "transform_matrix": [
                [
                    -0.15759052133068882,
                    -0.30905704421063673,
                    -0.9378960342226139,
                    1.420038526074567
                ],
                [
                    0.9858364800806687,
                    0.005942873127196118,
                    -0.16760404768725454,
                    4.1919677063893355
                ],
                [
                    0.057373008713846894,
                    -0.9510249343118081,
                    0.30374316813443275,
                    -1.8016450196322926
                ],
                [
                    0.0,
                    0.0,
                    0.0,
                    1.0
                ]
            ],
            "is_bad": false,
            "mask_path": "DSC01235.png"
        },
        {
            "file_path": "DSC01120.JPG",
            "transform_matrix": [
                [
                    -0.9420459677931515,
                    -0.21639556887146882,
                    0.2563637110385525,
                    6.629942217850216
                ],
                [
                    -0.3350272528078896,
                    0.5669627936926666,
                    -0.7525356672239571,
                    6.989853859203126
                ],
                [
                    0.01749669799316165,
                    -0.7948120207577393,
                    -0.6066034266457258,
                    -0.9810935340295076
                ],
                [
                    0.0,
                    0.0,
                    0.0,
                    1.0
                ]
            ],
            "is_bad": false,
            "mask_path": "DSC01120.png"
        },
        {
            "file_path": "DSC01028.JPG",
            "transform_matrix": [
                [
                    -0.5747203895778621,
                    -0.19990499054678673,
                    0.7935581066046503,
                    6.509246802272797
                ],
                [
                    -0.817947824831858,
                    0.17071453867716074,
                    -0.5493795610842035,
                    2.074187437378298
                ],
                [
                    -0.025648190117399237,
                    -0.9648287625473919,
                    -0.2616249783659185,
                    -1.5632707157533303
                ],
                [
                    0.0,
                    0.0,
                    0.0,
                    1.0
                ]
            ],
            "is_bad": false,
            "mask_path": "DSC01028.png"
        },
        {
            "file_path": "DSC01294.JPG",
            "transform_matrix": [
                [
                    -0.9985737134756907,
                    0.04691558908790959,
                    0.025484627835312555,
                    0.7058072925366569
                ],
                [
                    5.520285667858316e-05,
                    0.478232708064395,
                    -0.8782331546292479,
                    5.233078541578478
                ],
                [
                    -0.05339040838965888,
                    -0.8769791356913402,
                    -0.4775532010719393,
                    -1.1334138755857825
                ],
                [
                    0.0,
                    0.0,
                    0.0,
                    1.0
                ]
            ],
            "is_bad": false,
            "mask_path": "DSC01294.png"
        },
        {
            "file_path": "DSC01127.JPG",
            "transform_matrix": [
                [
                    -0.5157886496938241,
                    0.25907885684325366,
                    0.8166028500953288,
                    6.684629397346612
                ],
                [
                    -0.85641218485655,
                    -0.18130089914930858,
                    -0.48341302588664453,
                    6.908529214217535
                ],
                [
                    0.022808736840321038,
                    -0.9486875828767046,
                    0.3153912357997669,
                    -1.7982499679974824
                ],
                [
                    0.0,
                    0.0,
                    0.0,
                    1.0
                ]
            ],
            "is_bad": true,
            "mask_path": "DSC01127.png"
        },
        {
            "file_path": "DSC01032.JPG",
            "transform_matrix": [
                [
                    -0.4218686834831708,
                    0.03149456087937019,
                    0.9061097651671082,
                    6.800338281341809
                ],
                [
                    -0.9027405705503364,
                    0.07819941449658056,
                    -0.42301810109597576,
                    2.8689118864930747
                ],
                [
                    -0.08418002244374483,
                    -0.9964401357870964,
                    -0.004558466185352198,
                    -1.6262675671025968
                ],
                [
                    0.0,
                    0.0,
                    0.0,
                    1.0
                ]
            ],
            "is_bad": true,
            "mask_path": "DSC01032.png"
        },
        {
            "file_path": "DSC01152.JPG",
            "transform_matrix": [
                [
                    -0.7995541856068157,
                    -0.2266444441453902,
                    0.5561882776692161,
                    7.076983460397163
                ],
                [
                    -0.6005186494676173,
                    0.28702279135464637,
                    -0.746321156664191,
                    4.258430695179751
                ],
                [
                    0.00951083173074875,
                    -0.9307256379734119,
                    -0.3655944896996877,
                    -1.5173334302569328
                ],
                [
                    0.0,
                    0.0,
                    0.0,
                    1.0
                ]
            ],
            "is_bad": false,
            "mask_path": "DSC01152.png"
        },
        {
            "file_path": "DSC01330.JPG",
            "transform_matrix": [
                [
                    -0.9237053393253418,
                    -0.1980894031341318,
                    0.32791620037414837,
                    3.5902684455807954
                ],
                [
                    -0.3797803362400259,
                    0.585971143190286,
                    -0.7158245005262691,
                    1.7701647414809918
                ],
                [
                    -0.050352182745817826,
                    -0.7857470379926562,
                    -0.6164951337833083,
                    -1.381214645730033
                ],
                [
                    0.0,
                    0.0,
                    0.0,
                    1.0
                ]
            ],
            "is_bad": false,
            "mask_path": "DSC01330.png"
        },
        {
            "file_path": "DSC01242.JPG",
            "transform_matrix": [
                [
                    0.8313190690345533,
                    -0.06329093759346506,
                    -0.552180099856979,
                    1.1611040936078147
                ],
                [
                    0.5539152119413746,
                    0.17599735180702794,
                    0.8137584839108315,
                    4.911930810152929
                ],
                [
                    0.04567869787401555,
                    -0.9823539023058099,
                    0.18136776776781785,
                    -1.7461074463489188
                ],
                [
                    0.0,
                    0.0,
                    0.0,
                    1.0
                ]
            ],
            "is_bad": false,
            "mask_path": "DSC01242.png"
        },
        {
            "file_path": "DSC01320.JPG",
            "transform_matrix": [
                [
                    0.19674170759705836,
                    0.3359993990046756,
                    -0.9210847433110001,
                    1.8834447962269405
                ],
                [
                    0.9803436123458102,
                    -0.08159814220872157,
                    0.17963336249386658,
                    1.8314419207155292
                ],
                [
                    -0.01480210203184664,
                    -0.9383209190125641,
                    -0.3454486224011564,
                    -1.4918267028624403
                ],
                [
                    0.0,
                    0.0,
                    0.0,
                    1.0
                ]
            ],
            "is_bad": false,
            "mask_path": "DSC01320.png"
        },
        {
            "file_path": "DSC01137.JPG",
            "transform_matrix": [
                [
                    0.8807191289193409,
                    -0.160366024624118,
                    0.4456641718848552,
                    6.819807696404111
                ],
                [
                    -0.47349846954418406,
                    -0.32102003879543783,
                    0.8202105425017958,
                    5.583382021537354
                ],
                [
                    0.011533225692408867,
                    -0.9333964178407972,
                    -0.3586615561599756,
                    -1.4234601535412132
                ],
                [
                    0.0,
                    0.0,
                    0.0,
                    1.0
                ]
            ],
            "is_bad": false,
            "mask_path": "DSC01137.png"
        },
        {
            "file_path": "DSC00971.JPG",
            "transform_matrix": [
                [
                    -0.298142607080173,
                    0.04748570741458782,
                    -0.9533394429240686,
                    3.0404686788965023
                ],
                [
                    0.9543792342457543,
                    -0.002403579612203229,
                    -0.2985875081873574,
                    1.2172425959431308
                ],
                [
                    -0.016470066299957193,
                    -0.998869025646698,
                    -0.04460276358804524,
                    -1.6974189556094734
                ],
                [
                    0.0,
                    0.0,
                    0.0,
                    1.0
                ]
            ],
            "is_bad": false,
            "mask_path": "DSC00971.png"
        },
        {
            "file_path": "DSC01338.JPG",
            "transform_matrix": [
                [
                    -0.46538459192336756,
                    0.552410366597885,
                    0.6915634233210362,
                    3.6252382688730975
                ],
                [
                    -0.8788876910473655,
                    -0.38088524402096785,
                    -0.2871982893621026,
                    2.547675938089972
                ],
                [
                    0.10475499093480418,
                    -0.7414642390313086,
                    0.6627647954681746,
                    -1.8887644427155794
                ],
                [
                    0.0,
                    0.0,
                    0.0,
                    1.0
                ]
            ],
            "is_bad": false,
            "mask_path": "DSC01338.png"
        },
        {
            "file_path": "DSC01267.JPG",
            "transform_matrix": [
                [
                    -0.8114635453286199,
                    0.35124082916762844,
                    -0.46707257950809355,
                    1.050385473405943
                ],
                [
                    0.5838756935320873,
                    0.5212151917547738,
                    -0.6224338506110177,
                    5.98587997211937
                ],
                [
                    0.0248211423010942,
                    -0.77779470543947,
                    -0.6280281101074995,
                    -1.4408122053269419
                ],
                [
                    0.0,
                    0.0,
                    0.0,
                    1.0
                ]
            ],
            "is_bad": false,
            "mask_path": "DSC01267.png"
        },
        {
            "file_path": "DSC01419.JPG",
            "transform_matrix": [
                [
                    -0.9972908420944996,
                    0.019961950927460868,
                    0.07079898861999008,
                    1.5420241983132945
                ],
                [
                    -0.05615326709591992,
                    0.4151201219123512,
                    -0.9080319900630862,
                    1.3278106750053482
                ],
                [
                    -0.047516174813405504,
                    -0.9095475825368589,
                    -0.4128745671901547,
                    -1.4047807999171293
                ],
                [
                    0.0,
                    0.0,
                    0.0,
                    1.0
                ]
            ],
            "is_bad": false,
            "mask_path": "DSC01419.png"
        },
        {
            "file_path": "DSC01372.JPG",
            "transform_matrix": [
                [
                    0.08532803883051922,
                    0.44373208014241616,
                    -0.8920879815588939,
                    4.074814713425624
                ],
                [
                    0.995735193333585,
                    -0.0695010754834089,
                    0.06067145344869932,
                    3.018725850530571
                ],
                [
                    -0.03507920390011146,
                    -0.8934603749238873,
                    -0.4477700390765336,
                    -1.5299224257131336
                ],
                [
                    0.0,
                    0.0,
                    0.0,
                    1.0
                ]
            ],
            "is_bad": false,
            "mask_path": "DSC01372.png"
        },
        {
            "file_path": "DSC01182.JPG",
            "transform_matrix": [
                [
                    0.2832296031653309,
                    0.3091086751556824,
                    0.9078726886707773,
                    5.23053058405396
                ],
                [
                    -0.9590026060543074,
                    0.10090228315087432,
                    0.26482585001465564,
                    2.0420943259187285
                ],
                [
                    -0.009746459452196496,
                    -0.94565879480838,
                    0.32501453864359353,
                    -1.808878899176904
                ],
                [
                    0.0,
                    0.0,
                    0.0,
                    1.0
                ]
            ],
            "is_bad": true,
            "mask_path": "DSC01182.png"
        },
        {
            "file_path": "DSC01309.JPG",
            "transform_matrix": [
                [
                    0.8729646119598944,
                    -0.044409810602728195,
                    -0.48575771222692987,
                    1.2568566598897286
                ],
                [
                    0.4859514462045032,
                    0.16541011128328703,
                    0.8581903559333457,
                    2.6497106348670356
                ],
                [
                    0.042237166068083545,
                    -0.9852244738167442,
                    0.16597818529872135,
                    -1.7308810632987057
                ],
                [
                    0.0,
                    0.0,
                    0.0,
                    1.0
                ]
            ],
            "is_bad": false,
            "mask_path": "DSC01309.png"
        },
        {
            "file_path": "DSC01039.JPG",
            "transform_matrix": [
                [
                    0.9605837802095664,
                    -0.188034919421545,
                    0.2047478211762761,
                    7.304822915985189
                ],
                [
                    -0.2650982717987147,
                    -0.39791510251137663,
                    0.8782861022939481,
                    2.8666183294726877
                ],
                [
                    -0.0836762062215665,
                    -0.8979456777954297,
                    -0.4320785255493176,
                    -1.4763434121744188
                ],
                [
                    0.0,
                    0.0,
                    0.0,
                    1.0
                ]
            ],
            "is_bad": false,
            "mask_path": "DSC01039.png"
        },
        {
            "file_path": "DSC01193.JPG",
            "transform_matrix": [
                [
                    0.23170576036968116,
                    -0.09391657560303203,
                    -0.9682417660060467,
                    5.871741013448097
                ],
                [
                    0.970695408229769,
                    0.0875394096960231,
                    0.22380186815957087,
                    1.8478643075569083
                ],
                [
                    0.06374060756809613,
                    -0.9917240183524204,
                    0.1114477741804572,
                    -1.695908302337401
                ],
                [
                    0.0,
                    0.0,
                    0.0,
                    1.0
                ]
            ],
            "is_bad": false,
            "mask_path": "DSC01193.png"
        },
        {
            "file_path": "DSC01202.JPG",
            "transform_matrix": [
                [
                    -0.49156997934573876,
                    0.5796237566404029,
                    -0.6499194228087793,
                    5.4414008148001765
