{
    "fl_x": 464.5053361499856,
    "fl_y": 465.0736223192272,
    "cx": 876.0,
    "cy": 584.0,
    "w": 1752,
    "h": 1168,
    "k1": 0.0,
    "k2": 0.0,
    "k3": 0.0,
    "k4": 0.0,
    "camera_model": "PINHOLE",
    "has_mask": true,
    "aabb_range": [
        [
            0.040673211216926575,
            0.03067983314394951,
            -3.9499032497406006
        ],
        [
            5.73240852355957,
            11.103313446044922,
            -0.15566812455654144
        ]
    ],
    "frames": [
        {
            "file_path": "DSC07608.JPG",
            "transform_matrix": [
                [
                    0.47852984588409675,
                    0.04490648523998645,
                    -0.8769222281260375,
                    3.590592195562741
                ],
                [
                    0.8777295841218776,
                    0.0033953657319928366,
                    0.47914428792252317,
                    2.927793777139941
                ],
                [
                    0.02449415757641839,
                    -0.9989854248561075,
                    -0.03779096677361792,
                    -1.6138994146946481
                ],
                [
                    0.0,
                    0.0,
                    0.0,
                    1.0
                ]
            ],
            "is_bad": false,
            "mask_path": "DSC07608.png"
        },
        {
            "file_path": "DSC06707.JPG",
            "transform_matrix": [
                [
                    0.11268480933273621,
                    -0.16032897781924232,
                    0.9806103979752009,
                    2.531334729299554
                ],
                [
                    -0.9923862473330384,
                    0.031219252501996884,
                    0.1191423282358807,
                    10.261722176891126
                ],
                [
                    -0.04971589132153485,
                    -0.9865698034830853,
                    -0.15559033712108195,
                    -1.553500034689442
                ],
                [
                    0.0,
                    0.0,
                    0.0,
                    1.0
                ]
            ],
            "is_bad": false,
            "mask_path": "DSC06707.png"
        },
        {
            "file_path": "DSC06127.JPG",
            "transform_matrix": [
                [
                    0.8347330908178119,
                    -0.07549628817926063,
                    0.5454548354950168,
                    1.9849090245086225
                ],
                [
                    -0.5499572575050832,
                    -0.06445779563065568,
                    0.8327017518295027,
                    6.441179517120257
                ],
                [
                    -0.02770707511140421,
                    -0.9950605524557737,
                    -0.09532478657295895,
                    -1.5779166171207732
                ],
                [
                    0.0,
                    0.0,
                    0.0,
                    1.0
                ]
            ],
            "is_bad": false,
            "mask_path": "DSC06127.png"
        },
        {
            "file_path": "DSC05377.JPG",
            "transform_matrix": [
                [
                    0.3290239989442549,
                    0.48328220924263215,
                    -0.8112838679206511,
                    1.081853300535454
                ],
                [
                    0.9434763138251289,
                    -0.20457770328083688,
                    0.26076887960660655,
                    1.7653285930047826
                ],
                [
                    -0.03994563016999391,
                    -0.8512263327399473,
                    -0.5232762913417953,
                    -1.357684084868286
                ],
                [
                    0.0,
                    0.0,
                    0.0,
                    1.0
                ]
            ],
            "is_bad": true,
            "mask_path": "DSC05377.png"
        },
        {
            "file_path": "DSC05185.JPG",
            "transform_matrix": [
                [
                    -0.26701905407171955,
                    -0.356242608547827,
                    0.8954284050764101,
                    3.3131170395266096
                ],
                [
                    -0.963659340660233,
                    0.09114301471807695,
                    -0.25110481083879044,
                    0.6757158768494599
                ],
                [
                    0.007842188529255893,
                    -0.9299377155074098,
                    -0.36763343884354593,
                    -1.333927833386974
                ],
                [
                    0.0,
                    0.0,
                    0.0,
                    1.0
                ]
            ],
            "is_bad": false,
            "mask_path": "DSC05185.png"
        },
        {
            "file_path": "DSC07134.JPG",
            "transform_matrix": [
                [
                    -0.9200279316239551,
                    0.17808911043509626,
                    -0.3490456614487311,
                    4.241004224345992
                ],
                [
                    0.39076910040690915,
                    0.35077670742067274,
                    -0.8510318511655639,
                    6.236217006432973
                ],
                [
                    -0.02912241746355197,
                    -0.9193693328992149,
                    -0.392316090067092,
                    -1.4170977823459865
                ],
                [
                    0.0,
                    0.0,
                    0.0,
                    1.0
                ]
            ],
            "is_bad": false,
            "mask_path": "DSC07134.png"
        },
        {
            "file_path": "DSC06037.JPG",
            "transform_matrix": [
                [
                    -0.9136360137983851,
                    -0.14022727324750411,
                    0.38158294790014746,
                    1.888793332108875
                ],
                [
                    -0.4062691428975117,
                    0.34876416100076735,
                    -0.8445761916670111,
                    4.251208451101122
                ],
                [
                    -0.014649840269368214,
                    -0.9266606022913678,
                    -0.37561351192559783,
                    -1.4190121923197552
                ],
                [
                    0.0,
                    0.0,
                    0.0,
                    1.0
                ]
            ],
            "is_bad": true,
            "mask_path": "DSC06037.png"
        },
        {
            "file_path": "DSC06993.JPG",
            "transform_matrix": [
                [
                    0.24884595183517003,
                    0.5093319872053539,
                    -0.8238061780933016,
                    2.967821209475105
                ],
                [
                    0.9664619954445894,
                    -0.1863084439954367,
                    0.1767494697510054,
                    8.263790020045565
                ],
                [
                    -0.06345788852861843,
                    -0.8401607527761835,
                    -0.5386121107792184,
                    -1.2999672248195242
                ],
                [
                    0.0,
                    0.0,
                    0.0,
                    1.0
                ]
            ],
            "is_bad": false,
            "mask_path": "DSC06993.png"
        },
        {
            "file_path": "DSC06525.JPG",
            "transform_matrix": [
                [
                    -0.9957942407711626,
                    -0.08680565211890538,
                    -0.0293020273564063,
                    1.1004118356291441
                ],
                [
                    0.009072056965155824,
                    0.22483195174488063,
                    -0.9743553208439972,
                    8.077723185591486
                ],
                [
                    0.09116758102201128,
                    -0.9705232466225624,
                    -0.2230988568679719,
                    -1.4880898939535543
                ],
                [
                    0.0,
                    0.0,
                    0.0,
                    1.0
                ]
            ],
            "is_bad": false,
            "mask_path": "DSC06525.png"
        },
        {
            "file_path": "DSC07676.JPG",
            "transform_matrix": [
                [
                    0.7125216074365914,
                    0.23055913719702986,
                    -0.6626880436456787,
                    4.550146959202802
                ],
                [
                    0.7014103303006399,
                    -0.20935890345432845,
                    0.6813166650625451,
                    4.452990297561999
                ],
                [
                    0.01834414030482477,
                    -0.9502690849435026,
                    -0.31088930299563955,
                    -1.4478392522863657
                ],
                [
                    0.0,
                    0.0,
                    0.0,
                    1.0
                ]
            ],
            "is_bad": false,
            "mask_path": "DSC07676.png"
        },
        {
            "file_path": "DSC05450.JPG",
            "transform_matrix": [
                [
                    -0.9820429559806287,
                    0.09271082243367247,
                    -0.1643056177143721,
                    2.151466110345194
                ],
                [
                    0.18820690548941724,
                    0.4212930434303271,
                    -0.8871811158288428,
                    2.7711573968023235
                ],
                [
                    -0.013030477156527435,
                    -0.9021734173432983,
                    -0.4311766827000142,
                    -1.4103218170378309
                ],
                [
                    0.0,
                    0.0,
                    0.0,
                    1.0
                ]
            ],
            "is_bad": false,
            "mask_path": "DSC05450.png"
        },
        {
            "file_path": "DSC07307.JPG",
            "transform_matrix": [
                [
                    0.10609098048739159,
                    0.36575343523154497,
                    -0.924645406886092,
                    2.9058235791450704
                ],
                [
                    0.9933141957355348,
                    -0.08154675027702911,
                    0.08171313278490448,
                    5.28212248807083
                ],
                [
                    -0.04551496907053192,
                    -0.9271324350574617,
                    -0.3719594540469816,
                    -1.4433946974822522
                ],
                [
                    0.0,
                    0.0,
                    0.0,
                    1.0
                ]
            ],
            "is_bad": false,
            "mask_path": "DSC07307.png"
        },
        {
            "file_path": "DSC07045.JPG",
            "transform_matrix": [
                [
                    -0.8175864240981043,
                    0.19639504214777026,
                    -0.5412775873341249,
                    3.145483349217043
                ],
                [
                    0.5753532308876679,
                    0.24137466784875283,
                    -0.7814774017385444,
                    6.983912605330732
                ],
                [
                    -0.02282758939522248,
                    -0.9503511230806647,
                    -0.31034117358436897,
                    -1.4594621072192286
                ],
                [
                    0.0,
                    0.0,
                    0.0,
                    1.0
                ]
            ],
            "is_bad": false,
            "mask_path": "DSC07045.png"
        },
        {
            "file_path": "DSC05126.JPG",
            "transform_matrix": [
                [
                    0.6890160492941969,
                    -0.19526391030576828,
                    0.6979461935902496,
                    3.9984848130184143
                ],
                [
                    -0.7240458601162822,
                    -0.22778051255414722,
                    0.6510557814419929,
                    1.747056977244205
                ],
                [
                    0.03185084399966161,
                    -0.9539329344522451,
                    -0.2983244547532747,
                    -1.3983936853241763
                ],
                [
                    0.0,
                    0.0,
                    0.0,
                    1.0
                ]
            ],
            "is_bad": false,
            "mask_path": "DSC05126.png"
        },
        {
            "file_path": "DSC06624.JPG",
            "transform_matrix": [
                [
                    -0.5574673073039915,
                    -0.13050933195546524,
                    0.8198765245814614,
                    3.4377639672134563
                ],
                [
                    -0.8300276769912468,
                    0.10767295286056819,
                    -0.5472299248495118,
                    9.404763329610748
                ],
                [
                    -0.016859914464596656,
                    -0.9855829998000296,
                    -0.16835050872932567,
                    -1.5396670667875643
                ],
                [
                    0.0,
                    0.0,
                    0.0,
                    1.0
                ]
            ],
            "is_bad": false,
            "mask_path": "DSC06624.png"
        },
        {
            "file_path": "DSC07470.JPG",
            "transform_matrix": [
                [
                    0.4555687090932967,
                    0.4201787054390054,
                    -0.784797430417983,
                    3.359039559297635
                ],
                [
                    0.8879533440980059,
                    -0.2770906350301769,
                    0.36709622537386843,
                    4.13035014439805
                ],
                [
                    -0.06321400161543249,
                    -0.8641010562857648,
                    -0.4993329095158753,
                    -1.3274712019234767
                ],
                [
                    0.0,
                    0.0,
                    0.0,
                    1.0
                ]
            ],
            "is_bad": false,
            "mask_path": "DSC07470.png"
        },
        {
            "file_path": "DSC06488.JPG",
            "transform_matrix": [
                [
                    -0.9638518369104285,
                    -0.06559087145827981,
                    0.25823917995868895,
                    2.078708056857651
                ],
                [
                    -0.26636985446338146,
                    0.2592644375087991,
                    -0.9283474845532804,
                    7.781096005662788
                ],
                [
                    -0.006061115206771389,
                    -0.9635765610601938,
                    -0.2673639352228734,
                    -1.491492597094006
                ],
                [
                    0.0,
                    0.0,
                    0.0,
                    1.0
                ]
            ],
            "is_bad": false,
            "mask_path": "DSC06488.png"
        },
        {
            "file_path": "DSC06828.JPG",
            "transform_matrix": [
                [
                    -0.3709162460549429,
                    -0.06863164829723818,
                    -0.9261267922182755,
                    2.2328642028150862
                ],
                [
                    0.9284999140195976,
                    -0.04628543151383571,
                    -0.36843665465745645,
                    8.814488988337773
                ],
                [
                    -0.017579763312085866,
                    -0.9965677878004997,
                    0.08089249804715402,
                    -1.7094607828114379
                ],
                [
                    0.0,
                    0.0,
                    0.0,
                    1.0
                ]
            ],
            "is_bad": false,
            "mask_path": "DSC06828.png"
        },
        {
            "file_path": "DSC05838.JPG",
            "transform_matrix": [
                [
                    0.9405505199203442,
                    -0.16208927486914934,
                    0.29848247260092814,
                    1.9424292572110828
                ],
                [
                    -0.33959886082411694,
                    -0.46458459564630095,
                    0.8178225768558395,
                    5.4725226104621
                ],
                [
                    0.006110090386627962,
                    -0.8705677575355961,
                    -0.49201061607948166,
                    -1.367886092045609
                ],
                [
                    0.0,
                    0.0,
                    0.0,
                    1.0
                ]
            ],
            "is_bad": true,
            "mask_path": "DSC05838.png"
        },
        {
            "file_path": "DSC07642.JPG",
            "transform_matrix": [
                [
                    0.7030379524119671,
                    0.21349146116219472,
                    -0.6783502292173416,
                    4.283902624549395
                ],
                [
                    0.7111361294625732,
                    -0.2046119981670645,
                    0.6726212422895009,
                    3.5362078676117235
                ],
                [
                    0.004800295967869579,
                    -0.955277617353674,
                    -0.2956714915944867,
                    -1.4687192510346156
                ],
                [
                    0.0,
                    0.0,
                    0.0,
                    1.0
                ]
            ],
            "is_bad": false,
            "mask_path": "DSC07642.png"
        },
        {
            "file_path": "DSC06214.JPG",
            "transform_matrix": [
                [
                    -0.21473872859141405,
                    -0.12603815628134687,
                    0.9685048588438478,
                    2.8289991459437136
                ],
                [
                    -0.9764227404659295,
                    0.05008585868340643,
                    -0.20997628118658884,
                    6.171318385420444
                ],
                [
                    -0.022043374150674155,
                    -0.9907602080832397,
                    -0.1338218955735895,
                    -1.546885248798942
                ],
                [
                    0.0,
                    0.0,
                    0.0,
                    1.0
                ]
            ],
            "is_bad": false,
            "mask_path": "DSC06214.png"
        },
        {
            "file_path": "DSC05157.JPG",
            "transform_matrix": [
                [
                    0.07372112699136796,
                    -0.28583068827432945,
                    0.9554402195196448,
                    4.162200750114727
                ],
                [
                    -0.9967081013549489,
                    -0.05352657631664699,
                    0.06089225173397832,
                    0.8940018120984377
                ],
                [
                    0.033736569602415376,
                    -0.9567840525784503,
                    -0.288835802148939,
                    -1.3883809937912295
                ],
                [
                    0.0,
                    0.0,
                    0.0,
                    1.0
                ]
            ],
            "is_bad": false,
            "mask_path": "DSC05157.png"
        },
        {
            "file_path": "DSC05696.JPG",
            "transform_matrix": [
                [
                    -0.8395142977142805,
                    -0.05898374973307784,
                    0.5401265233264555,
                    1.3873704804195321
                ],
                [
                    -0.5428831244135133,
                    0.1317106916692932,
                    -0.8294155815554821,
                    3.1358469868588426
                ],
                [
                    -0.022218396889074163,
                    -0.9895318140249066,
                    -0.14259429116292704,
                    -1.6003344452876638
                ],
                [
                    0.0,
                    0.0,
                    0.0,
                    1.0
                ]
            ],
            "is_bad": false,
            "mask_path": "DSC05696.png"
        },
        {
            "file_path": "DSC05595.JPG",
            "transform_matrix": [
                [
                    0.8012403094996635,
                    -0.20515563534005263,
                    0.5620721766117791,
                    1.9290623190393448
                ],
                [
                    -0.5982698103828007,
                    -0.28935091137095115,
                    0.7472277324038022,
                    1.9514897837844882
                ],
                [
                    0.009338116373863455,
                    -0.9349797941009311,
                    -0.354578036834727,
                    -1.4436261372760506
                ],
                [
                    0.0,
                    0.0,
                    0.0,
                    1.0
                ]
            ],
            "is_bad": false,
            "mask_path": "DSC05595.png"
        },
        {
            "file_path": "DSC07429.JPG",
            "transform_matrix": [
                [
                    0.8756131473591324,
                    -0.0002872803268396234,
                    -0.4830129746102561,
                    3.600813911886403
                ],
                [
                    0.483012773243846,
                    -0.0005689574623597512,
                    0.8756131207163897,
                    5.695995845603419
                ],
                [
                    -0.000526360259825539,
                    -0.9999997968786891,
                    -0.0003594265669650799,
                    -1.6893500428002572
                ],
                [
                    0.0,
                    0.0,
                    0.0,
                    1.0
                ]
            ],
            "is_bad": false,
            "mask_path": "DSC07429.png"
        },
        {
            "file_path": "DSC05264.JPG",
            "transform_matrix": [
                [
                    0.9363103193569888,
                    0.12144548165706749,
                    -0.3295056613333022,
                    2.9430939031008823
                ],
                [
                    0.35046933250326534,
                    -0.38255198776942384,
                    0.8548831637296281,
                    2.4691990017473358
                ],
                [
                    -0.022231348144670968,
                    -0.9159175572281304,
                    -0.40075029073093005,
                    -1.3327293252129002
                ],
                [
                    0.0,
                    0.0,
                    0.0,
                    1.0
                ]
            ],
            "is_bad": false,
            "mask_path": "DSC05264.png"
        },
        {
            "file_path": "DSC07215.JPG",
            "transform_matrix": [
                [
                    0.8299476128953176,
                    0.07948286949442766,
                    -0.5521498286754204,
                    3.575724847476195
                ],
                [
                    0.5578325972990708,
                    -0.11271023708455155,
                    0.8222646750571967,
                    7.691724316395527
                ],
                [
                    0.0031230177612478556,
                    -0.990443777260111,
                    -0.13788172774804858,
                    -1.5990177374879369
                ],
                [
                    0.0,
                    0.0,
                    0.0,
                    1.0
                ]
            ],
            "is_bad": true,
            "mask_path": "DSC07215.png"
        },
        {
            "file_path": "DSC05939.JPG",
            "transform_matrix": [
                [
                    -0.016530514751087563,
                    -0.13039572463536028,
                    0.9913242139072785,
                    2.6500681011285505
                ],
                [
                    -0.99923573824202,
                    -0.0329693224586216,
                    -0.02099912370898617,
                    4.491396680138857
                ],
                [
                    0.03542148362208946,
                    -0.9909137090450606,
                    -0.12975106829838212,
                    -1.5260425031038436
                ],
                [
                    0.0,
                    0.0,
                    0.0,
                    1.0
                ]
            ],
            "is_bad": true,
            "mask_path": "DSC05939.png"
        },
        {
            "file_path": "DSC05758.JPG",
            "transform_matrix": [
                [
                    -0.7463829174257502,
                    -0.2727598262266091,
                    0.6070540484766209,
                    2.121997671119878
                ],
                [
                    -0.6651700813115465,
                    0.33518083792912357,
                    -0.6672350176760216,
                    3.5337266563460683
                ],
                [
                    -0.0214779771630404,
                    -0.9018070098873485,
                    -0.4316049274684237,
                    -1.377516777069415
                ],
                [
                    0.0,
                    0.0,
                    0.0,
                    1.0
                ]
            ],
            "is_bad": true,
            "mask_path": "DSC05758.png"
        },
        {
            "file_path": "DSC07402.JPG",
            "transform_matrix": [
                [
                    0.32023501654395836,
                    0.35531193501291286,
                    -0.8781816230236607,
                    3.6003727326683443
                ],
                [
                    0.9473378746878581,
                    -0.12079014798235711,
                    0.2965816773374451,
                    5.031970672938091
                ],
                [
                    -0.0006966785362715598,
                    -0.9269105506939602,
                    -0.3752816884038405,
                    -1.3720339873409717
                ],
                [
                    0.0,
                    0.0,
                    0.0,
                    1.0
                ]
            ],
            "is_bad": false,
            "mask_path": "DSC07402.png"
        },
        {
            "file_path": "DSC07498.JPG",
            "transform_matrix": [
                [
                    -0.22590241847825662,
                    0.055051474725086105,
                    -0.9725931484728172,
                    3.119625642507224
                ],
                [
                    0.9740379459573101,
                    0.027903351051704967,
                    -0.22465859172386352,
                    3.483886363554129
                ],
                [
                    0.014770821268260327,
                    -0.9980935517929564,
                    -0.0599256598493716,
                    -1.5785356871900913
                ],
                [
                    0.0,
                    0.0,
                    0.0,
                    1.0
                ]
            ],
            "is_bad": false,
            "mask_path": "DSC07498.png"
        },
        {
            "file_path": "DSC06860.JPG",
            "transform_matrix": [
                [
                    0.051896888321606924,
                    0.4171941048525103,
                    -0.9073344432230307,
                    2.821562652438157
                ],
                [
                    0.9982521581134333,
                    -0.04739361197578112,
                    0.03530544385448676,
                    9.110177843930831
                ],
                [
                    -0.028272633489080552,
                    -0.9075808087549019,
                    -0.418924496509085,
                    -1.390034914455196
                ],
                [
                    0.0,
                    0.0,
                    0.0,
                    1.0
                ]
            ],
            "is_bad": false,
            "mask_path": "DSC06860.png"
        },
        {
            "file_path": "DSC06314.JPG",
            "transform_matrix": [
                [
                    -0.8320103458611272,
                    -0.17252873502657895,
                    0.5272500544999273,
                    2.451974592647352
                ],
                [
                    -0.5547543162004931,
                    0.2544047785312164,
                    -0.7921652967136388,
                    6.936799932601098
                ],
                [
                    0.0025363432283332043,
                    -0.9515839659486764,
                    -0.30737846819908726,
                    -1.445265827836661
                ],
                [
                    0.0,
                    0.0,
                    0.0,
                    1.0
                ]
            ],
            "is_bad": false,
            "mask_path": "DSC06314.png"
        },
        {
            "file_path": "DSC07079.JPG",
            "transform_matrix": [
                [
                    -0.9071895282995189,
                    0.24911905692570396,
                    -0.3390381323983242,
                    3.5550800427443763
                ],
                [
                    0.4169023959327719,
                    0.42394692169441983,
                    -0.8040282332426764,
                    6.299632956910258
                ],
                [
                    -0.05656458263976096,
                    -0.870751803364353,
                    -0.48845853962083235,
                    -1.3485442641177807
                ],
                [
                    0.0,
                    0.0,
                    0.0,
                    1.0
                ]
            ],
            "is_bad": false,
            "mask_path": "DSC07079.png"
        },
        {
            "file_path": "DSC07555.JPG",
            "transform_matrix": [
                [
                    -0.6195335574457103,
                    0.5343493673291114,
                    -0.5750208038268186,
                    3.6033579429846285
                ],
                [
                    0.7821513110374902,
                    0.35819314656753154,
                    -0.5098401674979973,
                    2.276687683887051
                ],
                [
                    -0.06646425987700365,
                    -0.7656163682857288,
                    -0.6398547325541736,
                    -1.244860794798407
                ],
                [
                    0.0,
                    0.0,
                    0.0,
                    1.0
                ]
            ],
            "is_bad": false,
            "mask_path": "DSC07555.png"
        },
        {
            "file_path": "DSC06664.JPG",
            "transform_matrix": [
                [
                    0.41324106561881047,
                    -0.46410785034658475,
                    0.7834766907400007,
                    3.0386654158218667
                ],
                [
                    -0.9071945690251745,
                    -0.13524582592095816,
                    0.39837994490459516,
                    9.91564743225287
                ],
                [
                    -0.07892930772191231,
                    -0.8753927517506817,
                    -0.4769252505004439,
                    -1.3065551734451122
                ],
                [
                    0.0,
                    0.0,
                    0.0,
                    1.0
                ]
            ],
            "is_bad": false,
            "mask_path": "DSC06664.png"
        },
        {
            "file_path": "DSC05814.JPG",
            "transform_matrix": [
                [
                    0.8752141983133962,
                    -0.06740585206544057,
                    0.47901623999398063,
                    2.0417358951813664
                ],
                [
                    -0.48366786510811577,
                    -0.10537130255418849,
                    0.8688856569536584,
                    4.857107214918001
                ],
                [
                    -0.008093412901625787,
                    -0.9921458258267105,
                    -0.12482450465448718,
                    -1.6297594056935445
                ],
                [
                    0.0,
                    0.0,
                    0.0,
                    1.0
                ]
            ],
            "is_bad": true,
            "mask_path": "DSC05814.png"
        },
        {
            "file_path": "DSC05208.JPG",
            "transform_matrix": [
                [
                    -0.0640608355296599,
                    -0.3958008012948375,
                    0.9160993041398987,
                    3.595963088976711
                ],
                [
                    -0.9976434948418031,
                    0.048000783060648325,
                    -0.04902430035603773,
                    1.2293179309036968
                ],
                [
                    -0.02456962659619162,
                    -0.9170810490463367,
                    -0.39794306493391113,
                    -1.3693442800211575
                ],
                [
                    0.0,
                    0.0,
                    0.0,
                    1.0
                ]
            ],
            "is_bad": false,
            "mask_path": "DSC05208.png"
        },
        {
            "file_path": "DSC06563.JPG",
            "transform_matrix": [
                [
                    -0.9360945978137568,
                    0.2108314616873311,
                    -0.28156171385095113,
                    2.334760700074103
                ],
                [
                    0.35055544222143525,
                    0.4933067481605825,
                    -0.7960900289214567,
                    8.339891235875056
                ],
                [
                    -0.028944530965887172,
                    -0.8439185665584185,
                    -0.5356898983041866,
                    -1.3387288586853605
                ],
                [
                    0.0,
                    0.0,
                    0.0,
                    1.0
                ]
            ],
            "is_bad": false,
            "mask_path": "DSC06563.png"
        },
        {
            "file_path": "DSC07021.JPG",
            "transform_matrix": [
                [
                    -0.3701873947249486,
                    0.338436491587633,
                    -0.865113884958859,
                    2.97655727066082
                ],
                [
                    0.9224270715027416,
                    0.02369123600620814,
                    -0.38544392989820736,
                    7.68282848676945
                ],
                [
                    -0.10995267411769083,
                    -0.9406909516405231,
                    -0.3209531787597947,
                    -1.4537804193098602
                ],
                [
                    0.0,
                    0.0,
                    0.0,
                    1.0
                ]
            ],
            "is_bad": false,
            "mask_path": "DSC07021.png"
        },
        {
            "file_path": "DSC05608.JPG",
            "transform_matrix": [
                [
                    0.6275359877469362,
                    -0.17885265502103448,
                    0.7577666605719753,
                    2.4282453167406177
                ],
                [
                    -0.7783203565013006,
                    -0.11860856156023669,
                    0.6165625935623228,
                    2.25796298319639
                ],
                [
                    -0.02039624323652996,
                    -0.9767004335601257,
                    -0.21363580305112143,
                    -1.5275370071278618
                ],
                [
                    0.0,
                    0.0,
                    0.0,
                    1.0
                ]
            ],
            "is_bad": false,
            "mask_path": "DSC05608.png"
        },
        {
            "file_path": "DSC05655.JPG",
            "transform_matrix": [
                [
                    -0.3810222058686505,
                    -0.4060792211487768,
                    0.8306152808528088,
                    2.6239903891754794
                ],
                [
                    -0.92418206852461,
                    0.19316321716125476,
                    -0.32950792972777704,
                    3.242924525432639
                ],
                [
                    -0.026637996406626306,
                    -0.8931895866427891,
                    -0.44889060968160516,
                    -1.373213801987959
                ],
                [
                    0.0,
                    0.0,
                    0.0,
                    1.0
                ]
            ],
            "is_bad": false,
            "mask_path": "DSC05655.png"
        },
        {
            "file_path": "DSC05711.JPG",
            "transform_matrix": [
                [
                    -0.7746979015618511,
                    -0.10195008000573548,
                    0.6240587652637276,
                    1.6233853484464187
                ],
                [
                    -0.6321474136064565,
                    0.14868145034222713,
                    -0.7604495208722264,
                    2.624127069249444
                ],
                [
                    -0.015258072824944043,
                    -0.9836157824633334,
                    -0.17963068697389253,
                    -1.551388694098623
                ],
                [
                    0.0,
                    0.0,
                    0.0,
                    1.0
                ]
            ],
            "is_bad": false,
            "mask_path": "DSC05711.png"
        },
        {
            "file_path": "DSC06232.JPG",
            "transform_matrix": [
                [
                    -0.41605705183427916,
                    -0.17932182176249786,
                    0.891482032269158,
