{
    "fl_x": 465.06908489534555,
    "fl_y": 466.88665153240936,
    "cx": 876.0,
    "cy": 584.0,
    "w": 1752,
    "h": 1168,
    "k1": 0.0,
    "k2": 0.0,
    "k3": 0.0,
    "k4": 0.0,
    "camera_model": "PINHOLE",
    "has_mask": false,
    "aabb_range": [
        [
            0.12216687202453613,
            0.004416595213115215,
            -2.5509941577911377
        ],
        [
            4.410307884216309,
            6.478948593139648,
            -0.053927261382341385
        ]
    ],
    "frames": [
        {
            "file_path": "91954a0d_DSC03481.JPG",
            "transform_matrix": [
                [
                    -0.9259642963715203,
                    -0.12702026957000698,
                    0.35560648611007867,
                    2.9808132164293855
                ],
                [
                    -0.371340401236638,
                    0.4772108059845099,
                    -0.7964773399545193,
                    2.175801138941797
                ],
                [
                    -0.06853049142248499,
                    -0.8695606349013143,
                    -0.48904792605164493,
                    -1.3746087080360174
                ],
                [
                    0.0,
                    0.0,
                    0.0,
                    1.0
                ]
            ],
            "is_bad": false,
            "mask_path": "91954a0d_DSC03481.png"
        },
        {
            "file_path": "91954a0d_DSC03717.JPG",
            "transform_matrix": [
                [
                    -0.8880097640775652,
                    0.19026016181340974,
                    -0.41861644703671347,
                    1.0503281463618939
                ],
                [
                    0.4422140092599006,
                    0.10382206394964716,
                    -0.8908803225189786,
                    5.310696372295209
                ],
                [
                    -0.12603741078422423,
                    -0.9762284824076635,
                    -0.17633071547191725,
                    -1.4425211745454491
                ],
                [
                    0.0,
                    0.0,
                    0.0,
                    1.0
                ]
            ],
            "is_bad": false,
            "mask_path": "91954a0d_DSC03717.png"
        },
        {
            "file_path": "91954a0d_DSC02926.JPG",
            "transform_matrix": [
                [
                    -0.16657664057484145,
                    0.2225166741400181,
                    0.9605928130818306,
                    1.649791588968472
                ],
                [
                    -0.9824494687048017,
                    0.045474657967674824,
                    -0.18090079304518214,
                    0.7134508621728954
                ],
                [
                    -0.0839360724388085,
                    -0.9738677452366867,
                    0.21103637253127505,
                    -1.62049335834765
                ],
                [
                    0.0,
                    0.0,
                    0.0,
                    1.0
                ]
            ],
            "is_bad": true,
            "mask_path": "91954a0d_DSC02926.png"
        },
        {
            "file_path": "91954a0d_DSC03578.JPG",
            "transform_matrix": [
                [
                    -0.1728380302549756,
                    -0.4208851285395431,
                    0.8904957742021196,
                    2.1371122095006876
                ],
                [
                    -0.9713585326530829,
                    0.2225157596659595,
                    -0.08336268795048943,
                    3.812331187799947
                ],
                [
                    -0.16306322804246784,
                    -0.8793989113448646,
                    -0.4472895464750288,
                    -1.377469541746929
                ],
                [
                    0.0,
                    0.0,
                    0.0,
                    1.0
                ]
            ],
            "is_bad": false,
            "mask_path": "91954a0d_DSC03578.png"
        },
        {
            "file_path": "91954a0d_DSC03330.JPG",
            "transform_matrix": [
                [
                    -0.803206680293365,
                    -0.1759273329404417,
                    -0.5691296884336433,
                    2.518302358642179
                ],
                [
                    0.5883873641949794,
                    -0.38354203939235865,
                    -0.7118256905130886,
                    1.2946765425061864
                ],
                [
                    -0.0930555661301207,
                    -0.9066118670871312,
                    0.41157694793196203,
                    -1.7347134169414447
                ],
                [
                    0.0,
                    0.0,
                    0.0,
                    1.0
                ]
            ],
            "is_bad": false,
            "mask_path": "91954a0d_DSC03330.png"
        },
        {
            "file_path": "91954a0d_DSC03625.JPG",
            "transform_matrix": [
                [
                    -0.6438756306099834,
                    -0.140032125368684,
                    0.752206870595666,
                    1.4328572907657586
                ],
                [
                    -0.7541917206400129,
                    0.2817973462736184,
                    -0.5931147478786905,
                    4.450076505253355
                ],
                [
                    -0.12891478124967762,
                    -0.9492003263262585,
                    -0.28705351361283155,
                    -1.4278938056032953
                ],
                [
                    0.0,
                    0.0,
                    0.0,
                    1.0
                ]
            ],
            "is_bad": false,
            "mask_path": "91954a0d_DSC03625.png"
        },
        {
            "file_path": "91954a0d_DSC03927.JPG",
            "transform_matrix": [
                [
                    0.4331808631837037,
                    0.11736160174887376,
                    -0.8936333667709371,
                    2.603854305858947
                ],
                [
                    0.890479346461643,
                    -0.20895121698632263,
                    0.40421024534910077,
                    3.0170356352096763
                ],
                [
                    -0.13928701768889645,
                    -0.9708581994065217,
                    -0.1950217509624493,
                    -1.4627671041383843
                ],
                [
                    0.0,
                    0.0,
                    0.0,
                    1.0
                ]
            ],
            "is_bad": true,
            "mask_path": "91954a0d_DSC03927.png"
        },
        {
            "file_path": "91954a0d_DSC04114.JPG",
            "transform_matrix": [
                [
                    -0.0805202734644241,
                    -0.12130088260661914,
                    0.9893445211047917,
                    3.5590674045906514
                ],
                [
                    -0.9845884169180221,
                    0.16427611330118264,
                    -0.059991731676288844,
                    1.8781690472561678
                ],
                [
                    -0.15524862264148173,
                    -0.9789277064612647,
                    -0.13265900154309385,
                    -1.4820733983957801
                ],
                [
                    0.0,
                    0.0,
                    0.0,
                    1.0
                ]
            ],
            "is_bad": false,
            "mask_path": "91954a0d_DSC04114.png"
        },
        {
            "file_path": "91954a0d_DSC03206.JPG",
            "transform_matrix": [
                [
                    -0.6050231150668941,
                    0.3314463264174616,
                    -0.7239408559676134,
                    2.0039325753281627
                ],
                [
                    0.782618303564551,
                    0.08028998430494771,
                    -0.6173022836067071,
                    1.1804669909031815
                ],
                [
                    -0.1464773742272031,
                    -0.9400515151440799,
                    -0.30797325811638765,
                    -1.3774365843277494
                ],
                [
                    0.0,
                    0.0,
                    0.0,
                    1.0
                ]
            ],
            "is_bad": false,
            "mask_path": "91954a0d_DSC03206.png"
        },
        {
            "file_path": "91954a0d_DSC03377.JPG",
            "transform_matrix": [
                [
                    -0.9609269465883629,
                    -0.051843606346590916,
                    -0.2719037399546847,
                    2.873324849868775
                ],
                [
                    0.2660267400867171,
                    -0.444379242556816,
                    -0.8554278826081508,
                    1.7549747253777852
                ],
                [
                    -0.07647991160559381,
                    -0.8943373688187305,
                    0.4408077742680937,
                    -1.7624045949835325
                ],
                [
                    0.0,
                    0.0,
                    0.0,
                    1.0
                ]
            ],
            "is_bad": false,
            "mask_path": "91954a0d_DSC03377.png"
        },
        {
            "file_path": "91954a0d_DSC03777.JPG",
            "transform_matrix": [
                [
                    -0.14972599026276845,
                    0.12747556530628365,
                    -0.9804754500188556,
                    1.6025300844010564
                ],
                [
                    0.9789209617512302,
                    -0.12020818750364293,
                    -0.16511735917563447,
                    5.437498031591775
                ],
                [
                    -0.1389096054413798,
                    -0.9845303306180736,
                    -0.1067902130777335,
                    -1.4601304411785352
                ],
                [
                    0.0,
                    0.0,
                    0.0,
                    1.0
                ]
            ],
            "is_bad": false,
            "mask_path": "91954a0d_DSC03777.png"
        },
        {
            "file_path": "91954a0d_DSC03861.JPG",
            "transform_matrix": [
                [
                    0.5728624374211776,
                    -0.038820226503259656,
                    -0.8187317129598091,
                    1.9088342746323081
                ],
                [
                    0.8125688173440686,
                    -0.10413307300535671,
                    0.5734877681228456,
                    4.256686248578068
                ],
                [
                    -0.1075199742928223,
                    -0.9938054603999199,
                    -0.028109820479223523,
                    -1.5040457086137309
                ],
                [
                    0.0,
                    0.0,
                    0.0,
                    1.0
                ]
            ],
            "is_bad": false,
            "mask_path": "91954a0d_DSC03861.png"
        },
        {
            "file_path": "91954a0d_DSC03951.JPG",
            "transform_matrix": [
                [
                    0.5373626444071237,
                    0.021942750202270364,
                    -0.8430657768580958,
                    2.977228478481246
                ],
                [
                    0.8371193159277379,
                    -0.13518133455396866,
                    0.5300540139352631,
                    2.665320595217093
                ],
                [
                    -0.10233591401096359,
                    -0.9905778730123994,
                    -0.09101009944930251,
                    -1.4956963090232809
                ],
                [
                    0.0,
                    0.0,
                    0.0,
                    1.0
                ]
            ],
            "is_bad": false,
            "mask_path": "91954a0d_DSC03951.png"
        },
        {
            "file_path": "91954a0d_DSC02797.JPG",
            "transform_matrix": [
                [
                    0.4149219283479652,
                    -0.6818670725066317,
                    0.6024094029870734,
                    1.6406986651165918
                ],
                [
                    -0.9094879174107554,
                    -0.32968269318570004,
                    0.25326083372221797,
                    0.7764746668994611
                ],
                [
                    0.025913731106410272,
                    -0.6529675468544052,
                    -0.7569424425245865,
                    -1.1340572646357285
                ],
                [
                    0.0,
                    0.0,
                    0.0,
                    1.0
                ]
            ],
            "is_bad": false,
            "mask_path": "91954a0d_DSC02797.png"
        },
        {
            "file_path": "91954a0d_DSC03829.JPG",
            "transform_matrix": [
                [
                    0.5637638619292301,
                    -0.00189646500927785,
                    -0.8259338420255633,
                    1.4227340794201582
                ],
                [
                    0.8127046710902589,
                    -0.1770036868737129,
                    0.5551403538036004,
                    4.93584642165909
                ],
                [
                    -0.14724613940852216,
                    -0.9842083611987766,
                    -0.09824701611603723,
                    -1.4734591332726972
                ],
                [
                    0.0,
                    0.0,
                    0.0,
                    1.0
                ]
            ],
            "is_bad": false,
            "mask_path": "91954a0d_DSC03829.png"
        },
        {
            "file_path": "91954a0d_DSC03900.JPG",
            "transform_matrix": [
                [
                    0.5573161776991893,
                    0.02111825827178347,
                    -0.8300317447196417,
                    2.441841387380919
                ],
                [
                    0.8168096348436484,
                    -0.19341937903475664,
                    0.5435172161398337,
                    3.462220512564317
                ],
                [
                    -0.14906608769720708,
                    -0.980888863725843,
                    -0.12504534584411062,
                    -1.482356707818846
                ],
                [
                    0.0,
                    0.0,
                    0.0,
                    1.0
                ]
            ],
            "is_bad": false,
            "mask_path": "91954a0d_DSC03900.png"
        },
        {
            "file_path": "91954a0d_DSC04084.JPG",
            "transform_matrix": [
                [
                    0.26957673991881037,
                    -0.220696045179169,
                    0.9373481940757232,
                    3.1748778701802873
                ],
                [
                    -0.9512296312896131,
                    0.09056102735257499,
                    0.2948913170669339,
                    1.662173296451706
                ],
                [
                    -0.14996856287692703,
                    -0.9711292169259041,
                    -0.18551947116545064,
                    -1.4593816328378522
                ],
                [
                    0.0,
                    0.0,
                    0.0,
                    1.0
                ]
            ],
            "is_bad": true,
            "mask_path": "91954a0d_DSC04084.png"
        },
        {
            "file_path": "91954a0d_DSC03671.JPG",
            "transform_matrix": [
                [
                    -0.9394404248995858,
                    0.07498058185023113,
                    0.33440933062623523,
                    1.0468742256823644
                ],
                [
                    -0.323674510422671,
                    0.12657474071637526,
                    -0.937663930369099,
                    4.939239519309951
                ],
                [
                    -0.11263436139620192,
                    -0.9891191775301816,
                    -0.09464012507856592,
                    -1.4711654594277568
                ],
                [
                    0.0,
                    0.0,
                    0.0,
                    1.0
                ]
            ],
            "is_bad": false,
            "mask_path": "91954a0d_DSC03671.png"
        },
        {
            "file_path": "91954a0d_DSC03977.JPG",
            "transform_matrix": [
                [
                    0.8659946110314696,
                    -0.10914792781408249,
                    -0.487995966702949,
                    3.2576908367070017
                ],
                [
                    0.4844237562637253,
                    -0.0589657804627411,
                    0.87284400731274,
                    2.3389580043235285
                ],
                [
                    -0.12404417774243463,
                    -0.9922750458357358,
                    0.00180980106410121,
                    -1.5284763275605162
                ],
                [
                    0.0,
                    0.0,
                    0.0,
                    1.0
                ]
            ],
            "is_bad": false,
            "mask_path": "91954a0d_DSC03977.png"
        },
        {
            "file_path": "91954a0d_DSC03498.JPG",
            "transform_matrix": [
                [
                    -0.856827554971632,
                    -0.19376984319288681,
                    0.47780727172191295,
                    2.7388735555749877
                ],
                [
                    -0.5088229375662187,
                    0.4675613256529366,
                    -0.7228316712486736,
                    2.4362606370878144
                ],
                [
                    -0.08334122178020309,
                    -0.8624613931201045,
                    -0.4992139682836507,
                    -1.3697834605970431
                ],
                [
                    0.0,
                    0.0,
                    0.0,
                    1.0
                ]
            ],
            "is_bad": false,
            "mask_path": "91954a0d_DSC03498.png"
        },
        {
            "file_path": "91954a0d_DSC03095.JPG",
            "transform_matrix": [
                [
                    -0.9307985553502931,
                    0.11153540670234344,
                    0.3481004200077194,
                    1.9063322801851286
                ],
                [
                    -0.35624515551790953,
                    -0.06349439844526468,
                    -0.9322327233776417,
                    0.9275234831617023
                ],
                [
                    -0.08187452917622424,
                    -0.9917299604316778,
                    0.09883444265211763,
                    -1.5815795573746096
                ],
                [
                    0.0,
                    0.0,
                    0.0,
                    1.0
                ]
            ],
            "is_bad": false,
            "mask_path": "91954a0d_DSC03095.png"
        },
        {
            "file_path": "91954a0d_DSC03997.JPG",
            "transform_matrix": [
                [
                    0.9793380118703688,
                    -0.11069464302585044,
                    -0.16924465873750077,
                    3.2696686762272464
                ],
                [
                    0.14931149934545354,
                    -0.1686516613928393,
                    0.9743011306945343,
                    2.0244960422718763
                ],
                [
                    -0.13639330873985778,
                    -0.9794403060497432,
                    -0.14863899964739852,
                    -1.4781622866053734
                ],
                [
                    0.0,
                    0.0,
                    0.0,
                    1.0
                ]
            ],
            "is_bad": false,
            "mask_path": "91954a0d_DSC03997.png"
        },
        {
            "file_path": "91954a0d_DSC03286.JPG",
            "transform_matrix": [
                [
                    -0.5521707695597654,
                    0.03999302348061945,
                    -0.8327712767120724,
                    2.2780083150133597
                ],
                [
                    0.827529765596347,
                    -0.09530993174007053,
                    -0.5532725404027912,
                    1.1865893283285287
                ],
                [
                    -0.10149841523802977,
                    -0.9946439438234075,
                    0.019531941009197234,
                    -1.5679970190458339
                ],
                [
                    0.0,
                    0.0,
                    0.0,
                    1.0
                ]
            ],
            "is_bad": false,
            "mask_path": "91954a0d_DSC03286.png"
        },
        {
            "file_path": "91954a0d_DSC03650.JPG",
            "transform_matrix": [
                [
                    -0.7707655355878846,
                    0.0227246917613755,
                    0.636713497213835,
                    1.2456750516741886
                ],
                [
                    -0.6246150263502713,
                    0.17006745365813178,
                    -0.7621896942780648,
                    4.682720381048234
                ],
                [
                    -0.12560476904708678,
                    -0.9851703657695912,
                    -0.11688794806154462,
                    -1.4651975890975224
                ],
                [
                    0.0,
                    0.0,
                    0.0,
                    1.0
                ]
            ],
            "is_bad": false,
            "mask_path": "91954a0d_DSC03650.png"
        },
        {
            "file_path": "91954a0d_DSC03412.JPG",
            "transform_matrix": [
                [
                    -0.9844018500107111,
                    0.11769155542681677,
                    0.1307734509627486,
                    2.8936456519123057
                ],
                [
                    -0.14509487072679464,
                    -0.12270130220401612,
                    -0.981779949340082,
                    2.0243507310450823
                ],
                [
                    -0.09950113659785312,
                    -0.9854405553957356,
                    0.13786382990864604,
                    -1.6195293188323576
                ],
                [
                    0.0,
                    0.0,
                    0.0,
                    1.0
                ]
            ],
            "is_bad": false,
            "mask_path": "91954a0d_DSC03412.png"
        },
        {
            "file_path": "91954a0d_DSC03515.JPG",
            "transform_matrix": [
                [
                    -0.7025562941895479,
                    -0.31676013023062083,
                    0.6372422407459579,
                    2.7022976876479015
                ],
                [
                    -0.7081621369452926,
                    0.399471698243396,
                    -0.5821758755733641,
                    2.7503596134332255
                ],
                [
                    -0.0701501339394704,
                    -0.8602821526678425,
                    -0.5049688866746712,
                    -1.3724784642440868
                ],
                [
                    0.0,
                    0.0,
                    0.0,
                    1.0
                ]
            ],
            "is_bad": false,
            "mask_path": "91954a0d_DSC03515.png"
        },
        {
            "file_path": "91954a0d_DSC03844.JPG",
            "transform_matrix": [
                [
                    0.5835023873806945,
                    -0.0524104599469781,
                    -0.8104184768433996,
                    1.6026464161812282
                ],
                [
                    0.8022982961591894,
                    -0.1174618949776893,
                    0.5852522082045587,
                    4.681683133000031
                ],
                [
                    -0.12586662743194377,
                    -0.9916934238545683,
                    -0.026490473429362126,
                    -1.5028122717559593
                ],
                [
                    0.0,
                    0.0,
                    0.0,
                    1.0
                ]
            ],
            "is_bad": false,
            "mask_path": "91954a0d_DSC03844.png"
        },
        {
            "file_path": "91954a0d_DSC03797.JPG",
            "transform_matrix": [
                [
                    0.1317069209424811,
                    -0.01659068375417594,
                    -0.9911498555659584,
                    1.3353804742671964
                ],
                [
                    0.985156514683113,
                    -0.10885177710623367,
                    0.13273255892295674,
                    5.342635483843126
                ],
                [
                    -0.11009054706591466,
                    -0.9939195338825895,
                    0.0020078877816944243,
                    -1.4981596580693683
                ],
                [
                    0.0,
                    0.0,
                    0.0,
                    1.0
                ]
            ],
            "is_bad": false,
            "mask_path": "91954a0d_DSC03797.png"
        },
        {
            "file_path": "91954a0d_DSC03354.JPG",
            "transform_matrix": [
                [
                    -0.8102127290464218,
                    -0.1858543800669315,
                    -0.5558898120141128,
                    2.6793854565050634
                ],
                [
                    0.5788300003198936,
                    -0.40297815257655506,
                    -0.7089177944413995,
                    1.5466323258056773
                ],
                [
                    -0.09225597227725309,
                    -0.8961399209698914,
                    0.43407611961873177,
                    -1.7572874571879549
                ],
                [
                    0.0,
                    0.0,
                    0.0,
                    1.0
                ]
            ],
            "is_bad": false,
            "mask_path": "91954a0d_DSC03354.png"
        },
        {
            "file_path": "91954a0d_DSC03608.JPG",
            "transform_matrix": [
                [
                    -0.4456838922732227,
                    -0.2632402181488228,
                    0.8556111591822253,
                    1.6282488095151373
                ],
                [
                    -0.8822453629017233,
                    0.29111787946942397,
                    -0.3699912159655063,
                    4.249921505978274
                ],
                [
                    -0.15168713790759683,
                    -0.9197581028738954,
                    -0.3619890114232972,
                    -1.4030357670152158
                ],
                [
                    0.0,
                    0.0,
                    0.0,
                    1.0
                ]
            ],
            "is_bad": false,
            "mask_path": "91954a0d_DSC03608.png"
        },
        {
            "file_path": "91954a0d_DSC02980.JPG",
            "transform_matrix": [
                [
                    -0.5628055885599592,
                    -0.19554617532498203,
                    0.8031261188639361,
                    1.711675168223386
                ],
                [
                    -0.8226646236003067,
                    0.2270799396487867,
                    -0.5212078453800072,
                    0.8244925715715639
                ],
                [
                    -0.08045362988855184,
                    -0.9540421344599382,
                    -0.2886707798044013,
                    -1.385420435956286
                ],
                [
                    0.0,
                    0.0,
                    0.0,
                    1.0
                ]
            ],
            "is_bad": false,
            "mask_path": "91954a0d_DSC02980.png"
        },
        {
            "file_path": "91954a0d_DSC03596.JPG",
            "transform_matrix": [
                [
                    -0.39636431732193017,
                    -0.33789346488355604,
                    0.8536529355322954,
                    1.8057439087913212
                ],
                [
                    -0.9045811032763212,
                    0.3026674004422119,
                    -0.30020904767336154,
                    4.039318325931656
                ],
                [
                    -0.1569342395696782,
                    -0.8911904684737932,
                    -0.42561860080610653,
                    -1.3922696023811247
                ],
                [
                    0.0,
                    0.0,
                    0.0,
                    1.0
                ]
            ],
            "is_bad": false,
            "mask_path": "91954a0d_DSC03596.png"
        },
        {
            "file_path": "91954a0d_DSC03541.JPG",
            "transform_matrix": [
                [
                    -0.2930582527790885,
                    -0.437997069047679,
                    0.8498678885472203,
                    2.5441464593171803
                ],
                [
                    -0.9490550766576095,
                    0.24093233230429192,
                    -0.2030912915928012,
                    3.254737963645903
                ],
                [
                    -0.11580726207145141,
                    -0.8660890131828579,
                    -0.48629055028393936,
                    -1.3708268211441452
                ],
                [
                    0.0,
                    0.0,
                    0.0,
                    1.0
                ]
            ],
            "is_bad": false,
            "mask_path": "91954a0d_DSC03541.png"
        },
        {
            "file_path": "91954a0d_DSC03564.JPG",
            "transform_matrix": [
                [
                    0.04016491563695062,
                    -0.48559516951628856,
                    0.8732606202585365,
                    2.3477849729445333
                ],
                [
                    -0.9867304033265196,
                    0.11832802536262967,
                    0.11118268554440591,
                    3.6704995055664207
                ],
                [
                    -0.15732097985634977,
                    -0.8661384472220525,
                    -0.47439888231404026,
                    -1.3694316169002612
                ],
                [
                    0.0,
                    0.0,
                    0.0,
                    1.0
                ]
            ],
            "is_bad": false,
            "mask_path": "91954a0d_DSC03564.png"
        },
        {
            "file_path": "91954a0d_DSC03810.JPG",
            "transform_matrix": [
                [
                    0.26839236032995584,
                    0.021474954363031307,
                    -0.9630702815743101,
                    1.247836249561919
                ],
                [
                    0.9535875866309345,
                    -0.14760184826539952,
                    0.2624583948210232,
                    5.114494321879423
                ],
                [
                    -0.13651467151887095,
                    -0.9888136936368466,
                    -0.06009345834906706,
                    -1.478628191485268
                ],
                [
                    0.0,
                    0.0,
                    0.0,
                    1.0
                ]
            ],
            "is_bad": false,
            "mask_path": "91954a0d_DSC03810.png"
        },
        {
            "file_path": "91954a0d_DSC03870.JPG",
            "transform_matrix": [
                [
                    0.4779179487105005,
                    0.004834479353827181,
                    -0.8783911782968485,
                    2.0554493856128406
                ],
                [
                    0.8699217278364875,
                    -0.1412417289845944,
                    0.47253249775166023,
                    4.009164656952324
                ],
                [
                    -0.12178104014306938,
                    -0.9899633335648452,
                    -0.07170757602131299,
                    -1.4939226729032216
                ],
                [
                    0.0,
                    0.0,
                    0.0,
                    1.0
                ]
            ],
            "is_bad": false,
            "mask_path": "91954a0d_DSC03870.png"
        },
        {
            "file_path": "91954a0d_DSC04102.JPG",
            "transform_matrix": [
                [
                    0.036638159662404204,
                    -0.15231453902379147,
                    0.9876527357621819,
                    3.3824830406199675
                ],
                [
                    -0.9864375212194254,
                    0.15272047440228181,
                    0.06014543564409824,
                    1.7404844077658672
                ],
                [
                    -0.15999581865482787,
                    -0.9764613345649239,
                    -0.14465337919543966,
                    -1.4810790857930711
                ],
                [
                    0.0,
                    0.0,
                    0.0,
                    1.0
                ]
            ],
            "is_bad": true,
            "mask_path": "91954a0d_DSC04102.png"
        },
        {
            "file_path": "91954a0d_DSC03917.JPG",
            "transform_matrix": [
                [
                    0.6628925131136711,
                    0.019263655057180754,
                    -0.7484667177982464,
                    2.732062502275264
                ],
                [
                    0.7339841605117151,
                    -0.21404124268367125,
                    0.6445569009391976,
                    3.1941990672700356
                ],
                [
                    -0.1477862245804872,
                    -0.976634659442449,
                    -0.1560255549580841,
                    -1.469791060300989
                ],
                [
                    0.0,
                    0.0,
                    0.0,
                    1.0
                ]
            ],
            "is_bad": false,
            "mask_path": "91954a0d_DSC03917.png"
        },
        {
            "file_path": "91954a0d_DSC03851.JPG",
            "transform_matrix": [
                [
                    0.5220381364391039,
                    -0.05666133942221675,
                    -0.8510379995735021,
                    1.6750635253733375
                ],
                [
                    0.8458912884523151,
                    -0.09345770692519674,
                    0.5251034042326961,
                    4.427200482923988
                ],
                [
                    -0.10928912216533639,
                    -0.9940096325645764,
                    -0.0008591537498087435,
                    -1.5095227336779797
                ],
                [
                    0.0,
                    0.0,
                    0.0,
                    1.0
                ]
            ],
            "is_bad": false,
            "mask_path": "91954a0d_DSC03851.png"
        },
        {
            "file_path": "91954a0d_DSC03962.JPG",
            "transform_matrix": [
                [
                    0.6744967279536561,
                    -0.04934166753021289,
                    -0.7366271538744351,
                    3.126970472761423
                ],
                [
                    0.7295992902036726,
                    -0.10798837773953317,
                    0.6752950362674682,
                    2.5013148262222393
                ],
                [
                    -0.11286735451010238,
                    -0.9929269409772922,
                    -0.03683816183482968,
                    -1.5119125901226875
                ],
                [
                    0.0,
                    0.0,
                    0.0,
                    1.0
                ]
            ],
            "is_bad": false,
            "mask_path": "91954a0d_DSC03962.png"
        },
        {
            "file_path": "91954a0d_DSC03465.JPG",
            "transform_matrix": [
                [
                    -0.924810253995222,
                    -0.13739800199022806,
                    0.35475031099970317,
                    3.130691241601022
                ],
                [
                    -0.37228495271993645,
                    0.518772647931358,
                    -0.76959655257583,
                    1.9571806391695505
                ],
                [
                    -0.07829372952930212,
                    -0.8437989860194078,
                    -0.5309174729739191,
                    -1.3396316842677012
                ],
                [
                    0.0,
                    0.0,
                    0.0,
                    1.0
                ]
            ],
            "is_bad": false,
            "mask_path": "91954a0d_DSC03465.png"
        },
        {
            "file_path": "91954a0d_DSC03276.JPG",
            "transform_matrix": [
                [
                    -0.6297043234927667,
                    0.05866261899067025,
                    -0.7746167840343194,
                    2.0876370201041885
                ],
                [
                    0.7698176778843051,
                    -0.08660121240640807,
                    -0.6323614257895211,
                    1.1070640851728184
                ],
                [
                    -0.10417873003321282,
                    -0.9945144177652202,
                    0.009373636742021222,
                    -1.5540115756966721
                ],
                [
                    0.0,
                    0.0,
                    0.0,
                    1.0
                ]
            ],
            "is_bad": false,
            "mask_path": "91954a0d_DSC03276.png"
        },
        {
            "file_path": "91954a0d_DSC03238.JPG",
            "transform_matrix": [
                [
                    -0.44074798881377253,
                    0.5020881625103297,
                    -0.7440757269415623,
                    1.852478629240869
                ],
                [
                    0.8848865399523625,
                    0.10384482339649011,
