{
    "fl_x": 464.8415120588414,
    "fl_y": 465.24429325875946,
    "cx": 876.0,
    "cy": 584.0,
    "w": 1752,
    "h": 1168,
    "k1": 0.0,
    "k2": 0.0,
    "k3": 0.0,
    "k4": 0.0,
    "camera_model": "PINHOLE",
    "has_mask": false,
    "aabb_range": [
        [
            0.02792462892830372,
            0.024465881288051605,
            -2.6725525856018066
        ],
        [
            3.147446632385254,
            6.562344551086426,
            -0.038105420768260956
        ]
    ],
    "frames": [
        {
            "file_path": "DSC07024.JPG",
            "transform_matrix": [
                [
                    -0.9674110951625909,
                    -0.15730499401167683,
                    0.19842104680527853,
                    0.926740684296966
                ],
                [
                    -0.2517635429600331,
                    0.5138939685358956,
                    -0.8200781106325417,
                    5.416123311477029
                ],
                [
                    0.02703500309834794,
                    -0.8433078488674313,
                    -0.5367503895164474,
                    -1.5230592477077258
                ],
                [
                    0.0,
                    0.0,
                    0.0,
                    1.0
                ]
            ],
            "is_bad": false,
            "mask_path": "DSC07024.png"
        },
        {
            "file_path": "DSC07195.JPG",
            "transform_matrix": [
                [
                    -0.14686265654456518,
                    -0.30233147748230343,
                    -0.9418211283657001,
                    0.9908733653676909
                ],
                [
                    0.9889544205956755,
                    -0.02561471818409188,
                    -0.1459898633351686,
                    1.1210933734572395
                ],
                [
                    0.02001284829665026,
                    -0.9528586274656471,
                    0.302753896700502,
                    -1.8089409807711054
                ],
                [
                    0.0,
                    0.0,
                    0.0,
                    1.0
                ]
            ],
            "is_bad": false,
            "mask_path": "DSC07195.png"
        },
        {
            "file_path": "DSC07074.JPG",
            "transform_matrix": [
                [
                    0.842555140806947,
                    0.0530681328381427,
                    0.5359893730073935,
                    2.4377790798921386
                ],
                [
                    -0.5380784272529507,
                    0.03872814851188241,
                    0.842004594190455,
                    3.0760470345255593
                ],
                [
                    0.023925735616204504,
                    -0.9978396182703483,
                    0.06118541807742001,
                    -1.7491850078310192
                ],
                [
                    0.0,
                    0.0,
                    0.0,
                    1.0
                ]
            ],
            "is_bad": false,
            "mask_path": "DSC07074.png"
        },
        {
            "file_path": "DSC07103.JPG",
            "transform_matrix": [
                [
                    0.9539814558085487,
                    0.20373883291715328,
                    -0.22002243052688578,
                    2.317433979804832
                ],
                [
                    0.29739860316772077,
                    -0.5489096478216124,
                    0.7811864498071135,
                    1.448261650090644
                ],
                [
                    0.038385580721027476,
                    -0.8106717501491648,
                    -0.5842412692568026,
                    -1.4958871041346313
                ],
                [
                    0.0,
                    0.0,
                    0.0,
                    1.0
                ]
            ],
            "is_bad": false,
            "mask_path": "DSC07103.png"
        },
        {
            "file_path": "DSC06864.JPG",
            "transform_matrix": [
                [
                    -0.7796842545689028,
                    0.32217405760150053,
                    -0.5369323419071714,
                    1.384323026222305
                ],
                [
                    0.624765148174713,
                    0.45772132467474125,
                    -0.6325817722352022,
                    3.953916565718468
                ],
                [
                    0.041963946472698264,
                    -0.8286706616905085,
                    -0.5581612326647662,
                    -1.486874461699247
                ],
                [
                    0.0,
                    0.0,
                    0.0,
                    1.0
                ]
            ],
            "is_bad": false,
            "mask_path": "DSC06864.png"
        },
        {
            "file_path": "DSC06904.JPG",
            "transform_matrix": [
                [
                    0.14822346604573705,
                    0.38647591281862403,
                    -0.9103110308704384,
                    1.7799402671407212
                ],
                [
                    0.9888647713877282,
                    -0.07027674637708833,
                    0.13117790525445358,
                    5.817043140703083
                ],
                [
                    -0.013276596765897758,
                    -0.9196181532188575,
                    -0.3925890781066814,
                    -1.7208253733587033
                ],
                [
                    0.0,
                    0.0,
                    0.0,
                    1.0
                ]
            ],
            "is_bad": false,
            "mask_path": "DSC06904.png"
        },
        {
            "file_path": "DSC06902.JPG",
            "transform_matrix": [
                [
                    -0.6187022402257853,
                    0.19793352269502676,
                    -0.7602827490698001,
                    1.5959768296298333
                ],
                [
                    0.7855923983226578,
                    0.16476473109691187,
                    -0.5964035270554803,
                    4.81983916551811
                ],
                [
                    0.007219531650276738,
                    -0.9662685465128732,
                    -0.2574353790422968,
                    -1.7009453247577562
                ],
                [
                    0.0,
                    0.0,
                    0.0,
                    1.0
                ]
            ],
            "is_bad": false,
            "mask_path": "DSC06902.png"
        },
        {
            "file_path": "DSC07083.JPG",
            "transform_matrix": [
                [
                    0.641070539307681,
                    -0.4717603664303082,
                    0.6053682518081871,
                    2.3756517369107346
                ],
                [
                    -0.7627640964706182,
                    -0.3043100654109454,
                    0.5706017150560868,
                    2.3131804037075154
                ],
                [
                    -0.0849676218751628,
                    -0.8275491168233625,
                    -0.5549260874006122,
                    -1.5402999707992926
                ],
                [
                    0.0,
                    0.0,
                    0.0,
                    1.0
                ]
            ],
            "is_bad": false,
            "mask_path": "DSC07083.png"
        },
        {
            "file_path": "DSC07137.JPG",
            "transform_matrix": [
                [
                    -0.2624982479354925,
                    -0.48299880935841993,
                    0.8353483225512247,
                    1.619206171096026
                ],
                [
                    -0.9648406116788973,
                    0.1194365584713246,
                    -0.2341313788359336,
                    1.3584774867720943
                ],
                [
                    0.01331404844088872,
                    -0.8674370632264188,
                    -0.49736875399972424,
                    -1.561183312619266
                ],
                [
                    0.0,
                    0.0,
                    0.0,
                    1.0
                ]
            ],
            "is_bad": false,
            "mask_path": "DSC07137.png"
        },
        {
            "file_path": "DSC07057.JPG",
            "transform_matrix": [
                [
                    0.9977121802973862,
                    0.032261644270342296,
                    -0.05941036605854548,
                    2.0085475879996437
                ],
                [
                    0.06670626039205779,
                    -0.3269908106230914,
                    0.9426702947439052,
                    3.5475211876782407
                ],
                [
                    0.010985449956347997,
                    -0.9444766784188099,
                    -0.3283947682473477,
                    -1.6219988391041895
                ],
                [
                    0.0,
                    0.0,
                    0.0,
                    1.0
                ]
            ],
            "is_bad": false,
            "mask_path": "DSC07057.png"
        },
        {
            "file_path": "DSC06938.JPG",
            "transform_matrix": [
                [
                    0.9900326047669064,
                    0.0021333446554143982,
                    0.14082219405703278,
                    1.4369849951395872
                ],
                [
                    -0.13436683917986444,
                    -0.28530547018112795,
                    0.948971201466904,
                    5.386401990393043
                ],
                [
                    0.042201824928170845,
                    -0.9584342635388761,
                    -0.2821750670194404,
                    -1.7014540317801452
                ],
                [
                    0.0,
                    0.0,
                    0.0,
                    1.0
                ]
            ],
            "is_bad": false,
            "mask_path": "DSC06938.png"
        },
        {
            "file_path": "DSC07173.JPG",
            "transform_matrix": [
                [
                    0.6743373332447776,
                    -0.2767108676678032,
                    -0.6846168685526621,
                    0.5424233910932393
                ],
                [
                    0.7382056340457819,
                    0.23010494852664604,
                    0.6341168303448621,
                    1.343293714031349
                ],
                [
                    -0.017933289028699957,
                    -0.9329966818687412,
                    0.35943787886995443,
                    -1.8593805773707355
                ],
                [
                    0.0,
                    0.0,
                    0.0,
                    1.0
                ]
            ],
            "is_bad": false,
            "mask_path": "DSC07173.png"
        },
        {
            "file_path": "DSC06967.JPG",
            "transform_matrix": [
                [
                    -0.18259256965101664,
                    -0.47452449346101594,
                    0.861096079780767,
                    1.7824767423681076
                ],
                [
                    -0.9831872835483675,
                    0.08665718021077803,
                    -0.16072740459143256,
                    4.45890439796741
                ],
                [
                    0.0016489320846968642,
                    -0.8759663453714892,
                    -0.4823694049164984,
                    -1.6150425216640674
                ],
                [
                    0.0,
                    0.0,
                    0.0,
                    1.0
                ]
            ],
            "is_bad": false,
            "mask_path": "DSC06967.png"
        },
        {
            "file_path": "DSC07048.JPG",
            "transform_matrix": [
                [
                    0.932404146373936,
                    0.06469182008237988,
                    -0.3555804778655889,
                    1.7925291730278412
                ],
                [
                    0.3600327479329558,
                    -0.08021873430732465,
                    0.9294844673699372,
                    3.8848087581533433
                ],
                [
                    0.031605826053691354,
                    -0.9946757879231606,
                    -0.09808745423806227,
                    -1.7075770863977147
                ],
                [
                    0.0,
                    0.0,
                    0.0,
                    1.0
                ]
            ],
            "is_bad": false,
            "mask_path": "DSC07048.png"
        },
        {
            "file_path": "DSC07115.JPG",
            "transform_matrix": [
                [
                    0.6040438120678854,
                    -0.029768383206179774,
                    0.7963949500491492,
                    2.2176755280641944
                ],
                [
                    -0.7965286775856047,
                    0.009981713780393904,
                    0.6045183464327064,
                    1.383191858930348
                ],
                [
                    -0.025944920239316615,
                    -0.9995069828426895,
                    -0.01768197846620015,
                    -1.853489814334219
                ],
                [
                    0.0,
                    0.0,
                    0.0,
                    1.0
                ]
            ],
            "is_bad": false,
            "mask_path": "DSC07115.png"
        },
        {
            "file_path": "DSC07151.JPG",
            "transform_matrix": [
                [
                    0.7877423566464739,
                    0.4009062432917387,
                    -0.46769238141620945,
                    0.6913427533132439
                ],
                [
                    0.6160045082186725,
                    -0.5134794687694799,
                    0.5973920664073838,
                    1.2955480306568965
                ],
                [
                    -0.000652226441454998,
                    -0.7586916496455712,
                    -0.6514495800587725,
                    -1.5305983798108829
                ],
                [
                    0.0,
                    0.0,
                    0.0,
                    1.0
                ]
            ],
            "is_bad": false,
            "mask_path": "DSC07151.png"
        },
        {
            "file_path": "DSC07032.JPG",
            "transform_matrix": [
                [
                    0.9986269620325684,
                    0.017308475816664455,
                    -0.04944297085033664,
                    1.4111701674888804
                ],
                [
                    0.049880358088141355,
                    -0.6025354816287585,
                    0.7965318218724217,
                    5.0746177791381335
                ],
                [
                    -0.016004392478381802,
                    -0.7979043865296794,
                    -0.6025715305074526,
                    -1.5174715561846142
                ],
                [
                    0.0,
                    0.0,
                    0.0,
                    1.0
                ]
            ],
            "is_bad": false,
            "mask_path": "DSC07032.png"
        },
        {
            "file_path": "DSC07013.JPG",
            "transform_matrix": [
                [
                    0.5681763759633198,
                    -0.5417979207860757,
                    0.6193792205338131,
                    1.4191643611587312
                ],
                [
                    -0.822243163493064,
                    -0.4040049975147778,
                    0.40086923313220746,
                    5.6575898268773095
                ],
                [
                    0.033042183434329325,
                    -0.7370447578098428,
                    -0.6750357317201242,
                    -1.4633538975208704
                ],
                [
                    0.0,
                    0.0,
                    0.0,
                    1.0
                ]
            ],
            "is_bad": false,
            "mask_path": "DSC07013.png"
        },
        {
            "file_path": "DSC07178.JPG",
            "transform_matrix": [
                [
                    -0.2727881600176547,
                    -0.37529930343262174,
                    0.8858538551009254,
                    1.0224687391016307
                ],
                [
                    -0.961430741930856,
                    0.07267317104563101,
                    -0.26527257430887285,
                    1.3440393309285932
                ],
                [
                    0.0351788036247172,
                    -0.9240503466008557,
                    -0.38064866835754496,
                    -1.5608860883431852
                ],
                [
                    0.0,
                    0.0,
                    0.0,
                    1.0
                ]
            ],
            "is_bad": false,
            "mask_path": "DSC07178.png"
        },
        {
            "file_path": "DSC07096.JPG",
            "transform_matrix": [
                [
                    0.6748801903900423,
                    0.11157723173864387,
                    0.7294431094860255,
                    2.454541005439442
                ],
                [
                    -0.7368659054239646,
                    0.1548970567586608,
                    0.658054358872598,
                    2.438873879638322
                ],
                [
                    -0.03956470703571854,
                    -0.9816096083296281,
                    0.1867544130459368,
                    -1.8053652295321951
                ],
                [
                    0.0,
                    0.0,
                    0.0,
                    1.0
                ]
            ],
            "is_bad": false,
            "mask_path": "DSC07096.png"
        },
        {
            "file_path": "DSC06921.JPG",
            "transform_matrix": [
                [
                    0.8056136405395278,
                    0.049815091301949235,
                    -0.5903432212325536,
                    1.5810447934984038
                ],
                [
                    0.5924290900856618,
                    -0.07412858117992056,
                    0.8022049156372246,
                    5.6350764016216095
                ],
                [
                    -0.003799394283812464,
                    -0.9960037199382492,
                    -0.08923090536493374,
                    -1.7926829436060925
                ],
                [
                    0.0,
                    0.0,
                    0.0,
                    1.0
                ]
            ],
            "is_bad": false,
            "mask_path": "DSC06921.png"
        },
        {
            "file_path": "DSC07044.JPG",
            "transform_matrix": [
                [
                    0.6355106262381077,
                    0.2064212607725569,
                    -0.7439868997768149,
                    1.711675890915402
                ],
                [
                    0.7720908914255366,
                    -0.17162548617469928,
                    0.6118989686811204,
                    4.141416515717398
                ],
                [
                    -0.001378156801219066,
                    -0.9632938054385931,
                    -0.2684457954363694,
                    -1.637584129688502
                ],
                [
                    0.0,
                    0.0,
                    0.0,
                    1.0
                ]
            ],
            "is_bad": false,
            "mask_path": "DSC07044.png"
        },
        {
            "file_path": "DSC07193.JPG",
            "transform_matrix": [
                [
                    -0.3400522905830479,
                    0.5663303913383742,
                    0.7507558374836303,
                    1.1802916569873965
                ],
                [
                    -0.9403516567082636,
                    -0.21339792650343567,
                    -0.2649529895850565,
                    1.3178882977460835
                ],
                [
                    0.01015880875137989,
                    -0.7960723665663562,
                    0.605116175452445,
                    -1.8468842078976897
                ],
                [
                    0.0,
                    0.0,
                    0.0,
                    1.0
                ]
            ],
            "is_bad": false,
            "mask_path": "DSC07193.png"
        },
        {
            "file_path": "DSC06981.JPG",
            "transform_matrix": [
                [
                    -0.5924247136672971,
                    -0.1716434413099398,
                    0.787128634780556,
                    1.8714128598126862
                ],
                [
                    -0.8035342730579558,
                    0.19624976121169904,
                    -0.5619774935400642,
                    4.68984295354423
                ],
                [
                    -0.05801405568862387,
                    -0.9654141910494336,
                    -0.25418459643126423,
                    -1.6935493780142012
                ],
                [
                    0.0,
                    0.0,
                    0.0,
                    1.0
                ]
            ],
            "is_bad": false,
            "mask_path": "DSC06981.png"
        },
        {
            "file_path": "DSC07082.JPG",
            "transform_matrix": [
                [
                    0.971516081743073,
                    -0.06049892435687944,
                    0.2291208918153167,
                    2.4563707839714897
                ],
                [
                    -0.23696240264591276,
                    -0.2574274886375814,
                    0.9367923504309924,
                    2.839369695180152
                ],
                [
                    0.0023070862275923884,
                    -0.9644018707185337,
                    -0.26443091556724185,
                    -1.658505560008548
                ],
                [
                    0.0,
                    0.0,
                    0.0,
                    1.0
                ]
            ],
            "is_bad": false,
            "mask_path": "DSC07082.png"
        },
        {
            "file_path": "DSC06843.JPG",
            "transform_matrix": [
                [
                    -0.8655261038192978,
                    0.0001760839116085644,
                    -0.5008637864747679,
                    1.393102260682707
                ],
                [
                    0.5007978513428059,
                    -0.015925107821027056,
                    -0.8654177621422601,
                    3.903418254606809
                ],
                [
                    -0.008128695947992202,
                    -0.999873171924992,
                    0.013695414080646255,
                    -1.7316274000220706
                ],
                [
                    0.0,
                    0.0,
                    0.0,
                    1.0
                ]
            ],
            "is_bad": false,
            "mask_path": "DSC06843.png"
        },
        {
            "file_path": "DSC07126.JPG",
            "transform_matrix": [
                [
                    -0.041105159385510924,
                    -0.4446498686755338,
                    0.8947607837621867,
                    2.1376335200618963
                ],
                [
                    -0.9987648196769593,
                    0.04330450059362126,
                    -0.024362988404332018,
                    1.4242260791330248
                ],
                [
                    -0.02791416929704884,
                    -0.894657037369722,
                    -0.4458806843061144,
                    -1.6430447913851043
                ],
                [
                    0.0,
                    0.0,
                    0.0,
                    1.0
                ]
            ],
            "is_bad": false,
            "mask_path": "DSC07126.png"
        },
        {
            "file_path": "DSC07061.JPG",
            "transform_matrix": [
                [
                    0.9969782777243098,
                    -0.013863183844716215,
                    0.07643380063530139,
                    2.1760719184019046
                ],
                [
                    -0.07625308969142575,
                    -0.3624349068215705,
                    0.9288844947730323,
                    3.409014016765761
                ],
                [
                    0.014824980889728714,
                    -0.9319059772589333,
                    -0.3623968397912602,
                    -1.6031808415466318
                ],
                [
                    0.0,
                    0.0,
                    0.0,
                    1.0
                ]
            ],
            "is_bad": false,
            "mask_path": "DSC07061.png"
        },
        {
            "file_path": "DSC07040.JPG",
            "transform_matrix": [
                [
                    0.9246689731960974,
                    0.144133413089488,
                    -0.35243843326125657,
                    1.6208710947120886
                ],
                [
                    0.37977227861043533,
                    -0.28206885519234864,
                    0.8810279095065692,
                    4.622209387799421
                ],
                [
                    0.027573654228490962,
                    -0.9485055193100631,
                    -0.31555819341420166,
                    -1.6266102238066906
                ],
                [
                    0.0,
                    0.0,
                    0.0,
                    1.0
                ]
            ],
            "is_bad": false,
            "mask_path": "DSC07040.png"
        },
        {
            "file_path": "DSC07009.JPG",
            "transform_matrix": [
                [
                    -0.3630294781607319,
                    -0.3094343524345863,
                    0.8788970244116964,
                    1.3977846120834492
                ],
                [
                    -0.9316420228166316,
                    0.1044475575759401,
                    -0.34804288390736154,
                    5.5727826070886755
                ],
                [
                    0.015897776840776996,
                    -0.9451672281928781,
                    -0.3261995883530681,
                    -1.6628705171810618
                ],
                [
                    0.0,
                    0.0,
                    0.0,
                    1.0
                ]
            ],
            "is_bad": false,
            "mask_path": "DSC07009.png"
        },
        {
            "file_path": "DSC07207.JPG",
            "transform_matrix": [
                [
                    -0.13875911911474498,
                    0.3840531161577224,
                    -0.9128247974458418,
                    1.0598589201774054
                ],
                [
                    0.989484455208804,
                    0.01577098977354257,
                    -0.1437768715117241,
                    1.171184307086219
                ],
                [
                    -0.040821804989931744,
                    -0.9231762994418263,
                    -0.38220295706111196,
                    -1.6276137744216652
                ],
                [
                    0.0,
                    0.0,
                    0.0,
                    1.0
                ]
            ],
            "is_bad": false,
            "mask_path": "DSC07207.png"
        },
        {
            "file_path": "DSC07062.JPG",
            "transform_matrix": [
                [
                    0.8763140681894532,
                    -0.24062781902379174,
                    0.4173390786939379,
                    2.404202186662885
                ],
                [
                    -0.48158891643053575,
                    -0.415866955632711,
                    0.771444612907528,
                    2.9974798393650754
                ],
                [
                    -0.012073502578583929,
                    -0.8770136418121646,
                    -0.4803137543427752,
                    -1.5751533091784615
                ],
                [
                    0.0,
                    0.0,
                    0.0,
                    1.0
                ]
            ],
            "is_bad": false,
            "mask_path": "DSC07062.png"
        },
        {
            "file_path": "DSC06996.JPG",
            "transform_matrix": [
                [
                    -0.43498523946322015,
                    -0.4530239006813693,
                    0.7781755501559801,
                    1.4760729700041952
                ],
                [
                    -0.9003270411606993,
                    0.23236222665841208,
                    -0.3679932262653295,
                    5.233989190308584
                ],
                [
                    -0.014108876778336991,
                    -0.8606841122233997,
                    -0.5089438068807521,
                    -1.6059977089636117
                ],
                [
                    0.0,
                    0.0,
                    0.0,
                    1.0
                ]
            ],
            "is_bad": false,
            "mask_path": "DSC06996.png"
        },
        {
            "file_path": "DSC07047.JPG",
            "transform_matrix": [
                [
                    0.6734884314136005,
                    0.14506800237166215,
                    -0.724823155976645,
                    1.6277271146611796
                ],
                [
                    0.7389829598541204,
                    -0.108496965379245,
                    0.6649305178353138,
                    3.9479611451233168
                ],
                [
                    0.017819029078250562,
                    -0.9834549726303644,
                    -0.1802742327991389,
                    -1.674299402432759
                ],
                [
                    0.0,
                    0.0,
                    0.0,
                    1.0
                ]
            ],
            "is_bad": false,
            "mask_path": "DSC07047.png"
        },
        {
            "file_path": "DSC07177.JPG",
            "transform_matrix": [
                [
                    0.7724501284912965,
                    0.0622840067557632,
                    -0.632013845968763,
                    0.6279068610065963
                ],
                [
                    0.6330938493004028,
                    -0.15407478046349393,
                    0.7585862772309586,
                    1.2622243481508533
                ],
                [
                    -0.05012960175164323,
                    -0.9860941458743042,
                    -0.15844670555315257,
                    -1.6942104704001608
                ],
                [
                    0.0,
                    0.0,
                    0.0,
                    1.0
                ]
            ],
            "is_bad": false,
            "mask_path": "DSC07177.png"
        },
        {
            "file_path": "DSC07112.JPG",
            "transform_matrix": [
                [
                    0.982985108343079,
                    0.012601362816627807,
                    -0.1832525100262169,
                    2.2830954956011063
                ],
                [
                    0.18276679242463734,
                    0.03254360660912553,
                    0.9826175315226572,
                    1.480611571079865
                ],
                [
                    0.01834601762112441,
                    -0.9993908741448632,
                    0.029686770006371835,
                    -1.7197502759389114
                ],
                [
                    0.0,
                    0.0,
                    0.0,
                    1.0
                ]
            ],
            "is_bad": false,
            "mask_path": "DSC07112.png"
        },
        {
            "file_path": "DSC07037.JPG",
            "transform_matrix": [
                [
                    0.9814924718011843,
                    0.07969528483530676,
                    -0.17412980610056533,
                    1.4899729159731445
                ],
                [
                    0.19112130920626733,
                    -0.35043997199955984,
                    0.9168775660862413,
                    4.913065213817913
                ],
                [
                    0.012048774414175192,
                    -0.9331883451908121,
                    -0.3591856615110758,
                    -1.6033188871643982
                ],
                [
                    0.0,
                    0.0,
                    0.0,
                    1.0
                ]
            ],
            "is_bad": false,
            "mask_path": "DSC07037.png"
        },
        {
            "file_path": "DSC07056.JPG",
            "transform_matrix": [
                [
                    0.9926871601098497,
                    0.03954392175092423,
                    -0.11405472548561021,
                    1.8488490919584448
                ],
                [
                    0.12068701860845207,
                    -0.3455863295975393,
                    0.9305937525766568,
                    3.7563583425407003
                ],
                [
                    -0.0026164274200365266,
                    -0.9375533942383535,
                    -0.34783155012117273,
                    -1.611487281956482
                ],
                [
                    0.0,
                    0.0,
                    0.0,
                    1.0
                ]
            ],
            "is_bad": false,
            "mask_path": "DSC07056.png"
        },
        {
            "file_path": "DSC07150.JPG",
            "transform_matrix": [
                [
                    -0.11598385403864347,
                    0.011686650444466198,
                    0.9931823436830378,
                    1.5818569749028093
                ],
                [
                    -0.9932446206052122,
                    -0.0049761616723174315,
                    -0.11593257287673796,
                    1.3672213162897329
                ],
                [
                    0.003587372457919909,
                    -0.9999193267541139,
                    0.012184857095933825,
                    -1.723107963261191
                ],
                [
                    0.0,
                    0.0,
                    0.0,
                    1.0
                ]
            ],
            "is_bad": false,
            "mask_path": "DSC07150.png"
        },
        {
            "file_path": "DSC07184.JPG",
            "transform_matrix": [
                [
                    -0.3269286459747647,
                    0.04840087788299994,
                    0.9438087811952495,
                    1.07333651230309
                ],
                [
                    -0.944653186674108,
                    -0.04563892178132429,
                    -0.32488066382148895,
                    1.3418857451513353
                ],
                [
                    0.02734990580532512,
                    -0.9977847682936403,
                    0.0606427144317168,
                    -1.7096558657847896
                ],
                [
                    0.0,
                    0.0,
                    0.0,
                    1.0
                ]
            ],
            "is_bad": false,
            "mask_path": "DSC07184.png"
        },
        {
            "file_path": "DSC06869.JPG",
            "transform_matrix": [
                [
                    -0.9886196430938137,
                    0.11680582377772161,
                    -0.09480295786876868,
                    1.4517316582191993
                ],
                [
                    0.1441826216856951,
                    0.555881806905308,
                    -0.8186615835346919,
                    3.815750907020049
                ],
                [
                    -0.042925201139885086,
                    -0.8230138615377612,
                    -0.5663970434454989,
                    -1.4840041341170729
                ],
                [
                    0.0,
                    0.0,
                    0.0,
                    1.0
                ]
            ],
            "is_bad": false,
            "mask_path": "DSC06869.png"
        },
        {
            "file_path": "DSC07043.JPG",
            "transform_matrix": [
                [
                    0.74089653944764,
                    0.2534878376562571,
                    -0.621945523333729,
                    1.5903249762941258
                ],
                [
                    0.671529499672594,
                    -0.2644653195304531,
                    0.6921749965399869,
                    4.474828226764403
                ],
                [
                    0.010974921593659138,
                    -0.9304848257365673,
                    -0.3661660008384211,
                    -1.6114086932694913
                ],
                [
                    0.0,
                    0.0,
                    0.0,
                    1.0
                ]
            ],
            "is_bad": false,
            "mask_path": "DSC07043.png"
        },
        {
            "file_path": "DSC06832.JPG",
            "transform_matrix": [
                [
                    -0.42484147610397915,
                    0.21601759356407124,
                    -0.8791166699890173,
                    1.4841385893510592
                ],
                [
                    0.9052307063111221,
                    0.11015925666423113,
                    -0.4103928685085196,
                    3.8844956654380676
                ],
                [
                    0.008190759016057432,
                    -0.9701553161437454,
                    -0.24234598000538213,
                    -1.612590369390701
                ],
                [
                    0.0,
                    0.0,
                    0.0,
                    1.0
                ]
            ],
            "is_bad": false,
            "mask_path": "DSC06832.png"
        },
        {
            "file_path": "DSC06989.JPG",
            "transform_matrix": [
                [
                    -0.5418156699916872,
                    -0.4559617379745526,
                    0.7060698784502034,
