{
    "fl_x": 463.523979031406,
    "fl_y": 463.69727374870155,
    "cx": 876.0,
    "cy": 584.0,
    "w": 1752,
    "h": 1168,
    "k1": 0.0,
    "k2": 0.0,
    "k3": 0.0,
    "k4": 0.0,
    "camera_model": "PINHOLE",
    "has_mask": true,
    "aabb_range": [
        [
            0.09717308729887009,
            0.0,
            -2.9411022663116455
        ],
        [
            4.545324325561523,
            8.648499488830566,
            -0.20989902317523956
        ]
    ],
    "frames": [
        {
            "file_path": "DSC09926.JPG",
            "transform_matrix": [
                [
                    -0.5685649025399557,
                    0.18518887317019808,
                    -0.8015229459308594,
                    2.7440787383714076
                ],
                [
                    0.8224716403944781,
                    0.14758486646379076,
                    -0.5493260488431997,
                    2.758347389000954
                ],
                [
                    0.016563584954560867,
                    -0.9715574035767612,
                    -0.23622417151645542,
                    -1.8406578144642323
                ],
                [
                    0.0,
                    0.0,
                    0.0,
                    1.0
                ]
            ],
            "is_bad": false,
            "mask_path": "DSC09926.png"
        },
        {
            "file_path": "DSC00129.JPG",
            "transform_matrix": [
                [
                    0.2348986006448357,
                    -0.5178425275130362,
                    -0.8225945320229211,
                    1.475325437765486
                ],
                [
                    0.9717970008609617,
                    0.14323494142263932,
                    0.18733483571747467,
                    7.250122921230682
                ],
                [
                    0.020814334789710003,
                    -0.8433995899065659,
                    0.5368835024590516,
                    -2.002893083390171
                ],
                [
                    0.0,
                    0.0,
                    0.0,
                    1.0
                ]
            ],
            "is_bad": false,
            "mask_path": "DSC00129.png"
        },
        {
            "file_path": "DSC00224.JPG",
            "transform_matrix": [
                [
                    -0.7544305025382083,
                    -0.2710823877938396,
                    0.5977867143621852,
                    0.9202399335268158
                ],
                [
                    -0.6548873280828376,
                    0.24948457337717,
                    -0.7133582796627046,
                    4.822695250684627
                ],
                [
                    0.044240302400281616,
                    -0.929662189547796,
                    -0.3657471927010922,
                    -1.5841886792364894
                ],
                [
                    0.0,
                    0.0,
                    0.0,
                    1.0
                ]
            ],
            "is_bad": false,
            "mask_path": "DSC00224.png"
        },
        {
            "file_path": "DSC09698.JPG",
            "transform_matrix": [
                [
                    -0.7042476208701158,
                    0.09384723308401688,
                    0.7037243674488304,
                    3.378533421516799
                ],
                [
                    -0.7095966700144308,
                    -0.12450975875053023,
                    -0.693519924645512,
                    0.8118073561483458
                ],
                [
                    0.022535625201306482,
                    -0.9877702247073252,
                    0.1542793854616587,
                    -1.9846828233348432
                ],
                [
                    0.0,
                    0.0,
                    0.0,
                    1.0
                ]
            ],
            "is_bad": false,
            "mask_path": "DSC09698.png"
        },
        {
            "file_path": "DSC00091.JPG",
            "transform_matrix": [
                [
                    -0.1452742665573915,
                    0.007281306648710709,
                    -0.9893646294717129,
                    2.755105861650469
                ],
                [
                    0.9817936886613248,
                    0.12474842895261372,
                    -0.1432444846360389,
                    5.6677912890884965
                ],
                [
                    0.12237867616950941,
                    -0.9921616864439697,
                    -0.025271477433189735,
                    -1.8406749580860757
                ],
                [
                    0.0,
                    0.0,
                    0.0,
                    1.0
                ]
            ],
            "is_bad": false,
            "mask_path": "DSC00091.png"
        },
        {
            "file_path": "DSC09794.JPG",
            "transform_matrix": [
                [
                    -0.773013066933098,
                    -0.13090707629595158,
                    -0.6207367684665787,
                    1.684309645050919
                ],
                [
                    0.6343776660994055,
                    -0.16563500157573866,
                    -0.7550695484571446,
                    1.2818409135830984
                ],
                [
                    -0.003971788634451769,
                    -0.9774601698425622,
                    0.21108254609605293,
                    -2.029509309666602
                ],
                [
                    0.0,
                    0.0,
                    0.0,
                    1.0
                ]
            ],
            "is_bad": false,
            "mask_path": "DSC09794.png"
        },
        {
            "file_path": "DSC00187.JPG",
            "transform_matrix": [
                [
                    -0.5964384873278713,
                    -0.031570781257282736,
                    -0.8020376653280353,
                    2.9159988230549314
                ],
                [
                    0.8025106392843732,
                    -0.004257811823438488,
                    -0.5966226151210354,
                    4.192708739445091
                ],
                [
                    0.015420916620857594,
                    -0.9994924496009367,
                    0.02787541069278741,
                    -0.9887148147077462
                ],
                [
                    0.0,
                    0.0,
                    0.0,
                    1.0
                ]
            ],
            "is_bad": false,
            "mask_path": "DSC00187.png"
        },
        {
            "file_path": "DSC00007.JPG",
            "transform_matrix": [
                [
                    -0.4138611438091566,
                    -0.10579022187788785,
                    0.9041722084868594,
                    1.6591459570788367
                ],
                [
                    -0.8995055488402164,
                    0.2003029321199565,
                    -0.3882892001972383,
                    3.59627396222215
                ],
                [
                    -0.1400311438596409,
                    -0.9740057311634138,
                    -0.17805649218769165,
                    -1.3768165417151859
                ],
                [
                    0.0,
                    0.0,
                    0.0,
                    1.0
                ]
            ],
            "is_bad": false,
            "mask_path": "DSC00007.png"
        },
        {
            "file_path": "DSC00188.JPG",
            "transform_matrix": [
                [
                    0.9849349747073127,
                    0.02180405104060248,
                    -0.17154497648291783,
                    3.700538482364692
                ],
                [
                    0.17172087742377767,
                    -0.00645472728472298,
                    0.9851244980978234,
                    3.6897565870337803
                ],
                [
                    0.020372428797610843,
                    -0.9997414264968216,
                    -0.010101697431006843,
                    -2.2824825354347813
                ],
                [
                    0.0,
                    0.0,
                    0.0,
                    1.0
                ]
            ],
            "is_bad": true,
            "mask_path": "DSC00188.png"
        },
        {
            "file_path": "DSC00305.JPG",
            "transform_matrix": [
                [
                    -0.4558053970502122,
                    0.32375407178045756,
                    -0.8291108134775907,
                    1.5932785768399942
                ],
                [
                    0.8892305079968176,
                    0.12496031914459485,
                    -0.4400613846805952,
                    6.049842476766011
                ],
                [
                    -0.0388657132652946,
                    -0.9378529840251375,
                    -0.34484958559859774,
                    -1.542732776778749
                ],
                [
                    0.0,
                    0.0,
                    0.0,
                    1.0
                ]
            ],
            "is_bad": false,
            "mask_path": "DSC00305.png"
        },
        {
            "file_path": "DSC00037.JPG",
            "transform_matrix": [
                [
                    -0.9664233615285366,
                    -0.017089790797773216,
                    0.2563860864835922,
                    3.3923494831384238
                ],
                [
                    -0.2541999344248017,
                    0.20930840980817755,
                    -0.9442311067328796,
                    6.719214553877791
                ],
                [
                    -0.03752705198000774,
                    -0.9777003266001604,
                    -0.20662476070313907,
                    -1.8179223604583206
                ],
                [
                    0.0,
                    0.0,
                    0.0,
                    1.0
                ]
            ],
            "is_bad": false,
            "mask_path": "DSC00037.png"
        },
        {
            "file_path": "DSC09980.JPG",
            "transform_matrix": [
                [
                    -0.47352034167496815,
                    -0.10181878147174526,
                    0.8748779467786525,
                    2.136743872553742
                ],
                [
                    -0.8802053790158813,
                    0.018739437791251198,
                    -0.47422286345428033,
                    4.7862431789175774
                ],
                [
                    0.031890073244360564,
                    -0.994626447069892,
                    -0.09849494412198305,
                    -1.5399490298065224
                ],
                [
                    0.0,
                    0.0,
                    0.0,
                    1.0
                ]
            ],
            "is_bad": false,
            "mask_path": "DSC09980.png"
        },
        {
            "file_path": "DSC09676.JPG",
            "transform_matrix": [
                [
                    0.9999217832705818,
                    0.012207851805218545,
                    -0.002719502763553103,
                    3.2740485228577567
                ],
                [
                    0.010230803213229521,
                    -0.6732929863298954,
                    0.7393050014876021,
                    1.8433155762739544
                ],
                [
                    0.007194303760012631,
                    -0.7392749981659552,
                    -0.6733652196840397,
                    -1.7269042650593602
                ],
                [
                    0.0,
                    0.0,
                    0.0,
                    1.0
                ]
            ],
            "is_bad": false,
            "mask_path": "DSC09676.png"
        },
        {
            "file_path": "DSC09823.JPG",
            "transform_matrix": [
                [
                    0.8258394773399849,
                    -0.22271957956677926,
                    0.5180590183988862,
                    2.17962912388938
                ],
                [
                    -0.5621690280989383,
                    -0.397205696758688,
                    0.7253920445584856,
                    1.2713762958807309
                ],
                [
                    0.044216982180099264,
                    -0.8902941218159548,
                    -0.4532341945913198,
                    -1.1248224556177993
                ],
                [
                    0.0,
                    0.0,
                    0.0,
                    1.0
                ]
            ],
            "is_bad": false,
            "mask_path": "DSC09823.png"
        },
        {
            "file_path": "DSC00138.JPG",
            "transform_matrix": [
                [
                    -0.48013607351133947,
                    -0.4134371820081993,
                    0.7736530536656807,
                    1.4314761793946493
                ],
                [
                    -0.8771923409400554,
                    0.22802254138347613,
                    -0.4225391314625498,
                    4.177390136923122
                ],
                [
                    -0.0017169476458667652,
                    -0.8815188127057413,
                    -0.472145777209371,
                    -1.998224545013084
                ],
                [
                    0.0,
                    0.0,
                    0.0,
                    1.0
                ]
            ],
            "is_bad": false,
            "mask_path": "DSC00138.png"
        },
        {
            "file_path": "DSC09759.JPG",
            "transform_matrix": [
                [
                    0.5075388813700323,
                    -0.39463074999334746,
                    0.7659444203448085,
                    2.3792272652828066
                ],
                [
                    -0.8616166441081443,
                    -0.2371849629799992,
                    0.4487316034468673,
                    1.4375735707645305
                ],
                [
                    0.004587209770265647,
                    -0.8876991970796553,
                    -0.46040101325980975,
                    -1.8198103725217203
                ],
                [
                    0.0,
                    0.0,
                    0.0,
                    1.0
                ]
            ],
            "is_bad": false,
            "mask_path": "DSC09759.png"
        },
        {
            "file_path": "DSC00036.JPG",
            "transform_matrix": [
                [
                    -0.5474701659576279,
                    0.23486861086869376,
                    -0.8031893631111763,
                    2.023391635820989
                ],
                [
                    0.8335676635203407,
                    0.2376645254404463,
                    -0.49867877805297417,
                    6.858619445762803
                ],
                [
                    0.07376562695163234,
                    -0.9425244341531828,
                    -0.32589311638120716,
                    -1.694467881469496
                ],
                [
                    0.0,
                    0.0,
                    0.0,
                    1.0
                ]
            ],
            "is_bad": false,
            "mask_path": "DSC00036.png"
        },
        {
            "file_path": "DSC00021.JPG",
            "transform_matrix": [
                [
                    -0.18337651161193969,
                    -0.17274600739661503,
                    0.9677457682250878,
                    1.776333994336881
                ],
                [
                    -0.9823760074547204,
                    -0.004049217184456303,
                    -0.18687157038329247,
                    4.246191711586657
                ],
                [
                    0.036199930474531246,
                    -0.9849580807164955,
                    -0.16895900172798614,
                    -1.3831520276150442
                ],
                [
                    0.0,
                    0.0,
                    0.0,
                    1.0
                ]
            ],
            "is_bad": false,
            "mask_path": "DSC00021.png"
        },
        {
            "file_path": "DSC09931.JPG",
            "transform_matrix": [
                [
                    0.6523221975582606,
                    -0.06564335721196331,
                    -0.7550938353785605,
                    2.642461167365981
                ],
                [
                    0.7577335116874,
                    0.03312700825391836,
                    0.6517227375119158,
                    4.427693790491874
                ],
                [
                    -0.017767268744584917,
                    -0.9972931118673625,
                    0.07134965440189803,
                    -1.6900501649892155
                ],
                [
                    0.0,
                    0.0,
                    0.0,
                    1.0
                ]
            ],
            "is_bad": false,
            "mask_path": "DSC09931.png"
        },
        {
            "file_path": "DSC00223.JPG",
            "transform_matrix": [
                [
                    -0.9386091692121618,
                    -0.1444570192690325,
                    0.31328101930177904,
                    3.519299049954559
                ],
                [
                    -0.3440181533836521,
                    0.45977991323816725,
                    -0.8186903819669592,
                    4.172795974553797
                ],
                [
                    -0.02577474759056395,
                    -0.8762046570103412,
                    -0.4812494793971552,
                    -1.9090534456532238
                ],
                [
                    0.0,
                    0.0,
                    0.0,
                    1.0
                ]
            ],
            "is_bad": false,
            "mask_path": "DSC00223.png"
        },
        {
            "file_path": "DSC00054.JPG",
            "transform_matrix": [
                [
                    -0.8152382771226602,
                    -0.27801969567344603,
                    0.5080271649545146,
                    2.9719101701975297
                ],
                [
                    -0.5724629596766782,
                    0.5195503011204486,
                    -0.6343135221669719,
                    6.254612596753373
                ],
                [
                    -0.08759401413507271,
                    -0.8079433974130215,
                    -0.5827132701976242,
                    -1.811106441081701
                ],
                [
                    0.0,
                    0.0,
                    0.0,
                    1.0
                ]
            ],
            "is_bad": false,
            "mask_path": "DSC00054.png"
        },
        {
            "file_path": "DSC09887.JPG",
            "transform_matrix": [
                [
                    0.43140555447861884,
                    -0.08375339541580777,
                    0.8982619975938647,
                    3.220127132415973
                ],
                [
                    -0.9020691418665513,
                    -0.026063661270548502,
                    0.4308038403418906,
                    2.404165105855854
                ],
                [
                    -0.012669287949310498,
                    -0.9961455989550417,
                    -0.08679536177331304,
                    -1.900733598168995
                ],
                [
                    0.0,
                    0.0,
                    0.0,
                    1.0
                ]
            ],
            "is_bad": false,
            "mask_path": "DSC09887.png"
        },
        {
            "file_path": "DSC09683.JPG",
            "transform_matrix": [
                [
                    0.5152015158047007,
                    -0.12441405427007893,
                    -0.8479908850999633,
                    2.9539242432194683
                ],
                [
                    0.8569580598275349,
                    0.09070233158801534,
                    0.5073420648252267,
                    1.4329345652887178
                ],
                [
                    0.013794267257292174,
                    -0.9880760244761423,
                    0.15334760528373065,
                    -1.9756661453819537
                ],
                [
                    0.0,
                    0.0,
                    0.0,
                    1.0
                ]
            ],
            "is_bad": false,
            "mask_path": "DSC09683.png"
        },
        {
            "file_path": "DSC09851.JPG",
            "transform_matrix": [
                [
                    0.11034391663395036,
                    0.3263571673151138,
                    -0.9387839045296498,
                    1.5511924721137436
                ],
                [
                    0.9597223104311895,
                    0.2105603547199344,
                    0.18600382759726977,
                    1.5205283343782803
                ],
                [
                    0.2583743542275419,
                    -0.9214962486967977,
                    -0.28997820041380795,
                    -1.554046765433718
                ],
                [
                    0.0,
                    0.0,
                    0.0,
                    1.0
                ]
            ],
            "is_bad": false,
            "mask_path": "DSC09851.png"
        },
        {
            "file_path": "DSC00130.JPG",
            "transform_matrix": [
                [
                    0.8268452256447465,
                    0.20624922805871249,
                    -0.5232477699462019,
                    2.0380310259206813
                ],
                [
                    0.5537192797231049,
                    -0.4616151786953764,
                    0.6930414028475944,
                    7.338567365317403
                ],
                [
                    -0.09859985847562969,
                    -0.8627703534100027,
                    -0.4958884805935351,
                    -1.545818313946827
                ],
                [
                    0.0,
                    0.0,
                    0.0,
                    1.0
                ]
            ],
            "is_bad": false,
            "mask_path": "DSC00130.png"
        },
        {
            "file_path": "DSC09810.JPG",
            "transform_matrix": [
                [
                    -0.6094486183045378,
                    0.036627506939127016,
                    0.7919790447872433,
                    2.1322395450868687
                ],
                [
                    -0.7926436527708007,
                    -0.049547217939561496,
                    -0.6076685880614634,
                    1.0659107641556202
                ],
                [
                    0.01698297290972857,
                    -0.998099944359218,
                    0.05922904440621677,
                    -1.9884500354739183
                ],
                [
                    0.0,
                    0.0,
                    0.0,
                    1.0
                ]
            ],
            "is_bad": false,
            "mask_path": "DSC09810.png"
        },
        {
            "file_path": "DSC00201.JPG",
            "transform_matrix": [
                [
                    0.9760131702145723,
                    -0.05903433691219199,
                    -0.20955485829023057,
                    2.9648473236250537
                ],
                [
                    0.2173277213454618,
                    0.3213136286024615,
                    0.9216974631673396,
                    2.9728457792601395
                ],
                [
                    0.012921033336774877,
                    -0.9451309428537706,
                    0.3264361312077028,
                    -2.1783010567851524
                ],
                [
                    0.0,
                    0.0,
                    0.0,
                    1.0
                ]
            ],
            "is_bad": false,
            "mask_path": "DSC00201.png"
        },
        {
            "file_path": "DSC00315.JPG",
            "transform_matrix": [
                [
                    0.9878917557798316,
                    -0.09818233279581057,
                    0.12012538611390397,
                    1.5278071794950556
                ],
                [
                    -0.13921208726481055,
                    -0.21920197399619445,
                    0.9656968931064999,
                    5.607352743554131
                ],
                [
                    -0.06848265197563992,
                    -0.9707269050165164,
                    -0.23021599044253874,
                    -1.633821438031713
                ],
                [
                    0.0,
                    0.0,
                    0.0,
                    1.0
                ]
            ],
            "is_bad": false,
            "mask_path": "DSC00315.png"
        },
        {
            "file_path": "DSC00152.JPG",
            "transform_matrix": [
                [
                    -0.44396474892614596,
                    -0.3349936089958214,
                    0.8310683387320794,
                    1.4882220845436809
                ],
                [
                    -0.8914319480590809,
                    0.07114090629469998,
                    -0.44753553314922295,
                    4.383724731548833
                ],
                [
                    0.0907985885932963,
                    -0.9395308687762861,
                    -0.33020806005599146,
                    -1.618319084940005
                ],
                [
                    0.0,
                    0.0,
                    0.0,
                    1.0
                ]
            ],
            "is_bad": false,
            "mask_path": "DSC00152.png"
        },
        {
            "file_path": "DSC09654.JPG",
            "transform_matrix": [
                [
                    0.9928681064186223,
                    0.05029830696796729,
                    0.10808794369796938,
                    3.3504506443577253
                ],
                [
                    -0.11495084471712544,
                    0.16350462225851628,
                    0.979822709370894,
                    1.8467226193047304
                ],
                [
                    0.03161054500508631,
                    -0.9852595185108622,
                    0.1681203575663142,
                    -2.103869776418692
                ],
                [
                    0.0,
                    0.0,
                    0.0,
                    1.0
                ]
            ],
            "is_bad": false,
            "mask_path": "DSC09654.png"
        },
        {
            "file_path": "DSC00172.JPG",
            "transform_matrix": [
                [
                    -0.2921338457861795,
                    -0.046059142511719844,
                    0.955267696270141,
                    1.3468208399241097
                ],
                [
                    -0.9563551361365893,
                    0.020891069916771636,
                    -0.2914591168292716,
                    3.6696419841502697
                ],
                [
                    -0.006532207233633394,
                    -0.9987202404020946,
                    -0.05015188610450529,
                    -1.575670329061621
                ],
                [
                    0.0,
                    0.0,
                    0.0,
                    1.0
                ]
            ],
            "is_bad": false,
            "mask_path": "DSC00172.png"
        },
        {
            "file_path": "DSC09961.JPG",
            "transform_matrix": [
                [
                    -0.6947913212295339,
                    0.00423877302064679,
                    -0.7191988965143086,
                    2.511586947190327
                ],
                [
                    0.7182251045209967,
                    0.056440961105394566,
                    -0.6935179284959423,
                    4.747264689937187
                ],
                [
                    0.03765261186056358,
                    -0.9983969404564397,
                    -0.042259083133676746,
                    -1.5229024432602922
                ],
                [
                    0.0,
                    0.0,
                    0.0,
                    1.0
                ]
            ],
            "is_bad": false,
            "mask_path": "DSC09961.png"
        },
        {
            "file_path": "DSC09835.JPG",
            "transform_matrix": [
                [
                    0.8553363462920361,
                    -0.009831068777381005,
                    0.5179798111881239,
                    2.2315518567204915
                ],
                [
                    -0.5117930688467563,
                    -0.17123796342762884,
                    0.8418701886642482,
                    1.2513403837045927
                ],
                [
                    0.08042132423809706,
                    -0.9851806483928988,
                    -0.15149752684429676,
                    -1.5304554294735653
                ],
                [
                    0.0,
                    0.0,
                    0.0,
                    1.0
                ]
            ],
            "is_bad": false,
            "mask_path": "DSC09835.png"
        },
        {
            "file_path": "DSC00292.JPG",
            "transform_matrix": [
                [
                    -0.3661586494626768,
                    -0.5169344185889132,
                    0.7737613652165702,
                    3.083978026386898
                ],
                [
                    -0.9187374159643983,
                    0.06874100508356573,
                    -0.38883960025589037,
                    2.707715035852532
                ],
                [
                    0.14781543874280506,
                    -0.853260500139461,
                    -0.500097105541542,
                    -1.7382874151696321
                ],
                [
                    0.0,
                    0.0,
                    0.0,
                    1.0
                ]
            ],
            "is_bad": false,
            "mask_path": "DSC00292.png"
        },
        {
            "file_path": "DSC00048.JPG",
            "transform_matrix": [
                [
                    -0.8031101611316322,
                    -0.1928323497063745,
                    0.5637639168959311,
                    3.0648100941404763
                ],
                [
                    -0.5933614198577825,
                    0.34488855629794346,
                    -0.7273060629192342,
                    6.593642997061079
                ],
                [
                    -0.05418758632270314,
                    -0.9186226475770337,
                    -0.3914027808371842,
                    -1.8477238324011314
                ],
                [
                    0.0,
                    0.0,
                    0.0,
                    1.0
                ]
            ],
            "is_bad": false,
            "mask_path": "DSC00048.png"
        },
        {
            "file_path": "DSC00014.JPG",
            "transform_matrix": [
                [
                    -0.3560534121522707,
                    -0.11354170214248188,
                    0.9275420473322558,
                    1.705642644437244
                ],
                [
                    -0.9287739779640292,
                    0.1523840111731207,
                    -0.33787277338617017,
                    3.9239244225865297
                ],
                [
                    -0.10297992790635106,
                    -0.9817776708671764,
                    -0.15971142549931863,
                    -1.3916927085702544
                ],
                [
                    0.0,
                    0.0,
                    0.0,
                    1.0
                ]
            ],
            "is_bad": false,
            "mask_path": "DSC00014.png"
        },
        {
            "file_path": "DSC00270.JPG",
            "transform_matrix": [
                [
                    -0.8060325028594424,
                    -0.0634950672717227,
                    0.5884555894596479,
                    3.247563344158808
                ],
                [
                    -0.5824701174311919,
                    -0.09140442958907799,
                    -0.8076965968426434,
                    1.593082224661687
                ],
                [
                    0.10507219724472863,
                    -0.9937875057997327,
                    0.03669096186406306,
                    -1.9292931086835858
                ],
                [
                    0.0,
                    0.0,
                    0.0,
                    1.0
                ]
            ],
            "is_bad": false,
            "mask_path": "DSC00270.png"
        },
        {
            "file_path": "DSC09734.JPG",
            "transform_matrix": [
                [
                    -0.9171710923311279,
                    0.2899930502241207,
                    -0.273315235970915,
                    3.319110739958504
                ],
                [
                    0.3984101907110936,
                    0.6532704445339509,
                    -0.643822216326809,
                    0.8940000559173713
                ],
                [
                    -0.008155202614043585,
                    -0.6993867007029267,
                    -0.7146969536455289,
                    -1.6812707269058336
                ],
                [
                    0.0,
                    0.0,
                    0.0,
                    1.0
                ]
            ],
            "is_bad": false,
            "mask_path": "DSC09734.png"
        },
        {
            "file_path": "DSC00025.JPG",
            "transform_matrix": [
                [
                    -0.38736561988802487,
                    0.32463322097011593,
                    -0.8628795677099642,
                    1.8208811975179584
                ],
                [
                    0.9210845580510799,
                    0.17625998058827894,
                    -0.3471824537082287,
                    7.120135347179032
                ],
                [
                    0.03938417764297041,
                    -0.9292715916703727,
                    -0.36729170350798773,
                    -1.51729046318429
                ],
                [
                    0.0,
                    0.0,
                    0.0,
                    1.0
                ]
            ],
            "is_bad": false,
            "mask_path": "DSC00025.png"
        },
        {
            "file_path": "DSC00061.JPG",
            "transform_matrix": [
                [
                    -0.895041576666931,
                    -0.13193493116925958,
                    0.42602083279452113,
                    2.824405880166189
                ],
                [
                    -0.42187815675943074,
                    0.5602604257419055,
                    -0.7128303277756668,
                    5.991576606555051
                ],
                [
                    -0.14463539292593605,
                    -0.817741664148808,
                    -0.5571168403739907,
                    -1.784309573306511
                ],
                [
                    0.0,
                    0.0,
                    0.0,
                    1.0
                ]
            ],
            "is_bad": false,
            "mask_path": "DSC00061.png"
        },
        {
            "file_path": "DSC00005.JPG",
            "transform_matrix": [
                [
                    0.6823617920138654,
                    -0.20147185960002423,
                    0.7027029775011165,
                    2.1758894631328736
                ],
                [
                    -0.7302586062736811,
                    -0.14416123910517498,
                    0.6677873202621342,
                    4.507493136700136
                ],
                [
                    -0.033237821271072415,
                    -0.9688274495125377,
                    -0.24549668084962728,
                    -1.447349245286758
                ],
                [
                    0.0,
                    0.0,
                    0.0,
                    1.0
                ]
            ],
            "is_bad": false,
            "mask_path": "DSC00005.png"
        },
        {
            "file_path": "DSC00281.JPG",
            "transform_matrix": [
                [
                    -0.7283557673433361,
                    -0.05572169501854861,
                    0.6829296954167093,
                    3.271399860515662
                ],
                [
                    -0.6846389720719215,
                    0.018888859009148183,
                    -0.7286375566258125,
                    2.123563259932232
                ],
                [
                    0.027701156979477042,
                    -0.998267651338854,
                    -0.05190705339745201,
                    -1.8606508363093042
                ],
                [
                    0.0,
                    0.0,
                    0.0,
                    1.0
                ]
            ],
            "is_bad": false,
            "mask_path": "DSC00281.png"
        },
        {
            "file_path": "DSC00163.JPG",
            "transform_matrix": [
                [
                    -0.20285785280705942,
                    -0.5298145915668125,
                    0.8234957134784617,
                    1.3687223137718232
                ],
                [
                    -0.9670616593489482,
                    -0.02365254969814812,
                    -0.2534409278511156,
                    3.528109601515781
                ],
                [
                    0.15375447496501402,
                    -0.8477836135805339,
                    -0.5075652726227082,
                    -1.32950652347999
                ],
                [
                    0.0,
                    0.0,
                    0.0,
                    1.0
                ]
            ],
            "is_bad": false,
            "mask_path": "DSC00163.png"
        },
        {
            "file_path": "DSC00211.JPG",
            "transform_matrix": [
                [
                    0.9773399067741644,
                    0.07936485881665421,
                    -0.19623436450244885,
                    2.9857667001511454
