{
    "fl_x": 463.8544210738258,
    "fl_y": 464.170192653145,
    "cx": 876.0,
    "cy": 584.0,
    "w": 1752,
    "h": 1168,
    "k1": 0.0,
    "k2": 0.0,
    "k3": 0.0,
    "k4": 0.0,
    "camera_model": "PINHOLE",
    "has_mask": false,
    "aabb_range": [
        [
            0.001789321075193584,
            0.0003533992567099631,
            -4.010899543762207
        ],
        [
            3.9472274780273438,
            4.309865474700928,
            -0.07511343061923981
        ]
    ],
    "frames": [
        {
            "file_path": "DSC08393.JPG",
            "transform_matrix": [
                [
                    -0.9945381303948012,
                    0.0008038495728625977,
                    0.10437078622237901,
                    1.957696486970469
                ],
                [
                    -0.1024719016129269,
                    -0.19754974636181324,
                    -0.974922359520087,
                    1.6887430308040603
                ],
                [
                    0.01983473142353956,
                    -0.9802925336542391,
                    0.1965531274009869,
                    -1.6958723591562266
                ],
                [
                    0.0,
                    0.0,
                    0.0,
                    1.0
                ]
            ],
            "is_bad": false,
            "mask_path": "DSC08393.png"
        },
        {
            "file_path": "DSC08680.JPG",
            "transform_matrix": [
                [
                    0.2999525654117729,
                    -0.4858623743066851,
                    0.820954451681679,
                    1.9286358736351823
                ],
                [
                    -0.9529609663242042,
                    -0.1133522117604772,
                    0.2810990443801715,
                    3.2857412037743914
                ],
                [
                    -0.0435184462651621,
                    -0.866653927079361,
                    -0.49700816443252405,
                    -1.3360918020725747
                ],
                [
                    0.0,
                    0.0,
                    0.0,
                    1.0
                ]
            ],
            "is_bad": false,
            "mask_path": "DSC08680.png"
        },
        {
            "file_path": "DSC09117.JPG",
            "transform_matrix": [
                [
                    -0.855534138869753,
                    -0.19804372380340174,
                    0.4783722616231752,
                    0.8754494703150904
                ],
                [
                    -0.5177451538899474,
                    0.3292795916567181,
                    -0.7896296005988245,
                    1.2028744477821176
                ],
                [
                    -0.0011370364391959911,
                    -0.9232300005851556,
                    -0.3842461101529447,
                    -1.3336688504227696
                ],
                [
                    0.0,
                    0.0,
                    0.0,
                    1.0
                ]
            ],
            "is_bad": false,
            "mask_path": "DSC09117.png"
        },
        {
            "file_path": "DSC07971.JPG",
            "transform_matrix": [
                [
                    -0.9857163768317312,
                    -0.08063672093538679,
                    -0.14785446791529075,
                    2.1668113016607604
                ],
                [
                    0.16263067826603586,
                    -0.22766589913749408,
                    -0.9600622380120188,
                    0.6960748788027521
                ],
                [
                    0.04375485038774804,
                    -0.9703947431878976,
                    0.23752800984481956,
                    -1.632701642294214
                ],
                [
                    0.0,
                    0.0,
                    0.0,
                    1.0
                ]
            ],
            "is_bad": false,
            "mask_path": "DSC07971.png"
        },
        {
            "file_path": "DSC08322.JPG",
            "transform_matrix": [
                [
                    -0.3960271049486363,
                    0.4547432748026446,
                    -0.7977287046156536,
                    2.3181783429996896
                ],
                [
                    0.9180762132478931,
                    0.21244031645987244,
                    -0.3346717475539851,
                    2.4486415513429654
                ],
                [
                    0.017280011991050424,
                    -0.864914831624592,
                    -0.5016211072327335,
                    -1.2944849499160864
                ],
                [
                    0.0,
                    0.0,
                    0.0,
                    1.0
                ]
            ],
            "is_bad": false,
            "mask_path": "DSC08322.png"
        },
        {
            "file_path": "DSC08504.JPG",
            "transform_matrix": [
                [
                    -0.5376627708405098,
                    -0.12093924067286545,
                    -0.8344413969342462,
                    1.50315563114639
                ],
                [
                    0.8415662562776023,
                    -0.1377942764101247,
                    -0.5222824654183894,
                    2.6118705463893965
                ],
                [
                    -0.05181680371275599,
                    -0.9830495600192702,
                    0.17586523647075003,
                    -1.6639206889183635
                ],
                [
                    0.0,
                    0.0,
                    0.0,
                    1.0
                ]
            ],
            "is_bad": false,
            "mask_path": "DSC08504.png"
        },
        {
            "file_path": "DSC08031.JPG",
            "transform_matrix": [
                [
                    -0.6108256817215819,
                    0.43386508310441246,
                    -0.6623088978808653,
                    1.7853985295846995
                ],
                [
                    0.7913955890438692,
                    0.36011254608383403,
                    -0.493975683404483,
                    1.169376605711045
                ],
                [
                    0.024186942578011433,
                    -0.8258813739368507,
                    -0.5633249044671362,
                    -1.0900535567696474
                ],
                [
                    0.0,
                    0.0,
                    0.0,
                    1.0
                ]
            ],
            "is_bad": false,
            "mask_path": "DSC08031.png"
        },
        {
            "file_path": "DSC08756.JPG",
            "transform_matrix": [
                [
                    -0.2942943756827573,
                    -0.5326431475251405,
                    0.7935251085101259,
                    1.7516748452199529
                ],
                [
                    -0.9556786935583026,
                    0.1567918087440978,
                    -0.24918780746547065,
                    2.072444903108656
                ],
                [
                    0.008309941046137756,
                    -0.831689609232474,
                    -0.5551786548261225,
                    -1.2271363407617792
                ],
                [
                    0.0,
                    0.0,
                    0.0,
                    1.0
                ]
            ],
            "is_bad": true,
            "mask_path": "DSC08756.png"
        },
        {
            "file_path": "DSC08624.JPG",
            "transform_matrix": [
                [
                    0.3964940442908285,
                    0.10651897062805042,
                    0.9118367078256079,
                    2.374141112020363
                ],
                [
                    -0.9154080566109841,
                    0.12099128082011561,
                    0.38391301079438456,
                    3.0052863115746504
                ],
                [
                    -0.06943027245808439,
                    -0.9869218909629316,
                    0.14548064615112108,
                    -1.6614639712968644
                ],
                [
                    0.0,
                    0.0,
                    0.0,
                    1.0
                ]
            ],
            "is_bad": false,
            "mask_path": "DSC08624.png"
        },
        {
            "file_path": "DSC07724.JPG",
            "transform_matrix": [
                [
                    0.11364523614259912,
                    -0.0071601020017110755,
                    -0.9934955929652717,
                    1.4073437822599018
                ],
                [
                    0.9925954625894422,
                    0.043980427297937705,
                    0.11322530486398402,
                    0.9778300023860991
                ],
                [
                    0.04288365596522977,
                    -0.9990067341885214,
                    0.012105250804502546,
                    -1.5300215912577686
                ],
                [
                    0.0,
                    0.0,
                    0.0,
                    1.0
                ]
            ],
            "is_bad": false,
            "mask_path": "DSC07724.png"
        },
        {
            "file_path": "DSC09037.JPG",
            "transform_matrix": [
                [
                    0.96183120003005,
                    -0.13473009893081786,
                    0.2381775453119928,
                    1.538609373239045
                ],
                [
                    -0.268984690050208,
                    -0.30557592104652165,
                    0.913384143170421,
                    1.5853945572542953
                ],
                [
                    -0.050279013189879415,
                    -0.9425874797166905,
                    -0.33015278874180365,
                    -1.3292434221157814
                ],
                [
                    0.0,
                    0.0,
                    0.0,
                    1.0
                ]
            ],
            "is_bad": false,
            "mask_path": "DSC09037.png"
        },
        {
            "file_path": "DSC08585.JPG",
            "transform_matrix": [
                [
                    -0.28126373213713907,
                    -0.4071225783657122,
                    0.8689890213168067,
                    1.9483358983810812
                ],
                [
                    -0.9594784272674534,
                    0.10318596049367831,
                    -0.2622094681077887,
                    2.781632477574569
                ],
                [
                    0.017083927904908612,
                    -0.9075262330874247,
                    -0.419647799548011,
                    -1.34088806325227
                ],
                [
                    0.0,
                    0.0,
                    0.0,
                    1.0
                ]
            ],
            "is_bad": false,
            "mask_path": "DSC08585.png"
        },
        {
            "file_path": "DSC08348.JPG",
            "transform_matrix": [
                [
                    -0.9527632061402352,
                    0.15067468179800567,
                    -0.2637032675005163,
                    2.209647467190591
                ],
                [
                    0.303708921899259,
                    0.4777492899406367,
                    -0.8243279121320636,
                    1.9873067142059428
                ],
                [
                    0.0017787029456842638,
                    -0.8654783395477249,
                    -0.500943190381448,
                    -1.300093728585898
                ],
                [
                    0.0,
                    0.0,
                    0.0,
                    1.0
                ]
            ],
            "is_bad": false,
            "mask_path": "DSC08348.png"
        },
        {
            "file_path": "DSC08208.JPG",
            "transform_matrix": [
                [
                    0.8069468360915085,
                    0.013347087982075722,
                    -0.5904732499989332,
                    1.9687057456904031
                ],
                [
                    0.5900131605232601,
                    0.02724311356510898,
                    0.8069338778193863,
                    2.3765815041185383
                ],
                [
                    0.026856547269852808,
                    -0.9995397280777173,
                    0.014108786732559855,
                    -1.562140380049356
                ],
                [
                    0.0,
                    0.0,
                    0.0,
                    1.0
                ]
            ],
            "is_bad": false,
            "mask_path": "DSC08208.png"
        },
        {
            "file_path": "DSC08008.JPG",
            "transform_matrix": [
                [
                    -0.9453072898365883,
                    0.08973173926683259,
                    -0.31359582706080996,
                    1.9757506600677226
                ],
                [
                    0.32175821173257607,
                    0.41431386513830876,
                    -0.8513610716592637,
                    0.8482043191150834
                ],
                [
                    0.053532989496748506,
                    -0.9056998598444765,
                    -0.4205258409577662,
                    -1.2878025757451244
                ],
                [
                    0.0,
                    0.0,
                    0.0,
                    1.0
                ]
            ],
            "is_bad": false,
            "mask_path": "DSC08008.png"
        },
        {
            "file_path": "DSC08285.JPG",
            "transform_matrix": [
                [
                    0.6463688143415085,
                    0.46130942791922974,
                    -0.6077836519351155,
                    2.2642841506998015
                ],
                [
                    0.7612894473316789,
                    -0.33619617030976534,
                    0.5544461312431299,
                    3.0417741437055623
                ],
                [
                    0.05143669145832917,
                    -0.821075968946772,
                    -0.5684967194188023,
                    -1.258857025721246
                ],
                [
                    0.0,
                    0.0,
                    0.0,
                    1.0
                ]
            ],
            "is_bad": false,
            "mask_path": "DSC08285.png"
        },
        {
            "file_path": "DSC09014.JPG",
            "transform_matrix": [
                [
                    0.9595670532007075,
                    0.061835158346472345,
                    0.27460423085592955,
                    1.7245113247688724
                ],
                [
                    -0.28126598260872115,
                    0.24868437003387564,
                    0.9268470915571803,
                    2.0532470615329705
                ],
                [
                    -0.010978043489637929,
                    -0.9666087612333755,
                    0.25602145470256726,
                    -1.6367711896915431
                ],
                [
                    0.0,
                    0.0,
                    0.0,
                    1.0
                ]
            ],
            "is_bad": false,
            "mask_path": "DSC09014.png"
        },
        {
            "file_path": "DSC07781.JPG",
            "transform_matrix": [
                [
                    0.4079168574026306,
                    0.3351374172192955,
                    -0.849286023096072,
                    1.9438432769788632
                ],
                [
                    0.9104386456184672,
                    -0.07942313818373042,
                    0.40594757997241354,
                    1.5596335837458002
                ],
                [
                    0.06859526230850789,
                    -0.938815677702832,
                    -0.33752009316216874,
                    -1.291994275721133
                ],
                [
                    0.0,
                    0.0,
                    0.0,
                    1.0
                ]
            ],
            "is_bad": false,
            "mask_path": "DSC07781.png"
        },
        {
            "file_path": "DSC08443.JPG",
            "transform_matrix": [
                [
                    -0.9979072070397795,
                    0.008908308449701835,
                    -0.06404567259880072,
                    1.6284566474183337
                ],
                [
                    0.06219322793500344,
                    0.40331376435065264,
                    -0.9129457869360765,
                    2.454608891998851
                ],
                [
                    0.017697698638309934,
                    -0.915018387534301,
                    -0.40302374860178747,
                    -1.3324039375338161
                ],
                [
                    0.0,
                    0.0,
                    0.0,
                    1.0
                ]
            ],
            "is_bad": false,
            "mask_path": "DSC08443.png"
        },
        {
            "file_path": "DSC08158.JPG",
            "transform_matrix": [
                [
                    0.4331808973503506,
                    0.5614931542844709,
                    -0.7050388272020347,
                    2.0400140174480472
                ],
                [
                    0.8991143010152218,
                    -0.21467393876078114,
                    0.38145586078449734,
                    2.2439425484266557
                ],
                [
                    0.06283139247744289,
                    -0.7991498843825279,
                    -0.5978391743694436,
                    -1.1187250303454734
                ],
                [
                    0.0,
                    0.0,
                    0.0,
                    1.0
                ]
            ],
            "is_bad": false,
            "mask_path": "DSC08158.png"
        },
        {
            "file_path": "DSC08474.JPG",
            "transform_matrix": [
                [
                    -0.8310885651899351,
                    0.22277664349054788,
                    -0.5095707643945235,
                    1.4982486619436695
                ],
                [
                    0.5558591037281282,
                    0.36186885288354065,
                    -0.7483793089839617,
                    2.7814779454187017
                ],
                [
                    0.01767635746121217,
                    -0.9052190345037132,
                    -0.42457749111212606,
                    -1.352519380839487
                ],
                [
                    0.0,
                    0.0,
                    0.0,
                    1.0
                ]
            ],
            "is_bad": false,
            "mask_path": "DSC08474.png"
        },
        {
            "file_path": "DSC08873.JPG",
            "transform_matrix": [
                [
                    -0.7379175613016377,
                    -0.409117514414862,
                    0.5367499717015828,
                    1.4891693302462252
                ],
                [
                    -0.6746161355891054,
                    0.42445174623638726,
                    -0.6039319371582412,
                    1.0015529158761693
                ],
                [
                    0.019254670224864486,
                    -0.8077521739468658,
                    -0.5892076740493515,
                    -1.1960017318982077
                ],
                [
                    0.0,
                    0.0,
                    0.0,
                    1.0
                ]
            ],
            "is_bad": false,
            "mask_path": "DSC08873.png"
        },
        {
            "file_path": "DSC08307.JPG",
            "transform_matrix": [
                [
                    0.36674369901570986,
                    0.46075816839047173,
                    -0.8082084938267675,
                    2.472259485050808
                ],
                [
                    0.9301604105417657,
                    -0.16541259815723056,
                    0.32778084604144975,
                    2.7731717805504683
                ],
                [
                    0.017339835438909924,
                    -0.8719751043649882,
                    -0.4892430351825351,
                    -1.311006164850296
                ],
                [
                    0.0,
                    0.0,
                    0.0,
                    1.0
                ]
            ],
            "is_bad": false,
            "mask_path": "DSC08307.png"
        },
        {
            "file_path": "DSC09100.JPG",
            "transform_matrix": [
                [
                    -0.7095523995508448,
                    -0.2765776172142201,
                    0.6481050948324221,
                    1.1627190066190116
                ],
                [
                    -0.704587586623454,
                    0.2659742027873055,
                    -0.6578860510968405,
                    1.0714889875150932
                ],
                [
                    0.009577320490392347,
                    -0.9234514308331336,
                    -0.3835957896333886,
                    -1.3049335542386993
                ],
                [
                    0.0,
                    0.0,
                    0.0,
                    1.0
                ]
            ],
            "is_bad": false,
            "mask_path": "DSC09100.png"
        },
        {
            "file_path": "DSC09061.JPG",
            "transform_matrix": [
                [
                    0.292916805425191,
                    -0.48243103492636774,
                    0.8255059307112066,
                    1.4244599687724706
                ],
                [
                    -0.9550548079722155,
                    -0.10654353175164266,
                    0.2766202986243852,
                    1.3086444024342028
                ],
                [
                    -0.04549789960710445,
                    -0.8694301423241325,
                    -0.4919564703808487,
                    -1.2309283667604707
                ],
                [
                    0.0,
                    0.0,
                    0.0,
                    1.0
                ]
            ],
            "is_bad": true,
            "mask_path": "DSC09061.png"
        },
        {
            "file_path": "DSC08989.JPG",
            "transform_matrix": [
                [
                    0.9170716100313736,
                    -0.059889596103271,
                    0.39419905930005994,
                    1.5214812235567416
                ],
                [
                    -0.3987205206538779,
                    -0.1408915650807903,
                    0.9061851429473929,
                    2.145908734293274
                ],
                [
                    0.0012682602122561506,
                    -0.9882119221946641,
                    -0.1530868653685275,
                    -1.4217411205218333
                ],
                [
                    0.0,
                    0.0,
                    0.0,
                    1.0
                ]
            ],
            "is_bad": false,
            "mask_path": "DSC08989.png"
        },
        {
            "file_path": "DSC08776.JPG",
            "transform_matrix": [
                [
                    -0.4096079711450739,
                    -0.5843349293017407,
                    0.7005526392587114,
                    1.758524398447771
                ],
                [
                    -0.9121891205344226,
                    0.27203016709934635,
                    -0.30644835872710924,
                    1.7656500655137988
                ],
                [
                    -0.01150297148799547,
                    -0.7645601863724212,
                    -0.6444496900931177,
                    -1.1563323721418088
                ],
                [
                    0.0,
                    0.0,
                    0.0,
                    1.0
                ]
            ],
            "is_bad": true,
            "mask_path": "DSC08776.png"
        },
        {
            "file_path": "DSC08837.JPG",
            "transform_matrix": [
                [
                    -0.5437145301930616,
                    -0.28024540681724486,
                    0.7910986168707256,
                    1.7074523311644383
                ],
                [
                    -0.8389805020174712,
                    0.1567266159065053,
                    -0.5211031424785375,
                    1.320617828570965
                ],
                [
                    0.022050553087176617,
                    -0.9470476650223746,
                    -0.3203349704359765,
                    -1.349269936196533
                ],
                [
                    0.0,
                    0.0,
                    0.0,
                    1.0
                ]
            ],
            "is_bad": false,
            "mask_path": "DSC08837.png"
        },
        {
            "file_path": "DSC08367.JPG",
            "transform_matrix": [
                [
                    -0.9904983277154309,
                    -0.05894207556617023,
                    0.1242533481274722,
                    1.9602185028685668
                ],
                [
                    -0.13571567433803386,
                    0.27286946373854104,
                    -0.952430318447504,
                    1.842302111748159
                ],
                [
                    0.022233275330182895,
                    -0.9602437646176065,
                    -0.2782761110499776,
                    -1.4027586917713093
                ],
                [
                    0.0,
                    0.0,
                    0.0,
                    1.0
                ]
            ],
            "is_bad": false,
            "mask_path": "DSC08367.png"
        },
        {
            "file_path": "DSC08603.JPG",
            "transform_matrix": [
                [
                    0.0010694751135871129,
                    -0.13099365591029513,
                    0.9913826296310808,
                    2.099329456257234
                ],
                [
                    -0.9989349645356133,
                    -0.04587050067540396,
                    -0.00498335188612536,
                    2.9322034436489575
                ],
                [
                    0.04612800506432727,
                    -0.9903214424009223,
                    -0.1309032003800611,
                    -1.545676535290934
                ],
                [
                    0.0,
                    0.0,
                    0.0,
                    1.0
                ]
            ],
            "is_bad": false,
            "mask_path": "DSC08603.png"
        },
        {
            "file_path": "DSC08722.JPG",
            "transform_matrix": [
                [
                    0.30698289228218495,
                    -0.505169082087454,
                    0.8065765322329823,
                    1.9386450328874454
                ],
                [
                    -0.9506402842731289,
                    -0.2030274073522802,
                    0.23465489933285877,
                    2.503177796290279
                ],
                [
                    0.04521674206715123,
                    -0.8387991835753835,
                    -0.5425600205231687,
                    -1.21791410537211
                ],
                [
                    0.0,
                    0.0,
                    0.0,
                    1.0
                ]
            ],
            "is_bad": false,
            "mask_path": "DSC08722.png"
        },
        {
            "file_path": "DSC08976.JPG",
            "transform_matrix": [
                [
                    0.6489748281402157,
                    -0.27806888773989996,
                    0.7081732599523031,
                    1.5639217810176114
                ],
                [
                    -0.760159894142595,
                    -0.19852361246553976,
                    0.6186641339456735,
                    1.8813412016008584
                ],
                [
                    -0.03144213379361272,
                    -0.9398223603238682,
                    -0.34021364355030964,
                    -1.3313415249805332
                ],
                [
                    0.0,
                    0.0,
                    0.0,
                    1.0
                ]
            ],
            "is_bad": true,
            "mask_path": "DSC08976.png"
        },
        {
            "file_path": "DSC08914.JPG",
            "transform_matrix": [
                [
                    -0.9824379405950063,
                    -0.05116279062299622,
                    0.1794381836040206,
                    1.6165842859353452
                ],
                [
                    -0.18622924146775835,
                    0.20912183018827235,
                    -0.9599930883923334,
                    0.8163336332416627
                ],
                [
                    0.011591484020008326,
                    -0.976550269568533,
                    -0.21497722787271914,
                    -1.4327067910077445
                ],
                [
                    0.0,
                    0.0,
                    0.0,
                    1.0
                ]
            ],
            "is_bad": false,
            "mask_path": "DSC08914.png"
        },
        {
            "file_path": "DSC08228.JPG",
            "transform_matrix": [
                [
                    0.9315264564082196,
                    -0.05090899770866723,
                    -0.3600926755209613,
                    1.9466495638387271
                ],
                [
                    0.36231016280805534,
                    0.21556889215513106,
                    0.9067863026430261,
                    2.6391492871288773
                ],
                [
                    0.03146119733172604,
                    -0.9751606671145573,
                    0.219252973469337,
                    -1.6591829657990944
                ],
                [
                    0.0,
                    0.0,
                    0.0,
                    1.0
                ]
            ],
            "is_bad": false,
            "mask_path": "DSC08228.png"
        },
        {
            "file_path": "DSC08047.JPG",
            "transform_matrix": [
                [
                    -0.4335579379612752,
                    0.52392348693076,
                    -0.7331655299269606,
                    1.7218416608541067
                ],
                [
                    0.8998691597038828,
                    0.29467454755986305,
                    -0.32156244562171393,
                    1.464617333897314
                ],
                [
                    0.04757110304160312,
                    -0.7991690001887609,
                    -0.5992210771432374,
                    -1.127089966253949
                ],
                [
                    0.0,
                    0.0,
                    0.0,
                    1.0
                ]
            ],
            "is_bad": false,
            "mask_path": "DSC08047.png"
        },
        {
            "file_path": "DSC08252.JPG",
            "transform_matrix": [
                [
                    0.7390015802156777,
                    0.11920636680839097,
                    -0.6630735302747905,
                    2.0867615936766564
                ],
                [
                    0.67203252545925,
                    -0.06115501382146369,
                    0.7379921063326889,
                    2.628701446781446
                ],
                [
                    0.047423086820590314,
                    -0.9909843118823016,
                    -0.1253042075892379,
                    -1.4587769775992796
                ],
                [
                    0.0,
                    0.0,
                    0.0,
                    1.0
                ]
            ],
            "is_bad": false,
            "mask_path": "DSC08252.png"
        },
        {
            "file_path": "DSC08532.JPG",
            "transform_matrix": [
                [
                    -0.839526864854127,
                    0.15907443494104673,
                    -0.5195093525013645,
                    1.7703633845325524
                ],
                [
                    0.5431134469966771,
                    0.2719536717556996,
                    -0.7943985045995371,
                    2.630270284552564
                ],
                [
                    0.014913982686988245,
                    -0.949071401195284,
                    -0.31470787812451145,
                    -1.405780337712048
                ],
                [
                    0.0,
                    0.0,
                    0.0,
                    1.0
                ]
            ],
            "is_bad": false,
            "mask_path": "DSC08532.png"
        },
        {
            "file_path": "DSC07799.JPG",
            "transform_matrix": [
                [
                    0.6128348259378881,
                    0.12178220969391729,
                    -0.7807704973420455,
                    1.8268947791268093
                ],
                [
                    0.7889712076324776,
                    -0.038971409108323064,
                    0.6131930061563502,
                    1.6277130766377028
                ],
                [
                    0.04424827278695041,
                    -0.9917914713659209,
                    -0.11996569376781493,
                    -1.4856457638030773
                ],
                [
                    0.0,
                    0.0,
                    0.0,
                    1.0
                ]
            ],
            "is_bad": false,
            "mask_path": "DSC07799.png"
        },
        {
            "file_path": "DSC08692.JPG",
            "transform_matrix": [
                [
                    0.5856166156440045,
                    -0.3347089935439076,
                    0.7382567772276033,
                    1.99376582047268
                ],
                [
                    -0.8102526594142887,
                    -0.2679150941975008,
                    0.5212601367966075,
                    3.055697880200366
                ],
                [
                    0.023319678251124545,
                    -0.9034331142602473,
                    -0.4280943828927163,
                    -1.3759238276771386
                ],
                [
                    0.0,
                    0.0,
                    0.0,
                    1.0
                ]
            ],
            "is_bad": false,
            "mask_path": "DSC08692.png"
        },
        {
            "file_path": "DSC07920.JPG",
            "transform_matrix": [
                [
                    -0.8322978494756117,
                    0.13616382385114753,
                    -0.5373450500679297,
                    2.16007184780124
                ],
                [
                    0.5540420072409795,
                    0.17316623596686173,
                    -0.8142793801475362,
                    0.8177092279336386
                ],
                [
                    -0.017825374348342506,
                    -0.9754347070897688,
                    -0.21956636407710223,
                    -1.4279797101883938
                ],
                [
                    0.0,
                    0.0,
                    0.0,
                    1.0
                ]
            ],
            "is_bad": false,
            "mask_path": "DSC07920.png"
        },
        {
            "file_path": "DSC08187.JPG",
            "transform_matrix": [
                [
                    0.791930506043624,
                    0.22593331959332533,
                    -0.5672743680927508,
                    1.9691865622849867
                ],
                [
                    0.610037202056687,
                    -0.2524740702115135,
                    0.7510735356659031,
                    2.2815136381209533
                ],
                [
                    0.02647046853265219,
                    -0.9408565134856495,
                    -0.3377696483215889,
                    -1.33786627061809
                ],
                [
                    0.0,
                    0.0,
                    0.0,
                    1.0
                ]
            ],
            "is_bad": false,
            "mask_path": "DSC08187.png"
        },
        {
            "file_path": "DSC08641.JPG",
            "transform_matrix": [
                [
                    0.41034508436643263,
                    -0.2342453618900389,
                    0.8813319591217086,
                    2.3862100817901313
                ],
                [
                    -0.9113846353616228,
                    -0.07191265553172206,
                    0.40522415574732895,
                    2.9452917141220847
                ],
                [
                    -0.031542957424201164,
                    -0.9695141465741383,
                    -0.24299662843248235,
                    -1.4416667999236725
                ],
                [
                    0.0,
                    0.0,
                    0.0,
                    1.0
                ]
            ],
            "is_bad": false,
            "mask_path": "DSC08641.png"
        },
        {
            "file_path": "DSC08271.JPG",
            "transform_matrix": [
                [
                    0.5887672753443584,
                    0.35668135676912,
                    -0.7253492298313419,
                    2.1666226248805533
                ],
                [
                    0.8066554097253879,
                    -0.20201703380267724,
                    0.5554243134886468,
                    2.846761371906456
                ],
                [
                    0.05157659783610339,
                    -0.9121225398963169,
                    -0.40665996455115316,
                    -1.3221461902841531
                ],
                [
                    0.0,
                    0.0,
                    0.0,
                    1.0
                ]
            ],
            "is_bad": false,
            "mask_path": "DSC08271.png"
        },
        {
            "file_path": "DSC09024.JPG",
            "transform_matrix": [
                [
                    0.9579363314201275,
                    -0.02843974255515915,
                    0.2855681459629957,
                    1.7590400375507347
                ],
