{
    "fl_x": 463.65585126854506,
    "fl_y": 463.9906241396882,
    "cx": 876.0,
    "cy": 584.0,
    "w": 1752,
    "h": 1168,
    "k1": 0.0,
    "k2": 0.0,
    "k3": 0.0,
    "k4": 0.0,
    "camera_model": "PINHOLE",
    "has_mask": false,
    "aabb_range": [
        [
            0.013505957089364529,
            0.009236792102456093,
            -3.3386621475219727
        ],
        [
            4.08851432800293,
            4.87117862701416,
            -0.09690245240926743
        ]
    ],
    "frames": [
        {
            "file_path": "DSC09568.JPG",
            "transform_matrix": [
                [
                    -0.8447306065493821,
                    -0.18977761317859654,
                    0.500414488094568,
                    2.7640422400995095
                ],
                [
                    -0.534074278967231,
                    0.35930467390070464,
                    -0.7652874073567012,
                    1.6248094070162593
                ],
                [
                    -0.03456684689621543,
                    -0.9137202027148924,
                    -0.4048709970426516,
                    -1.3021327049026872
                ],
                [
                    0.0,
                    0.0,
                    0.0,
                    1.0
                ]
            ],
            "is_bad": false,
            "mask_path": "DSC09568.png"
        },
        {
            "file_path": "DSC00007.JPG",
            "transform_matrix": [
                [
                    0.4664676494366538,
                    0.46461599594835473,
                    -0.7526884537030988,
                    0.9310250375912257
                ],
                [
                    0.8844174867661537,
                    -0.2590464187965797,
                    0.388201831539867,
                    3.7196995608446204
                ],
                [
                    -0.014616467811452231,
                    -0.8467744264074026,
                    -0.5317512855190208,
                    -1.2411824308282453
                ],
                [
                    0.0,
                    0.0,
                    0.0,
                    1.0
                ]
            ],
            "is_bad": false,
            "mask_path": "DSC00007.png"
        },
        {
            "file_path": "DSC00131.JPG",
            "transform_matrix": [
                [
                    0.8240011056884883,
                    -0.17289008386846746,
                    0.539565748286623,
                    3.055679246758394
                ],
                [
                    -0.5662967852111417,
                    -0.22076962286547783,
                    0.7940835753743809,
                    4.247384906932284
                ],
                [
                    -0.01816944918468218,
                    -0.9598800927823166,
                    -0.279821512033182,
                    -1.4481017377784469
                ],
                [
                    0.0,
                    0.0,
                    0.0,
                    1.0
                ]
            ],
            "is_bad": false,
            "mask_path": "DSC00131.png"
        },
        {
            "file_path": "DSC09932.JPG",
            "transform_matrix": [
                [
                    -0.9203442553094094,
                    0.1722062107398004,
                    -0.35115733325905063,
                    0.8881756803574877
                ],
                [
                    0.3898317303829213,
                    0.47641613684286005,
                    -0.7880728941807241,
                    1.8206299510698094
                ],
                [
                    0.03158597324170738,
                    -0.8621906317853173,
                    -0.50559829979541,
                    -1.2843754066123265
                ],
                [
                    0.0,
                    0.0,
                    0.0,
                    1.0
                ]
            ],
            "is_bad": false,
            "mask_path": "DSC09932.png"
        },
        {
            "file_path": "DSC09448.JPG",
            "transform_matrix": [
                [
                    -0.9938783325473151,
                    -0.009908177331640802,
                    -0.11003494042772576,
                    1.6688092191153163
                ],
                [
                    0.10829868572250599,
                    -0.2843154685011991,
                    -0.9525944095163069,
                    0.7015326499725193
                ],
                [
                    -0.02184616130459328,
                    -0.9586795827558383,
                    0.2836480263343028,
                    -1.6748465330174118
                ],
                [
                    0.0,
                    0.0,
                    0.0,
                    1.0
                ]
            ],
            "is_bad": false,
            "mask_path": "DSC09448.png"
        },
        {
            "file_path": "DSC00058.JPG",
            "transform_matrix": [
                [
                    0.919714531114174,
                    0.26718806513666826,
                    -0.28763817393725577,
                    2.0125537202724804
                ],
                [
                    0.391472874268983,
                    -0.5689846019308024,
                    0.7231911998062669,
                    3.940529662340952
                ],
                [
                    0.029566365502309653,
                    -0.7777319979364166,
                    -0.6279002862053926,
                    -1.1584701628901248
                ],
                [
                    0.0,
                    0.0,
                    0.0,
                    1.0
                ]
            ],
            "is_bad": false,
            "mask_path": "DSC00058.png"
        },
        {
            "file_path": "DSC00254.JPG",
            "transform_matrix": [
                [
                    -0.8555144783039187,
                    0.08299327697997877,
                    -0.5110842331636721,
                    0.8924502798006361
                ],
                [
                    0.5149942615685129,
                    0.0341577686130722,
                    -0.8565127888098799,
                    2.772358120970517
                ],
                [
                    -0.05362730614039811,
                    -0.9959645389367541,
                    -0.07196352698849376,
                    -1.562051524488209
                ],
                [
                    0.0,
                    0.0,
                    0.0,
                    1.0
                ]
            ],
            "is_bad": true,
            "mask_path": "DSC00254.png"
        },
        {
            "file_path": "DSC09907.JPG",
            "transform_matrix": [
                [
                    -0.9999299744860622,
                    -0.011605525418739934,
                    -0.0023147146817865255,
                    1.8153693660667984
                ],
                [
                    -0.001319413066525377,
                    0.3037085792828346,
                    -0.9527640620946836,
                    1.6663881397787008
                ],
                [
                    0.011760326248152356,
                    -0.9526942902367777,
                    -0.3037026244153645,
                    -1.4482189686579183
                ],
                [
                    0.0,
                    0.0,
                    0.0,
                    1.0
                ]
            ],
            "is_bad": false,
            "mask_path": "DSC09907.png"
        },
        {
            "file_path": "DSC09685.JPG",
            "transform_matrix": [
                [
                    0.44926603126687864,
                    -0.01811294713800164,
                    0.8932143943621172,
                    3.4866944168697778
                ],
                [
                    -0.8899626530768561,
                    0.07852008846730878,
                    0.44922274189480804,
                    1.284204914000826
                ],
                [
                    -0.07827202104271584,
                    -0.9967479705788528,
                    0.01915656203045538,
                    -1.5580417585404691
                ],
                [
                    0.0,
                    0.0,
                    0.0,
                    1.0
                ]
            ],
            "is_bad": false,
            "mask_path": "DSC09685.png"
        },
        {
            "file_path": "DSC00222.JPG",
            "transform_matrix": [
                [
                    -0.5234349119254921,
                    0.07380902180271331,
                    -0.8488628400855336,
                    1.3615536958983048
                ],
                [
                    0.8505787267366699,
                    -0.013567374979407293,
                    -0.5256726699755214,
                    3.308025013435826
                ],
                [
                    -0.05031622601683904,
                    -0.9971801014043019,
                    -0.05567874605922475,
                    -1.6463573192247718
                ],
                [
                    0.0,
                    0.0,
                    0.0,
                    1.0
                ]
            ],
            "is_bad": false,
            "mask_path": "DSC00222.png"
        },
        {
            "file_path": "DSC09475.JPG",
            "transform_matrix": [
                [
                    -0.8669779047349919,
                    0.17915316994786598,
                    -0.4650305951213906,
                    1.3014619767484057
                ],
                [
                    0.49805009077867884,
                    0.27930503294885317,
                    -0.8209353236673338,
                    1.2317961334165246
                ],
                [
                    -0.01718777986457523,
                    -0.9433413169511191,
                    -0.33137854480375745,
                    -1.3620927368659856
                ],
                [
                    0.0,
                    0.0,
                    0.0,
                    1.0
                ]
            ],
            "is_bad": false,
            "mask_path": "DSC09475.png"
        },
        {
            "file_path": "DSC09135.JPG",
            "transform_matrix": [
                [
                    -0.060338845533352045,
                    -0.14590715827272863,
                    -0.9874564926539697,
                    1.2871624065835394
                ],
                [
                    0.9978109055744823,
                    0.018008415070845638,
                    -0.06363248936877916,
                    1.7343412214863447
                ],
                [
                    0.027066962081732315,
                    -0.9891343680973852,
                    0.14450114675065037,
                    -1.721390529457179
                ],
                [
                    0.0,
                    0.0,
                    0.0,
                    1.0
                ]
            ],
            "is_bad": false,
            "mask_path": "DSC09135.png"
        },
        {
            "file_path": "DSC09615.JPG",
            "transform_matrix": [
                [
                    -0.6885503803828614,
                    -0.3716044905191503,
                    0.6227427047349647,
                    3.3258491833184176
                ],
                [
                    -0.720946579933691,
                    0.4435118820094088,
                    -0.5324783933629473,
                    1.736033974166901
                ],
                [
                    -0.07832242690654011,
                    -0.8156024234530418,
                    -0.5732872615896801,
                    -1.2519184584214735
                ],
                [
                    0.0,
                    0.0,
                    0.0,
                    1.0
                ]
            ],
            "is_bad": false,
            "mask_path": "DSC09615.png"
        },
        {
            "file_path": "DSC00157.JPG",
            "transform_matrix": [
                [
                    0.9622444056728031,
                    0.0685537701498332,
                    -0.2634123845790807,
                    2.504313820759491
                ],
                [
                    0.2543543207330352,
                    -0.571003944336863,
                    0.7805500464904094,
                    4.173965112176468
                ],
                [
                    -0.09689986210428843,
                    -0.8180799937353239,
                    -0.5668822986954004,
                    -1.321670474036793
                ],
                [
                    0.0,
                    0.0,
                    0.0,
                    1.0
                ]
            ],
            "is_bad": false,
            "mask_path": "DSC00157.png"
        },
        {
            "file_path": "DSC00026.JPG",
            "transform_matrix": [
                [
                    0.7872717446130563,
                    0.2988521951662557,
                    -0.5393427162558373,
                    1.4697016854990521
                ],
                [
                    0.6154286288687322,
                    -0.43487270145211665,
                    0.6573684935410964,
                    3.822011440767763
                ],
                [
                    -0.03808940669880702,
                    -0.8494545891194231,
                    -0.52628518706238,
                    -1.2466047073912851
                ],
                [
                    0.0,
                    0.0,
                    0.0,
                    1.0
                ]
            ],
            "is_bad": false,
            "mask_path": "DSC00026.png"
        },
        {
            "file_path": "DSC09523.JPG",
            "transform_matrix": [
                [
                    -0.8125063938072361,
                    -0.19509332537743176,
                    0.5493377416631204,
                    2.2804725646636808
                ],
                [
                    -0.5825157792364178,
                    0.3081732192723936,
                    -0.752133388345365,
                    1.783335372805401
                ],
                [
                    -0.022554976456457376,
                    -0.9311110896753757,
                    -0.36403765151503825,
                    -1.2374214407227975
                ],
                [
                    0.0,
                    0.0,
                    0.0,
                    1.0
                ]
            ],
            "is_bad": false,
            "mask_path": "DSC09523.png"
        },
        {
            "file_path": "DSC09947.JPG",
            "transform_matrix": [
                [
                    -0.8262504628316911,
                    0.18536376609986369,
                    -0.5319308666431111,
                    0.7898603313875628
                ],
                [
                    0.5625190596631371,
                    0.32131183698831545,
                    -0.7617945989089803,
                    2.316324043840544
                ],
                [
                    0.029706568063581122,
                    -0.9286543908411078,
                    -0.3697547054270097,
                    -1.377536695624458
                ],
                [
                    0.0,
                    0.0,
                    0.0,
                    1.0
                ]
            ],
            "is_bad": false,
            "mask_path": "DSC09947.png"
        },
        {
            "file_path": "DSC09402.JPG",
            "transform_matrix": [
                [
                    -0.9691590599174205,
                    -0.1005157830893188,
                    0.2250050975643033,
                    1.7635959197820372
                ],
                [
                    -0.24481637527892136,
                    0.4972079257395694,
                    -0.8323756489572746,
                    1.0197849606243123
                ],
                [
                    -0.028207427661356737,
                    -0.8617893338465583,
                    -0.5064814755675009,
                    -1.3071557158797416
                ],
                [
                    0.0,
                    0.0,
                    0.0,
                    1.0
                ]
            ],
            "is_bad": false,
            "mask_path": "DSC09402.png"
        },
        {
            "file_path": "DSC09356.JPG",
            "transform_matrix": [
                [
                    -0.3042164274865433,
                    0.16929807841489306,
                    0.9374382784441595,
                    1.635783893728203
                ],
                [
                    -0.9503942985496887,
                    -0.12091361570758924,
                    -0.286584324101586,
                    1.296069174554851
                ],
                [
                    0.06483087637515177,
                    -0.9781196543273949,
                    0.19768383668597575,
                    -1.6363934660869188
                ],
                [
                    0.0,
                    0.0,
                    0.0,
                    1.0
                ]
            ],
            "is_bad": false,
            "mask_path": "DSC09356.png"
        },
        {
            "file_path": "DSC09893.JPG",
            "transform_matrix": [
                [
                    -0.9771043605954731,
                    0.019134558162746566,
                    -0.21189841242734145,
                    2.450406220643837
                ],
                [
                    0.21178500476845372,
                    0.18273909916606693,
                    -0.9600799619777511,
                    1.6556463919927347
                ],
                [
                    0.020351419128341073,
                    -0.982975223655149,
                    -0.182607583138192,
                    -1.5655174764585174
                ],
                [
                    0.0,
                    0.0,
                    0.0,
                    1.0
                ]
            ],
            "is_bad": false,
            "mask_path": "DSC09893.png"
        },
        {
            "file_path": "DSC09921.JPG",
            "transform_matrix": [
                [
                    -0.9671121690680566,
                    0.10777864382879346,
                    -0.23038623304117783,
                    1.2715985887178287
                ],
                [
                    0.25406356135556324,
                    0.4523374399168012,
                    -0.8548932958216724,
                    1.6091924417242907
                ],
                [
                    0.012073078803934165,
                    -0.8853104564975721,
                    -0.4648436687578453,
                    -1.2983933762092832
                ],
                [
                    0.0,
                    0.0,
                    0.0,
                    1.0
                ]
            ],
            "is_bad": false,
            "mask_path": "DSC09921.png"
        },
        {
            "file_path": "DSC00238.JPG",
            "transform_matrix": [
                [
                    -0.8172043188893591,
                    0.143493865385265,
                    -0.5581994372850749,
                    1.089673967773194
                ],
                [
                    0.5743425488067052,
                    0.12202615821331003,
                    -0.809469118213856,
                    3.087900596955994
                ],
                [
                    -0.04803891983377904,
                    -0.9820993469647027,
                    -0.1821349358928925,
                    -1.5063406451073962
                ],
                [
                    0.0,
                    0.0,
                    0.0,
                    1.0
                ]
            ],
            "is_bad": false,
            "mask_path": "DSC00238.png"
        },
        {
            "file_path": "DSC09178.JPG",
            "transform_matrix": [
                [
                    0.4388138172071127,
                    0.13937420940774778,
                    -0.8877033646326282,
                    1.4859000633176875
                ],
                [
                    0.896663424324714,
                    -0.0034626070772803244,
                    0.44269934925466764,
                    1.8833094311615484
                ],
                [
                    0.058627103854791085,
                    -0.9902337300376081,
                    -0.12649119569917064,
                    -1.4416163118038674
                ],
                [
                    0.0,
                    0.0,
                    0.0,
                    1.0
                ]
            ],
            "is_bad": false,
            "mask_path": "DSC09178.png"
        },
        {
            "file_path": "DSC09466.JPG",
            "transform_matrix": [
                [
                    -0.9160507087985429,
                    0.1493842764367404,
                    -0.3722034885155696,
                    1.4157075159028496
                ],
                [
                    0.39484830660789244,
                    0.1731814545533449,
                    -0.9022765643458042,
                    0.8944477956846044
                ],
                [
                    -0.07032719017966994,
                    -0.9734950034552106,
                    -0.21762712277924678,
                    -1.4544661507544934
                ],
                [
                    0.0,
                    0.0,
                    0.0,
                    1.0
                ]
            ],
            "is_bad": false,
            "mask_path": "DSC09466.png"
        },
        {
            "file_path": "DSC00207.JPG",
            "transform_matrix": [
                [
                    -0.23103583247476156,
                    0.226042956120214,
                    -0.9463228973775961,
                    1.6605867866570871
                ],
                [
                    0.9720124593578885,
                    0.011044541092020509,
                    -0.23466954844013277,
                    3.5976958499320384
                ],
                [
                    -0.04259369631439665,
                    -0.9740547213070224,
                    -0.22226825444443316,
                    -1.4662570373635875
                ],
                [
                    0.0,
                    0.0,
                    0.0,
                    1.0
                ]
            ],
            "is_bad": false,
            "mask_path": "DSC00207.png"
        },
        {
            "file_path": "DSC09486.JPG",
            "transform_matrix": [
                [
                    -0.9769226141583242,
                    0.11130586785674597,
                    -0.18229977983180243,
                    1.5843305037390973
                ],
                [
                    0.21072449034594543,
                    0.3628263606832459,
                    -0.9077181397117684,
                    1.4897147145210259
                ],
                [
                    -0.03489118964019911,
                    -0.925185406161386,
                    -0.3779081490408538,
                    -1.2653732756801734
                ],
                [
                    0.0,
                    0.0,
                    0.0,
                    1.0
                ]
            ],
            "is_bad": false,
            "mask_path": "DSC09486.png"
        },
        {
            "file_path": "DSC09900.JPG",
            "transform_matrix": [
                [
                    -0.9946366909897384,
                    0.019453853873662656,
                    -0.1015844501212933,
                    2.1212437262162935
                ],
                [
                    0.1034283273424417,
                    0.19332979796587033,
                    -0.9756670386569488,
                    1.6534306654290651
                ],
                [
                    0.0006588172190420597,
                    -0.980940944597552,
                    -0.19430499008500507,
                    -1.5508111969469447
                ],
                [
                    0.0,
                    0.0,
                    0.0,
                    1.0
                ]
            ],
            "is_bad": false,
            "mask_path": "DSC09900.png"
        },
        {
            "file_path": "DSC09638.JPG",
            "transform_matrix": [
                [
                    -0.1727757543736154,
                    -0.45803968301971787,
                    0.8719794650562736,
                    3.4258940882444913
                ],
                [
                    -0.9846259732376906,
                    0.10341402643747763,
                    -0.1407736905878401,
                    1.4468546427396698
                ],
                [
                    -0.0256949708378969,
                    -0.8828959100115853,
                    -0.4688652051053217,
                    -1.301697505212205
                ],
                [
                    0.0,
                    0.0,
                    0.0,
                    1.0
                ]
            ],
            "is_bad": false,
            "mask_path": "DSC09638.png"
        },
        {
            "file_path": "DSC09289.JPG",
            "transform_matrix": [
                [
                    0.7818442422715867,
                    0.12520002593006802,
                    0.610773717782518,
                    1.511456917057543
                ],
                [
                    -0.6204198819124117,
                    0.059391293486764765,
                    0.7820178031130482,
                    1.579941150855901
                ],
                [
                    0.06163400810070439,
                    -0.9903522745796466,
                    0.12411132615665241,
                    -1.5751834359899803
                ],
                [
                    0.0,
                    0.0,
                    0.0,
                    1.0
                ]
            ],
            "is_bad": false,
            "mask_path": "DSC09289.png"
        },
        {
            "file_path": "DSC09835.JPG",
            "transform_matrix": [
                [
                    -0.6638611370921415,
                    -0.3020811728954246,
                    0.6841310953617394,
                    2.9733947352454972
                ],
                [
                    -0.7478558621446546,
                    0.2681401162081413,
                    -0.6072993393177363,
                    1.840560724381569
                ],
                [
                    1.0705307818277935e-05,
                    -0.9147938800964995,
                    -0.4039209784393316,
                    -1.3656081741428336
                ],
                [
                    0.0,
                    0.0,
                    0.0,
                    1.0
                ]
            ],
            "is_bad": false,
            "mask_path": "DSC09835.png"
        },
        {
            "file_path": "DSC09800.JPG",
            "transform_matrix": [
                [
                    -0.1233443189860866,
                    -0.5132060806532199,
                    0.8493560488713903,
                    3.0741827700787145
                ],
                [
                    -0.9923543652450981,
                    0.06754626561483963,
                    -0.1032972205845309,
                    1.563285138795932
                ],
                [
                    -0.004358067560079404,
                    -0.855603308071007,
                    -0.5176137425388666,
                    -1.2561939966887383
                ],
                [
                    0.0,
                    0.0,
                    0.0,
                    1.0
                ]
            ],
            "is_bad": false,
            "mask_path": "DSC09800.png"
        },
        {
            "file_path": "DSC09508.JPG",
            "transform_matrix": [
                [
                    -0.9835787985022891,
                    -0.04454079468668246,
                    0.17489672594268588,
                    2.0023047961986937
                ],
                [
                    -0.1770165797263292,
                    0.4269969361722834,
                    -0.8867574341393897,
                    1.622288444698846
                ],
                [
                    -0.035183485313198946,
                    -0.9031554318655016,
                    -0.427869592578222,
                    -1.2194712692339613
                ],
                [
                    0.0,
                    0.0,
                    0.0,
                    1.0
                ]
            ],
            "is_bad": false,
            "mask_path": "DSC09508.png"
        },
        {
            "file_path": "DSC00149.JPG",
            "transform_matrix": [
                [
                    0.9861549316143032,
                    -0.15488505537774577,
                    0.059237407720302504,
                    2.8105670098139752
                ],
                [
                    -0.14037795268965989,
                    -0.5895691122146555,
                    0.795425855954584,
                    4.24007949765144
                ],
                [
                    -0.08827503186886015,
                    -0.7927287566015603,
                    -0.6031489345141015,
                    -1.2930055309615107
                ],
                [
                    0.0,
                    0.0,
                    0.0,
                    1.0
                ]
            ],
            "is_bad": false,
            "mask_path": "DSC00149.png"
        },
        {
            "file_path": "DSC00199.JPG",
            "transform_matrix": [
                [
                    -0.025218140873306434,
                    0.3579078194808086,
                    -0.9334163262582172,
                    1.8421052131508644
                ],
                [
                    0.9994977451455896,
                    -0.00889781754136937,
                    -0.030415231248215248,
                    3.802732438658549
                ],
                [
                    -0.0191912172562342,
                    -0.9337145289634798,
                    -0.3575036721248197,
                    -1.3721165428396198
                ],
                [
                    0.0,
                    0.0,
                    0.0,
                    1.0
                ]
            ],
            "is_bad": false,
            "mask_path": "DSC00199.png"
        },
        {
            "file_path": "DSC00078.JPG",
            "transform_matrix": [
                [
                    0.9354411069313904,
                    -0.18157149806691164,
                    0.303284893380321,
                    2.261279779251421
                ],
                [
                    -0.3529727431519962,
                    -0.525875205662787,
                    0.7738640130286952,
                    4.08563506581377
                ],
                [
                    0.01897835753510049,
                    -0.8309555097349429,
                    -0.5560150742438652,
                    -1.199990587195245
                ],
                [
                    0.0,
                    0.0,
                    0.0,
                    1.0
                ]
            ],
            "is_bad": false,
            "mask_path": "DSC00078.png"
        },
        {
            "file_path": "DSC00048.JPG",
            "transform_matrix": [
                [
                    0.921397600064684,
                    0.2693733834348232,
                    -0.2801150529548797,
                    1.7143738912164057
                ],
                [
                    0.38847712465768747,
                    -0.6188037504323853,
                    0.6827645582984733,
                    3.9151957781894478
                ],
                [
                    0.010582353837197002,
                    -0.7379159157706848,
                    -0.674809688015498,
                    -1.1433158124827136
                ],
                [
                    0.0,
                    0.0,
                    0.0,
                    1.0
                ]
            ],
            "is_bad": false,
            "mask_path": "DSC00048.png"
        },
        {
            "file_path": "DSC00018.JPG",
            "transform_matrix": [
                [
                    0.6821132608990764,
                    0.37899445316587793,
                    -0.6253676548840091,
                    1.2019413408971849
                ],
                [
                    0.7311118098809194,
                    -0.337048389276022,
                    0.5931896026896336,
                    3.787610504898466
                ],
                [
                    0.014036408311063672,
                    -0.8618361722252879,
                    -0.506992496478783,
                    -1.265775795788291
                ],
                [
                    0.0,
                    0.0,
                    0.0,
                    1.0
                ]
            ],
            "is_bad": false,
            "mask_path": "DSC00018.png"
        },
        {
            "file_path": "DSC09958.JPG",
            "transform_matrix": [
                [
                    -0.752512947245659,
                    0.19631191421802785,
                    -0.6286381284679652,
                    0.7549526202560567
                ],
                [
                    0.6576185313261209,
                    0.17249409806027624,
                    -0.7333373394222112,
                    2.6019193536803313
                ],
                [
                    -0.03552648989314821,
                    -0.9652499253926028,
                    -0.2589023948236991,
                    -1.423419342541446
                ],
                [
                    0.0,
                    0.0,
                    0.0,
                    1.0
                ]
            ],
            "is_bad": false,
            "mask_path": "DSC09958.png"
        },
        {
            "file_path": "DSC09374.JPG",
            "transform_matrix": [
                [
                    -0.6431749929511272,
                    -0.06437003098386386,
                    0.7630087991323917,
                    1.6546698725519822
                ],
                [
                    -0.764239964778898,
                    -0.007944873697906493,
                    -0.644883055457867,
                    1.0685784694790579
                ],
                [
                    0.04757315080029003,
                    -0.9978944724233426,
                    -0.0440842061272765,
                    -1.52953034065336
                ],
                [
                    0.0,
                    0.0,
                    0.0,
                    1.0
                ]
            ],
            "is_bad": false,
            "mask_path": "DSC09374.png"
        },
        {
            "file_path": "DSC09938.JPG",
            "transform_matrix": [
                [
                    -0.9201247535272996,
                    0.17664611496457586,
                    -0.3495233726294256,
                    0.8299664295690361
                ],
                [
                    0.39160559024921804,
                    0.42398161570082216,
                    -0.8166300577576618,
                    2.075274790625703
                ],
                [
                    0.003936957186436304,
                    -0.8882768372616966,
                    -0.4592915857627592,
                    -1.3161793875427286
                ],
                [
                    0.0,
                    0.0,
                    0.0,
                    1.0
                ]
            ],
            "is_bad": false,
            "mask_path": "DSC09938.png"
        },
        {
            "file_path": "DSC09314.JPG",
            "transform_matrix": [
                [
                    0.4839262624722322,
                    -0.22144982534311108,
                    0.8466258603097128,
                    1.7421330808843625
                ],
                [
                    -0.8741915565707102,
                    -0.1666141087478923,
                    0.45610181011110096,
                    1.2755636921107656
                ],
                [
                    0.040056146970640354,
                    -0.96083282293105,
                    -0.2742185104405154,
                    -1.4131540813314025
                ],
                [
                    0.0,
                    0.0,
                    0.0,
                    1.0
                ]
            ],
            "is_bad": false,
            "mask_path": "DSC09314.png"
        },
        {
            "file_path": "DSC00215.JPG",
            "transform_matrix": [
                [
                    -0.36064088512060566,
                    0.16167076605178074,
                    -0.9185862590871123,
                    1.443887974275962
                ],
                [
                    0.9317301159385191,
                    0.017434742435529293,
                    -0.3627327126265296,
                    3.5214337738027703
                ],
                [
                    -0.04262796069037146,
                    -0.9866907282225957,
                    -0.15692120254109387,
                    -1.5449237955559905
                ],
                [
                    0.0,
                    0.0,
                    0.0,
                    1.0
                ]
            ],
            "is_bad": false,
            "mask_path": "DSC00215.png"
        },
        {
            "file_path": "DSC09555.JPG",
            "transform_matrix": [
                [
                    -0.7962915775716869,
                    -0.17551616825093952,
                    0.5788901434390653,
                    2.4925067007369517
                ],
                [
                    -0.6022703900177234,
                    0.31938924251740025,
                    -0.7316152602782828,
                    1.659464120267126
                ],
                [
                    -0.05648097729583447,
                    -0.9312274622489761,
                    -0.3600351548905161,
                    -1.326448875089641
                ],
                [
                    0.0,
                    0.0,
                    0.0,
                    1.0
                ]
            ],
            "is_bad": false,
            "mask_path": "DSC09555.png"
        },
        {
            "file_path": "DSC09211.JPG",
            "transform_matrix": [
                [
                    0.7192194014672066,
                    0.08989949208460608,
                    -0.6889423298622918,
                    1.2392449414187794
