{
    "fl_x": 623.7644187840933,
    "fl_y": 624.5793843712607,
    "cx": 876.0,
    "cy": 584.0,
    "w": 1752,
    "h": 1168,
    "k1": 0.0,
    "k2": 0.0,
    "k3": 0.0,
    "k4": 0.0,
    "camera_model": "PINHOLE",
    "has_mask": false,
    "aabb_range": [
        [
            0.15766337513923645,
            0.25091877579689026,
            -2.8924269676208496
        ],
        [
            7.173725128173828,
            7.265860080718994,
            -0.0
        ]
    ],
    "frames": [
        {
            "file_path": "DSC03529.JPG",
            "transform_matrix": [
                [
                    -0.9997559190075865,
                    0.006506729641446795,
                    -0.02111314468923665,
                    3.5591771905912615
                ],
                [
                    0.02205407844148269,
                    0.2371940798589017,
                    -0.9712119161665932,
                    1.9534878828353157
                ],
                [
                    -0.0013115004355563713,
                    -0.9714404927473745,
                    -0.23727968521840492,
                    -1.4104964760535632
                ],
                [
                    0.0,
                    0.0,
                    0.0,
                    1.0
                ]
            ],
            "is_bad": false,
            "mask_path": "DSC03529.png"
        },
        {
            "file_path": "DSC02997.JPG",
            "transform_matrix": [
                [
                    0.7250700992895066,
                    -0.13021412381869288,
                    0.6762526399759444,
                    3.749980680072326
                ],
                [
                    -0.6886477786304807,
                    -0.1283483413410007,
                    0.7136462290675379,
                    5.863272130831033
                ],
                [
                    -0.006130913766158028,
                    -0.9831434204800148,
                    -0.18273321171381962,
                    -1.4712396353445472
                ],
                [
                    0.0,
                    0.0,
                    0.0,
                    1.0
                ]
            ],
            "is_bad": false,
            "mask_path": "DSC02997.png"
        },
        {
            "file_path": "DSC03303.JPG",
            "transform_matrix": [
                [
                    0.23981369810318823,
                    -0.1109377286718904,
                    0.9644595432464725,
                    5.768631211558251
                ],
                [
                    -0.969121342989693,
                    -0.08608039269969452,
                    0.2310713927653524,
                    3.8049656997059973
                ],
                [
                    0.05738652075118596,
                    -0.990092413035161,
                    -0.12815537790621662,
                    -1.4335658628778123
                ],
                [
                    0.0,
                    0.0,
                    0.0,
                    1.0
                ]
            ],
            "is_bad": false,
            "mask_path": "DSC03303.png"
        },
        {
            "file_path": "DSC03756.JPG",
            "transform_matrix": [
                [
                    -0.9999180959769565,
                    0.01255315232779411,
                    -0.002493933530198928,
                    1.5864102534306141
                ],
                [
                    0.006784969228974439,
                    0.35470804643864146,
                    -0.9349524939718831,
                    3.8997239006488096
                ],
                [
                    -0.01085198278563548,
                    -0.9348928388635338,
                    -0.3547641671749027,
                    -1.3562118828639511
                ],
                [
                    0.0,
                    0.0,
                    0.0,
                    1.0
                ]
            ],
            "is_bad": false,
            "mask_path": "DSC03756.png"
        },
        {
            "file_path": "DSC03760.JPG",
            "transform_matrix": [
                [
                    0.9999727704811925,
                    0.0032137712139774,
                    -0.006643039270752683,
                    2.3585846954468006
                ],
                [
                    0.006978356337595445,
                    -0.11902272298862064,
                    0.9928670071843457,
                    5.262445298962618
                ],
                [
                    0.002400174784071588,
                    -0.9928863293886959,
                    -0.11904190889786513,
                    -0.9112987725969931
                ],
                [
                    0.0,
                    0.0,
                    0.0,
                    1.0
                ]
            ],
            "is_bad": false,
            "mask_path": "DSC03760.png"
        },
        {
            "file_path": "DSC03132.JPG",
            "transform_matrix": [
                [
                    -0.01655416971633141,
                    0.008174536983104526,
                    0.999829553679084,
                    5.180957833985286
                ],
                [
                    -0.9996555829214907,
                    0.020230367366775744,
                    -0.016716691362322633,
                    5.238681349976962
                ],
                [
                    -0.020363570386863712,
                    -0.9997619262511045,
                    0.007836824598143664,
                    -1.5635625196738618
                ],
                [
                    0.0,
                    0.0,
                    0.0,
                    1.0
                ]
            ],
            "is_bad": false,
            "mask_path": "DSC03132.png"
        },
        {
            "file_path": "DSC03423.JPG",
            "transform_matrix": [
                [
                    -0.9917542461996043,
                    0.01631094282114906,
                    -0.12711203046658912,
                    4.698629641147071
                ],
                [
                    0.12781607254894042,
                    0.19790380427393975,
                    -0.9718524249350131,
                    2.8260441923814037
                ],
                [
                    0.009304125064612477,
                    -0.9800857296166426,
                    -0.1983567388787045,
                    -1.4390512951455028
                ],
                [
                    0.0,
                    0.0,
                    0.0,
                    1.0
                ]
            ],
            "is_bad": false,
            "mask_path": "DSC03423.png"
        },
        {
            "file_path": "DSC03624.JPG",
            "transform_matrix": [
                [
                    0.3132596448387028,
                    0.14181140049091215,
                    -0.9390196598614622,
                    2.4631135889911775
                ],
                [
                    0.9495222759542683,
                    -0.029478431902251554,
                    0.31231149437574446,
                    2.865422996351465
                ],
                [
                    0.01660850330873239,
                    -0.9894546724046486,
                    -0.14388748685849428,
                    -1.4252526730106219
                ],
                [
                    0.0,
                    0.0,
                    0.0,
                    1.0
                ]
            ],
            "is_bad": false,
            "mask_path": "DSC03624.png"
        },
        {
            "file_path": "DSC03835.JPG",
            "transform_matrix": [
                [
                    0.03837363153757354,
                    -0.036982845452620275,
                    0.9985788569486368,
                    5.944179434596634
                ],
                [
                    -0.9980508636374861,
                    0.047797233448529874,
                    0.0401235350777436,
                    4.775380103845947
                ],
                [
                    -0.0492131892391331,
                    -0.998172176338779,
                    -0.03507660741889011,
                    -0.9493718390972349
                ],
                [
                    0.0,
                    0.0,
                    0.0,
                    1.0
                ]
            ],
            "is_bad": false,
            "mask_path": "DSC03835.png"
        },
        {
            "file_path": "DSC03891.JPG",
            "transform_matrix": [
                [
                    -0.5567763749290131,
                    -0.0839376684158679,
                    0.8264106340928908,
                    4.351922896866564
                ],
                [
                    -0.8305033484363559,
                    0.07572067951427841,
                    -0.5518428824673698,
                    2.1141874677710586
                ],
                [
                    -0.016255969885136792,
                    -0.9935898784281183,
                    -0.11187000012643963,
                    -0.9511196361753999
                ],
                [
                    0.0,
                    0.0,
                    0.0,
                    1.0
                ]
            ],
            "is_bad": false,
            "mask_path": "DSC03891.png"
        },
        {
            "file_path": "DSC02893.JPG",
            "transform_matrix": [
                [
                    0.810112207705552,
                    0.1157966648637267,
                    -0.5747254503959897,
                    2.987863609931397
                ],
                [
                    0.586232110890217,
                    -0.1481577337712756,
                    0.7964805070338882,
                    5.436076387439654
                ],
                [
                    0.0070797660721491525,
                    -0.9821610959156326,
                    -0.18790811207120886,
                    -1.4945916004148436
                ],
                [
                    0.0,
                    0.0,
                    0.0,
                    1.0
                ]
            ],
            "is_bad": false,
            "mask_path": "DSC02893.png"
        },
        {
            "file_path": "DSC03280.JPG",
            "transform_matrix": [
                [
                    -0.9894373159983559,
                    -0.010266733829869753,
                    0.14459734398126467,
                    6.168437727501425
                ],
                [
                    -0.1428052975911451,
                    -0.10236503929429103,
                    -0.9844430129317707,
                    4.448981539138603
                ],
                [
                    0.024908727182937677,
                    -0.9946939192066797,
                    0.09981764575154597,
                    -1.6033555444468406
                ],
                [
                    0.0,
                    0.0,
                    0.0,
                    1.0
                ]
            ],
            "is_bad": false,
            "mask_path": "DSC03280.png"
        },
        {
            "file_path": "DSC03676.JPG",
            "transform_matrix": [
                [
                    0.9230438934223856,
                    0.08875217655879004,
                    -0.37431674017030225,
                    1.895336762674035
                ],
                [
                    0.3838416485464631,
                    -0.1477205965454728,
                    0.9115065628932046,
                    3.2752908657702973
                ],
                [
                    0.025603899249479603,
                    -0.9850389213185067,
                    -0.1704193763364234,
                    -1.4313273388002323
                ],
                [
                    0.0,
                    0.0,
                    0.0,
                    1.0
                ]
            ],
            "is_bad": false,
            "mask_path": "DSC03676.png"
        },
        {
            "file_path": "DSC03047.JPG",
            "transform_matrix": [
                [
                    0.9693505755406743,
                    0.05723218766510353,
                    -0.23892245267875276,
                    4.421970084677165
                ],
                [
                    0.24501477076989364,
                    -0.15359639924627258,
                    0.9572752520791272,
                    5.729625220311681
                ],
                [
                    0.018089328443607087,
                    -0.9864748465286113,
                    -0.16291148935177474,
                    -1.4204801183432514
                ],
                [
                    0.0,
                    0.0,
                    0.0,
                    1.0
                ]
            ],
            "is_bad": false,
            "mask_path": "DSC03047.png"
        },
        {
            "file_path": "DSC03600.JPG",
            "transform_matrix": [
                [
                    0.6972413354690948,
                    0.08378889764414993,
                    -0.711922707001856,
                    2.726658989001591
                ],
                [
                    0.7161395088769047,
                    -0.12520323800209637,
                    0.6866355314279449,
                    2.2392347588751083
                ],
                [
                    -0.03160259386219731,
                    -0.9885866526639777,
                    -0.14730141287785523,
                    -1.413235668209592
                ],
                [
                    0.0,
                    0.0,
                    0.0,
                    1.0
                ]
            ],
            "is_bad": false,
            "mask_path": "DSC03600.png"
        },
        {
            "file_path": "DSC03812.JPG",
            "transform_matrix": [
                [
                    0.9247254058890453,
                    -0.006112148540213611,
                    -0.3805858186317017,
                    3.319289430881065
                ],
                [
                    0.3794340413548202,
                    -0.06455879812342877,
                    0.9229636882597314,
                    5.540537244302493
                ],
                [
                    -0.030211454193550688,
                    -0.9978951864925897,
                    -0.05738000357642232,
                    -0.9285268107589959
                ],
                [
                    0.0,
                    0.0,
                    0.0,
                    1.0
                ]
            ],
            "is_bad": false,
            "mask_path": "DSC03812.png"
        },
        {
            "file_path": "DSC03844.JPG",
            "transform_matrix": [
                [
                    0.21531312747584566,
                    -0.18185157896118714,
                    0.9594635273765719,
                    5.752517558641884
                ],
                [
                    -0.9763911501432728,
                    -0.057532232861731085,
                    0.20820750251573908,
                    4.1537131527459294
                ],
                [
                    0.01733721599531428,
                    -0.9816415055463309,
                    -0.18994571732541202,
                    -0.8749355394324337
                ],
                [
                    0.0,
                    0.0,
                    0.0,
                    1.0
                ]
            ],
            "is_bad": false,
            "mask_path": "DSC03844.png"
        },
        {
            "file_path": "DSC02793.JPG",
            "transform_matrix": [
                [
                    0.9418687592988114,
                    0.08174690300035403,
                    -0.32588446435319507,
                    2.096552558851467
                ],
                [
                    0.3357828532576736,
                    -0.19572112028835942,
                    0.9213810929963808,
                    5.277715337778996
                ],
                [
                    0.011537578387755855,
                    -0.9772464821747483,
                    -0.2117928170690078,
                    -1.4923573274533908
                ],
                [
                    0.0,
                    0.0,
                    0.0,
                    1.0
                ]
            ],
            "is_bad": false,
            "mask_path": "DSC02793.png"
        },
        {
            "file_path": "DSC03194.JPG",
            "transform_matrix": [
                [
                    -0.5149135057243593,
                    -0.010431806817436754,
                    0.8571786622572767,
                    5.737045058191334
                ],
                [
                    -0.8572098186727848,
                    -0.0024168837298274774,
                    -0.5149616349243978,
                    4.910908700751377
                ],
                [
                    0.007443681456287705,
                    -0.9999426663962092,
                    -0.007697761156151263,
                    -1.5446184951518218
                ],
                [
                    0.0,
                    0.0,
                    0.0,
                    1.0
                ]
            ],
            "is_bad": false,
            "mask_path": "DSC03194.png"
        },
        {
            "file_path": "DSC03379.JPG",
            "transform_matrix": [
                [
                    -0.05543703600110805,
                    4.8256605050963806e-05,
                    0.9984621839162026,
                    5.10869009135067
                ],
                [
                    -0.998037355805656,
                    -0.02917091681959928,
                    -0.055412038659122885,
                    3.198847169949795
                ],
                [
                    0.029123383317670348,
                    -0.9995744370897071,
                    0.0016653110604179665,
                    -1.5004429062428988
                ],
                [
                    0.0,
                    0.0,
                    0.0,
                    1.0
                ]
            ],
            "is_bad": false,
            "mask_path": "DSC03379.png"
        },
        {
            "file_path": "DSC03447.JPG",
            "transform_matrix": [
                [
                    -0.888466602046266,
                    0.07829792447365644,
                    -0.4522129278022458,
                    4.526871954296779
                ],
                [
                    0.45820056907484163,
                    0.20729180882790396,
                    -0.8643392531248056,
                    2.303831413804164
                ],
                [
                    0.026064066218707042,
                    -0.9751407801009929,
                    -0.22004800257256024,
                    -1.4277689562932947
                ],
                [
                    0.0,
                    0.0,
                    0.0,
                    1.0
                ]
            ],
            "is_bad": false,
            "mask_path": "DSC03447.png"
        },
        {
            "file_path": "DSC03855.JPG",
            "transform_matrix": [
                [
                    -0.9462120920217176,
                    0.012974097334104505,
                    -0.3232867917349093,
                    4.860006682330437
                ],
                [
                    0.32319617928039795,
                    0.08442123604919623,
                    -0.9425589024578142,
                    2.245948226310947
                ],
                [
                    0.01506341961302606,
                    -0.9963456868488424,
                    -0.08407357306116395,
                    -0.9923463929849239
                ],
                [
                    0.0,
                    0.0,
                    0.0,
                    1.0
                ]
            ],
            "is_bad": false,
            "mask_path": "DSC03855.png"
        },
        {
            "file_path": "DSC03911.JPG",
            "transform_matrix": [
                [
                    -0.9167037250573654,
                    0.11701677900866855,
                    -0.38204888940603654,
                    3.878445524947832
                ],
                [
                    0.3994635560473403,
                    0.24657411460575246,
                    -0.8829666320968208,
                    1.9540760558103067
                ],
                [
                    -0.009118544618697726,
                    -0.9620334086905846,
                    -0.2727793480218234,
                    -1.0213342777572008
                ],
                [
                    0.0,
                    0.0,
                    0.0,
                    1.0
                ]
            ],
            "is_bad": false,
            "mask_path": "DSC03911.png"
        },
        {
            "file_path": "DSC02847.JPG",
            "transform_matrix": [
                [
                    0.36283666853488794,
                    0.24362684222483014,
                    -0.899441778946287,
                    2.5168810301333524
                ],
                [
                    0.9316862349184578,
                    -0.11309074911919943,
                    0.3452118800492338,
                    5.490022515402555
                ],
                [
                    -0.01761566433524931,
                    -0.9632530530505552,
                    -0.2680172460100503,
                    -1.4539585596348694
                ],
                [
                    0.0,
                    0.0,
                    0.0,
                    1.0
                ]
            ],
            "is_bad": false,
            "mask_path": "DSC02847.png"
        },
        {
            "file_path": "DSC03780.JPG",
            "transform_matrix": [
                [
                    0.953324982673366,
                    -0.05451703184830636,
                    0.29698378852940494,
                    2.852738314277828
                ],
                [
                    -0.3009648367843338,
                    -0.09233285034830996,
                    0.9491547880961975,
                    5.471791175325345
                ],
                [
                    -0.02432374210945366,
                    -0.9942346493584943,
                    -0.10443092255067757,
                    -0.9282615189690914
                ],
                [
                    0.0,
                    0.0,
                    0.0,
                    1.0
                ]
            ],
            "is_bad": false,
            "mask_path": "DSC03780.png"
        },
        {
            "file_path": "DSC03477.JPG",
            "transform_matrix": [
                [
                    -0.9911577504835639,
                    -0.05815459714337075,
                    0.119265906643323,
                    4.117121488379704
                ],
                [
                    -0.1285729348754283,
                    0.19879387618245883,
                    -0.9715708904706195,
                    2.0727874413668523
                ],
                [
                    0.03279198185350353,
                    -0.9783143858818829,
                    -0.20451319835813556,
                    -1.4263991510462828
                ],
                [
                    0.0,
                    0.0,
                    0.0,
                    1.0
                ]
            ],
            "is_bad": false,
            "mask_path": "DSC03477.png"
        },
        {
            "file_path": "DSC02958.JPG",
            "transform_matrix": [
                [
                    0.9212270347911453,
                    -0.10101806818662414,
                    0.3756808489526135,
                    3.296464234872218
                ],
                [
                    -0.388293013990917,
                    -0.179536152475284,
                    0.9038779260720006,
                    5.771749521751191
                ],
                [
                    -0.02385970778872514,
                    -0.978551030786956,
                    -0.2046181675463411,
                    -1.4704392004112825
                ],
                [
                    0.0,
                    0.0,
                    0.0,
                    1.0
                ]
            ],
            "is_bad": false,
            "mask_path": "DSC02958.png"
        },
        {
            "file_path": "DSC03597.JPG",
            "transform_matrix": [
                [
                    0.370444904925854,
                    0.15395232754722274,
                    -0.9160072342821683,
                    3.1091170637186853
                ],
                [
                    0.9288497656607307,
                    -0.0645277431894758,
                    0.3647934801923941,
                    1.9907254230303997
                ],
                [
                    -0.002947074223790964,
                    -0.9859689909939691,
                    -0.1669025570560672,
                    -1.4035216988140522
                ],
                [
                    0.0,
                    0.0,
                    0.0,
                    1.0
                ]
            ],
            "is_bad": false,
            "mask_path": "DSC03597.png"
        },
        {
            "file_path": "DSC03741.JPG",
            "transform_matrix": [
                [
                    -0.5737148829957402,
                    0.08831794017889083,
                    -0.814279543198613,
                    1.9848752194091333
                ],
                [
                    0.8189938212254038,
                    0.07401796874971857,
                    -0.5690083137325651,
                    3.707382115803202
                ],
                [
                    0.010017675568485828,
                    -0.9933384527665904,
                    -0.11479705759069356,
                    -1.4646657560226144
                ],
                [
                    0.0,
                    0.0,
                    0.0,
                    1.0
                ]
            ],
            "is_bad": false,
            "mask_path": "DSC03741.png"
        },
        {
            "file_path": "DSC03402.JPG",
            "transform_matrix": [
                [
                    -0.7993118403283909,
                    -0.002768532512911347,
                    0.600910074086436,
                    4.675046899082798
                ],
                [
                    -0.6005326827233582,
                    -0.03205272904445202,
                    -0.7989575204864707,
                    3.2066487920278246
                ],
                [
                    0.021472747656675967,
                    -0.9994823449108683,
                    0.02395753158288261,
                    -1.5142308115263814
                ],
                [
                    0.0,
                    0.0,
                    0.0,
                    1.0
                ]
            ],
            "is_bad": false,
            "mask_path": "DSC03402.png"
        },
        {
            "file_path": "DSC03948.JPG",
            "transform_matrix": [
                [
                    -0.8134882294289387,
                    -0.08776127194555922,
                    0.5749216118107482,
                    3.3718023025926596
                ],
                [
                    -0.5803976586579231,
                    0.18554571944228856,
                    -0.7929132006853244,
                    1.9471460132808196
                ],
                [
                    -0.037087173051776605,
                    -0.9787087131231343,
                    -0.20187569554527016,
                    -1.073526741445214
                ],
                [
                    0.0,
                    0.0,
                    0.0,
                    1.0
                ]
            ],
            "is_bad": false,
            "mask_path": "DSC03948.png"
        },
        {
            "file_path": "DSC03062.JPG",
            "transform_matrix": [
                [
                    0.9941907484245331,
                    -0.017422442434799974,
                    0.1062130606219113,
                    4.8026909182665625
                ],
                [
                    -0.10758760290697965,
                    -0.13236143473058273,
                    0.9853452990179601,
                    5.24046370518886
                ],
                [
                    -0.0031086086594991225,
                    -0.9910483888769855,
                    -0.13346695267568848,
                    -1.5177587013613107
                ],
                [
                    0.0,
                    0.0,
                    0.0,
                    1.0
                ]
            ],
            "is_bad": false,
            "mask_path": "DSC03062.png"
        },
        {
            "file_path": "DSC03623.JPG",
            "transform_matrix": [
                [
                    0.8281849426137996,
                    0.08223698910594751,
                    -0.554388652887634,
                    2.4084826412069433
                ],
                [
                    0.5600926828469379,
                    -0.08588529157231017,
                    0.8239659600449879,
                    2.440105095089251
                ],
                [
                    0.020146648582256694,
                    -0.9929052292713174,
                    -0.11718924112978762,
                    -1.4474127194201283
                ],
                [
                    0.0,
                    0.0,
                    0.0,
                    1.0
                ]
            ],
            "is_bad": false,
            "mask_path": "DSC03623.png"
        },
        {
            "file_path": "DSC03645.JPG",
            "transform_matrix": [
                [
                    0.6840889568531464,
                    0.01803942010517411,
                    -0.7291754784918664,
                    2.163140220921874
                ],
                [
                    0.728878370543299,
                    0.020843016631510933,
                    0.6843258650758748,
                    3.0411679808974577
                ],
                [
                    0.027543058394436506,
                    -0.999620001790664,
                    0.0011099343733178338,
                    -1.4831210109968174
                ],
                [
                    0.0,
                    0.0,
                    0.0,
                    1.0
                ]
            ],
            "is_bad": false,
            "mask_path": "DSC03645.png"
        },
        {
            "file_path": "DSC03230.JPG",
            "transform_matrix": [
                [
                    -0.7377672924673704,
                    -0.17846535434003635,
                    0.6510372796281719,
                    5.904593353125924
                ],
                [
                    -0.6743143306425725,
                    0.23999975754065492,
                    -0.6983554251743775,
                    4.621948149242618
                ],
                [
                    -0.03161654085165689,
                    -0.9542275586466321,
                    -0.2974057172682853,
                    -1.4425427540722857
                ],
                [
                    0.0,
                    0.0,
                    0.0,
                    1.0
                ]
            ],
            "is_bad": false,
            "mask_path": "DSC03230.png"
        },
        {
            "file_path": "DSC03160.JPG",
            "transform_matrix": [
                [
                    -0.08585429368053922,
                    -0.2973246687178541,
                    0.9509085558708754,
                    5.492625115914726
                ],
                [
                    -0.996222986111421,
                    0.03806533806392499,
                    -0.07804352619738278,
                    5.141148618711002
                ],
                [
                    -0.012992390074893589,
                    -0.954017332866598,
                    -0.29946974202787835,
                    -1.4458269987112662
                ],
                [
                    0.0,
                    0.0,
                    0.0,
                    1.0
                ]
            ],
            "is_bad": false,
            "mask_path": "DSC03160.png"
        },
        {
            "file_path": "DSC03098.JPG",
            "transform_matrix": [
                [
                    0.7394230826209776,
                    -0.10110879306990045,
                    0.6656053762187008,
                    4.992608570293861
                ],
                [
                    -0.6732315156635343,
                    -0.11630686854356694,
                    0.7302273883161108,
                    4.961298333465893
                ],
                [
                    0.003582067094532713,
                    -0.988053502748478,
                    -0.15406960927383614,
                    -1.506570375240982
                ],
                [
                    0.0,
                    0.0,
                    0.0,
                    1.0
                ]
            ],
            "is_bad": false,
            "mask_path": "DSC03098.png"
        },
        {
            "file_path": "DSC03023.JPG",
            "transform_matrix": [
                [
                    0.9043232411638068,
                    -0.10081727784007781,
                    0.4147714454731707,
                    4.091920709616674
                ],
                [
                    -0.4265852075007565,
                    -0.24757222876938867,
                    0.8699040477453207,
                    5.794524108434107
                ],
                [
                    0.01498453310994569,
                    -0.9636098110911251,
                    -0.2668924797299519,
                    -1.4472078766543015
                ],
                [
                    0.0,
                    0.0,
                    0.0,
                    1.0
                ]
            ],
            "is_bad": false,
            "mask_path": "DSC03023.png"
        },
        {
            "file_path": "DSC03341.JPG",
            "transform_matrix": [
                [
                    0.715336932753082,
                    -0.1886350613124362,
                    0.6728371915129739,
                    5.598692517327491
                ],
                [
                    -0.6987790286112999,
                    -0.19444173411306157,
                    0.6884041554262686,
                    3.539515316114524
                ],
                [
                    0.0009704702269745679,
                    -0.9626054361360937,
                    -0.2709055785855652,
                    -1.3788483576300958
                ],
                [
                    0.0,
                    0.0,
                    0.0,
                    1.0
                ]
            ],
            "is_bad": true,
            "mask_path": "DSC03341.png"
        },
        {
            "file_path": "DSC03488.JPG",
            "transform_matrix": [
                [
                    -0.5397270790719163,
                    -0.1273701942276673,
                    0.8321487329431582,
                    3.8664913670292282
                ],
                [
                    -0.8415530136086988,
                    0.05582156199204716,
                    -0.5372824941340303,
                    1.8905657728824197
                ],
                [
                    0.021981933550386804,
                    -0.9902831851744095,
                    -0.13731717939941762,
                    -1.4638713910909165
                ],
                [
                    0.0,
                    0.0,
                    0.0,
                    1.0
                ]
            ],
            "is_bad": false,
            "mask_path": "DSC03488.png"
        },
        {
            "file_path": "DSC03724.JPG",
            "transform_matrix": [
                [
                    0.9859753844532816,
                    -0.033049272126680115,
                    0.1635857171763455,
                    1.7341669536993416
                ],
                [
                    -0.1661190958309244,
                    -0.10019570268247172,
                    0.9810021749029311,
                    4.124468683380004
                ],
                [
                    -0.016030821953931584,
                    -0.9944187079776111,
                    -0.10428061167647067,
                    -1.4608168133027073
                ],
                [
                    0.0,
                    0.0,
                    0.0,
                    1.0
                ]
            ],
            "is_bad": false,
            "mask_path": "DSC03724.png"
        },
        {
            "file_path": "DSC03505.JPG",
            "transform_matrix": [
                [
                    -0.2766313241342405,
                    -0.2448619831091842,
                    0.929256541400475,
                    3.691217491029273
                ],
                [
                    -0.9608370291783208,
                    0.05402488118264885,
                    -0.2717968277463434,
                    1.6804255103288614
                ],
                [
                    0.016349736007394824,
                    -0.9680516109387127,
                    -0.2502174348270903,
                    -1.415556840435205
                ],
                [
                    0.0,
                    0.0,
                    0.0,
                    1.0
                ]
            ],
            "is_bad": false,
            "mask_path": "DSC03505.png"
        },
        {
            "file_path": "DSC03879.JPG",
            "transform_matrix": [
                [
                    -0.938737300271227,
                    -0.02750937531987318,
                    0.3435338634676336,
                    4.579317487874399
                ],
                [
                    -0.34456030283390743,
                    0.09546592581213673,
                    -0.933897454070755,
                    2.2627016548500065
                ],
                [
                    -0.007104842749451322,
                    -0.9950525067946627,
                    -0.09909606415576573,
                    -0.9567653693810714
                ],
                [
                    0.0,
                    0.0,
                    0.0,
                    1.0
                ]
            ],
            "is_bad": false,
            "mask_path": "DSC03879.png"
        },
        {
            "file_path": "DSC03428.JPG",
            "transform_matrix": [
                [
                    -0.9986940251668862,
                    -0.03084168449430571,
                    -0.040731248366774525,
