{
    "fl_x": 628.5339502219647,
    "fl_y": 628.1014954966735,
    "cx": 876.0,
    "cy": 584.0,
    "w": 1752,
    "h": 1168,
    "k1": 0.0,
    "k2": 0.0,
    "k3": 0.0,
    "k4": 0.0,
    "camera_model": "PINHOLE",
    "has_mask": true,
    "aabb_range": [
        [
            0.001591597218066454,
            0.000744207645766437,
            -2.6648967266082764
        ],
        [
            2.9785189628601074,
            3.025239944458008,
            -0.08780857920646667
        ]
    ],
    "frames": [
        {
            "file_path": "DSC04505.JPG",
            "transform_matrix": [
                [
                    0.5401344257909242,
                    0.47857263393671967,
                    -0.6922593705558483,
                    0.8208890138107772
                ],
                [
                    0.8358078770182321,
                    -0.2088819598747226,
                    0.5077337092937305,
                    2.3985527753154385
                ],
                [
                    0.09838696453181385,
                    -0.8528402903743266,
                    -0.5128191146246893,
                    -1.4418606501124813
                ],
                [
                    0.0,
                    0.0,
                    0.0,
                    1.0
                ]
            ],
            "is_bad": false,
            "mask_path": "DSC04505.png"
        },
        {
            "file_path": "DSC04425.JPG",
            "transform_matrix": [
                [
                    -0.017106026416247953,
                    -0.7025186320767755,
                    0.7114597356458222,
                    1.9989809206503228
                ],
                [
                    -0.9997350211343251,
                    0.02297989461593684,
                    -0.0013460910040766119,
                    0.626623202194294
                ],
                [
                    -0.015403615737788518,
                    -0.7112942401203716,
                    -0.7027255741708751,
                    -1.3440188189648277
                ],
                [
                    0.0,
                    0.0,
                    0.0,
                    1.0
                ]
            ],
            "is_bad": true,
            "mask_path": "DSC04425.png"
        },
        {
            "file_path": "DSC04557.JPG",
            "transform_matrix": [
                [
                    0.9970847129977168,
                    -0.026934112445403446,
                    0.0713906765133875,
                    2.0417997642984997
                ],
                [
                    -0.04365887471129804,
                    0.5659467843599655,
                    0.8232849688483069,
                    2.4250630027424513
                ],
                [
                    -0.06257777373160488,
                    -0.8240016934809011,
                    0.5631209740148231,
                    -1.8428627469576828
                ],
                [
                    0.0,
                    0.0,
                    0.0,
                    1.0
                ]
            ],
            "is_bad": false,
            "mask_path": "DSC04557.png"
        },
        {
            "file_path": "DSC04629.JPG",
            "transform_matrix": [
                [
                    0.5159249369761943,
                    -0.5803664259060057,
                    -0.6300764009921324,
                    1.2394033684610952
                ],
                [
                    0.8558671879974247,
                    0.38033488991840986,
                    0.3504807099115901,
                    1.2249142441194276
                ],
                [
                    0.03623280165114153,
                    -0.7200834557131832,
                    0.6929408350592923,
                    -1.915377078233394
                ],
                [
                    0.0,
                    0.0,
                    0.0,
                    1.0
                ]
            ],
            "is_bad": false,
            "mask_path": "DSC04629.png"
        },
        {
            "file_path": "DSC04532.JPG",
            "transform_matrix": [
                [
                    -0.9934219481901007,
                    -0.03792872709395171,
                    0.1080474179016665,
                    1.9188265130877935
                ],
                [
                    -0.11363674959863473,
                    0.442920261790203,
                    -0.8893302709546969,
                    1.6044141285090128
                ],
                [
                    -0.014125225479330986,
                    -0.8957583677291162,
                    -0.444316806623863,
                    -1.3981493564021894
                ],
                [
                    0.0,
                    0.0,
                    0.0,
                    1.0
                ]
            ],
            "is_bad": true,
            "mask_path": "DSC04532.png"
        },
        {
            "file_path": "DSC04463.JPG",
            "transform_matrix": [
                [
                    0.76308645421929,
                    -0.051355452094268915,
                    -0.6442528082416284,
                    0.5901514651245959
                ],
                [
                    0.6455543557046786,
                    0.01281097854029153,
                    0.763606870490017,
                    1.7542727647678515
                ],
                [
                    -0.030961867155398462,
                    -0.9985982657550699,
                    0.04292861997802879,
                    -1.7379138294364687
                ],
                [
                    0.0,
                    0.0,
                    0.0,
                    1.0
                ]
            ],
            "is_bad": false,
            "mask_path": "DSC04463.png"
        },
        {
            "file_path": "DSC04409.JPG",
            "transform_matrix": [
                [
                    -0.47320397146459314,
                    -0.24928511097817804,
                    -0.8449467053221367,
                    1.500981204674578
                ],
                [
                    0.8809425298707427,
                    -0.12924952838686413,
                    -0.4552305113639781,
                    0.6060584899073795
                ],
                [
                    0.004273225371101098,
                    -0.9597663741017238,
                    0.2807672464668148,
                    -1.7841700434426335
                ],
                [
                    0.0,
                    0.0,
                    0.0,
                    1.0
                ]
            ],
            "is_bad": false,
            "mask_path": "DSC04409.png"
        },
        {
            "file_path": "DSC04593.JPG",
            "transform_matrix": [
                [
                    0.48771361932241036,
                    -0.5648660733457804,
                    0.665628834043684,
                    1.735680145585837
                ],
                [
                    -0.872268587011906,
                    -0.2840206643782389,
                    0.39809518248579284,
                    2.51369855668351
                ],
                [
                    -0.035818118874221996,
                    -0.7747635648306281,
                    -0.6312356778345543,
                    -1.300950050330078
                ],
                [
                    0.0,
                    0.0,
                    0.0,
                    1.0
                ]
            ],
            "is_bad": false,
            "mask_path": "DSC04593.png"
        },
        {
            "file_path": "DSC04524.JPG",
            "transform_matrix": [
                [
                    -0.8436235715411426,
                    0.10556515019776515,
                    0.5264553813989267,
                    2.0792818414046557
                ],
                [
                    -0.536036790412397,
                    -0.22227625381171764,
                    -0.8144064257579284,
                    1.1677817427752668
                ],
                [
                    0.031045593319211418,
                    -0.9692519105243754,
                    0.24410429140083964,
                    -1.7918094640931967
                ],
                [
                    0.0,
                    0.0,
                    0.0,
                    1.0
                ]
            ],
            "is_bad": true,
            "mask_path": "DSC04524.png"
        },
        {
            "file_path": "DSC04623.JPG",
            "transform_matrix": [
                [
                    0.5456972449856302,
                    0.28594491406823336,
                    -0.7876865004134607,
                    1.422520337266635
                ],
                [
                    0.8379474959439341,
                    -0.19478091538637252,
                    0.5098081884812535,
                    1.1347206447236986
                ],
                [
                    -0.007649238941468712,
                    -0.938240854535635,
                    -0.3458982336235023,
                    -1.4180586351605997
                ],
                [
                    0.0,
                    0.0,
                    0.0,
                    1.0
                ]
            ],
            "is_bad": false,
            "mask_path": "DSC04623.png"
        },
        {
            "file_path": "DSC04580.JPG",
            "transform_matrix": [
                [
                    -0.5082864615456719,
                    -0.6224665768731314,
                    0.595130434178278,
                    1.9922852720597493
                ],
                [
                    -0.8609713166843651,
                    0.35179358061681326,
                    -0.36738218313303084,
                    2.095188602760502
                ],
                [
                    0.019320063565380394,
                    -0.6991256234130226,
                    -0.7147377825686716,
                    -1.2158269896085152
                ],
                [
                    0.0,
                    0.0,
                    0.0,
                    1.0
                ]
            ],
            "is_bad": false,
            "mask_path": "DSC04580.png"
        },
        {
            "file_path": "DSC04487.JPG",
            "transform_matrix": [
                [
                    -0.719171425670792,
                    -0.4802311034127487,
                    0.5021658568775997,
                    0.8211905229628582
                ],
                [
                    -0.6946294726515868,
                    0.5143851110493932,
                    -0.5028895040209932,
                    1.8774268261000273
                ],
                [
                    -0.01680345864450658,
                    -0.710482965908175,
                    -0.7035137517717078,
                    -1.3505282494309394
                ],
                [
                    0.0,
                    0.0,
                    0.0,
                    1.0
                ]
            ],
            "is_bad": false,
            "mask_path": "DSC04487.png"
        },
        {
            "file_path": "DSC04577.JPG",
            "transform_matrix": [
                [
                    0.9904044003640942,
                    -0.11294087401710118,
                    0.07964598367583885,
                    1.8248897797140957
                ],
                [
                    0.017714876802826806,
                    0.6753071190091151,
                    0.7373238624617199,
                    1.5467922365092568
                ],
                [
                    -0.13705950123686925,
                    -0.7288378790868801,
                    0.6708278759330435,
                    -1.8297465843984746
                ],
                [
                    0.0,
                    0.0,
                    0.0,
                    1.0
                ]
            ],
            "is_bad": true,
            "mask_path": "DSC04577.png"
        },
        {
            "file_path": "DSC04562.JPG",
            "transform_matrix": [
                [
                    0.973533723011531,
                    -0.02366018229829571,
                    0.22731538868479018,
                    1.97983743245041
                ],
                [
                    -0.2260715711213028,
                    0.04619329754312319,
                    0.9730148118054708,
                    1.95848102558457
                ],
                [
                    -0.03352215521190551,
                    -0.9986522793423652,
                    0.03962183835014526,
                    -1.6569314742533785
                ],
                [
                    0.0,
                    0.0,
                    0.0,
                    1.0
                ]
            ],
            "is_bad": false,
            "mask_path": "DSC04562.png"
        },
        {
            "file_path": "DSC04529.JPG",
            "transform_matrix": [
                [
                    -0.9457162232089398,
                    -0.15996603340342216,
                    0.2828987333244797,
                    1.9694254111592064
                ],
                [
                    -0.32456576188734937,
                    0.5095307090709522,
                    -0.7968911611532273,
                    1.133093908784781
                ],
                [
                    -0.01667007408216685,
                    -0.8454521421528418,
                    -0.5337909552992333,
                    -1.3713763178569784
                ],
                [
                    0.0,
                    0.0,
                    0.0,
                    1.0
                ]
            ],
            "is_bad": false,
            "mask_path": "DSC04529.png"
        },
        {
            "file_path": "DSC04518.JPG",
            "transform_matrix": [
                [
                    -0.9538113208208167,
                    0.04164734033015243,
                    -0.2975054004845535,
                    1.7637860733511326
                ],
                [
                    0.30040418941165026,
                    0.135972630132025,
                    -0.9440703187998812,
                    0.8467549084400758
                ],
                [
                    0.001134573919712134,
                    -0.9898368264003943,
                    -0.14220326945473774,
                    -1.574361958995407
                ],
                [
                    0.0,
                    0.0,
                    0.0,
                    1.0
                ]
            ],
            "is_bad": true,
            "mask_path": "DSC04518.png"
        },
        {
            "file_path": "DSC04434.JPG",
            "transform_matrix": [
                [
                    -0.9658745565434894,
                    -0.030739881239911712,
                    0.2571797051154554,
                    1.181175091202264
                ],
                [
                    -0.2589552860747728,
                    0.09414171901386652,
                    -0.9612905370152385,
                    0.7951053275651692
                ],
                [
                    0.005338617409850604,
                    -0.9950841152598452,
                    -0.09888934584514533,
                    -1.6873387348774822
                ],
                [
                    0.0,
                    0.0,
                    0.0,
                    1.0
                ]
            ],
            "is_bad": false,
            "mask_path": "DSC04434.png"
        },
        {
            "file_path": "DSC04513.JPG",
            "transform_matrix": [
                [
                    0.361317071299148,
                    -0.4837910966524361,
                    -0.7971173996267046,
                    0.6737437945326903
                ],
                [
                    0.9131692021225264,
                    0.01067706223922218,
                    0.40744080384375886,
                    2.4005870719001337
                ],
                [
                    -0.1886053612247409,
                    -0.8751183777876984,
                    0.44564093458244164,
                    -1.791254899102146
                ],
                [
                    0.0,
                    0.0,
                    0.0,
                    1.0
                ]
            ],
            "is_bad": false,
            "mask_path": "DSC04513.png"
        },
        {
            "file_path": "DSC04546.JPG",
            "transform_matrix": [
                [
                    0.32793797476602776,
                    -0.39998097832132506,
                    0.8558457230643097,
                    1.9428812001848432
                ],
                [
                    -0.9422315035930183,
                    -0.07304554132749891,
                    0.32690081451261416,
                    2.321954753590449
                ],
                [
                    -0.06823839346873607,
                    -0.9136079935471711,
                    -0.4008290855009361,
                    -1.5169692375866166
                ],
                [
                    0.0,
                    0.0,
                    0.0,
                    1.0
                ]
            ],
            "is_bad": false,
            "mask_path": "DSC04546.png"
        },
        {
            "file_path": "DSC04419.JPG",
            "transform_matrix": [
                [
                    -0.851067168865816,
                    -0.1457603553296108,
                    0.5044190647595602,
                    2.255356118934461
                ],
                [
                    -0.5232898010801732,
                    0.3142190016588025,
                    -0.7921074441526332,
                    1.002471988508762
                ],
                [
                    -0.04304019242749869,
                    -0.9380939919915968,
                    -0.3436963834914071,
                    -1.5236762113437894
                ],
                [
                    0.0,
                    0.0,
                    0.0,
                    1.0
                ]
            ],
            "is_bad": false,
            "mask_path": "DSC04419.png"
        },
        {
            "file_path": "DSC04403.JPG",
            "transform_matrix": [
                [
                    -0.394451894450391,
                    0.528441895822745,
                    -0.7517691571910624,
                    1.570453885727083
                ],
                [
                    0.9183747390664769,
                    0.1986132554459565,
                    -0.34225810933524936,
                    0.5775203539397364
                ],
                [
                    -0.03155220450424758,
                    -0.8254101631918656,
                    -0.5636510630616247,
                    -1.4515503538291257
                ],
                [
                    0.0,
                    0.0,
                    0.0,
                    1.0
                ]
            ],
            "is_bad": false,
            "mask_path": "DSC04403.png"
        },
        {
            "file_path": "DSC04571.JPG",
            "transform_matrix": [
                [
                    0.6069765763531654,
                    -0.04752299198631028,
                    0.7932975488372938,
                    1.7939768969925005
                ],
                [
                    -0.7945704167038509,
                    -0.0169409578879128,
                    0.606935628254684,
                    1.3171711510541277
                ],
                [
                    -0.015404176630316346,
                    -0.998726473654578,
                    -0.04804312816452446,
                    -1.568947418198627
                ],
                [
                    0.0,
                    0.0,
                    0.0,
                    1.0
                ]
            ],
            "is_bad": false,
            "mask_path": "DSC04571.png"
        },
        {
            "file_path": "DSC04522.JPG",
            "transform_matrix": [
                [
                    -0.9965116718330632,
                    -0.007368551247384632,
                    0.08312756674525808,
                    1.8978287189505116
                ],
                [
                    -0.07559032890327076,
                    -0.3424011514586257,
                    -0.9365081706296543,
                    0.8754533945918085
                ],
                [
                    0.0353636830204088,
                    -0.9395249629106834,
                    0.3406497526652712,
                    -1.8338776584543834
                ],
                [
                    0.0,
                    0.0,
                    0.0,
                    1.0
                ]
            ],
            "is_bad": false,
            "mask_path": "DSC04522.png"
        },
        {
            "file_path": "DSC04536.JPG",
            "transform_matrix": [
                [
                    -0.9841089414686806,
                    0.06608810752748606,
                    0.16480883885529118,
                    1.7893296880851688
                ],
                [
                    -0.17448157164085473,
                    -0.1876741208394137,
                    -0.9666098517627945,
                    2.1785010188200897
                ],
                [
                    -0.032951061881695026,
                    -0.980005503255257,
                    0.19622293726850562,
                    -1.7185355605149377
                ],
                [
                    0.0,
                    0.0,
                    0.0,
                    1.0
                ]
            ],
            "is_bad": false,
            "mask_path": "DSC04536.png"
        },
        {
            "file_path": "DSC04431.JPG",
            "transform_matrix": [
                [
                    -0.9150282946830862,
                    -0.24244838404792762,
                    0.32240037376205344,
                    1.386322647078994
                ],
                [
                    -0.40308411384628706,
                    0.5184393300380952,
                    -0.7541510844879856,
                    0.8622036685998885
                ],
                [
                    0.015697677984873874,
                    -0.8200240497340308,
                    -0.5721137480988233,
                    -1.442730374668326
                ],
                [
                    0.0,
                    0.0,
                    0.0,
                    1.0
                ]
            ],
            "is_bad": false,
            "mask_path": "DSC04431.png"
        },
        {
            "file_path": "DSC04615.JPG",
            "transform_matrix": [
                [
                    -0.9499882124336324,
                    0.2399205654263715,
                    -0.19990127193852888,
                    1.8895143961423766
                ],
                [
                    0.3023264261317914,
                    0.5462022475385849,
                    -0.7811925734709572,
                    1.8893504410156237
                ],
                [
                    -0.07823763991538808,
                    -0.8025591735624786,
                    -0.5914200238672862,
                    -1.356539818515086
                ],
                [
                    0.0,
                    0.0,
                    0.0,
                    1.0
                ]
            ],
            "is_bad": false,
            "mask_path": "DSC04615.png"
        },
        {
            "file_path": "DSC04612.JPG",
            "transform_matrix": [
                [
                    -0.9773816963266904,
                    0.168807933524271,
                    -0.12739270491212018,
                    1.7476399062011652
                ],
                [
                    0.20661862087395508,
                    0.6337592846758515,
                    -0.7454246538687178,
                    2.2462876470774376
                ],
                [
                    -0.045097285879596015,
                    -0.7548861176802885,
                    -0.6543035871366409,
                    -1.3208986039580561
                ],
                [
                    0.0,
                    0.0,
                    0.0,
                    1.0
                ]
            ],
            "is_bad": true,
            "mask_path": "DSC04612.png"
        },
        {
            "file_path": "DSC04437.JPG",
            "transform_matrix": [
                [
                    -0.9989953436410498,
                    0.010495389320242306,
                    0.043567765452427805,
                    1.2010624074256804
                ],
                [
                    -0.043930023559337374,
                    -0.42150190220152817,
                    -0.9057628273839515,
                    0.6001225613121645
                ],
                [
                    0.008857562507670606,
                    -0.906766779962472,
                    0.421539500335274,
                    -1.865882512181688
                ],
                [
                    0.0,
                    0.0,
                    0.0,
                    1.0
                ]
            ],
            "is_bad": true,
            "mask_path": "DSC04437.png"
        },
        {
            "file_path": "DSC04491.JPG",
            "transform_matrix": [
                [
                    -0.7673065003921163,
                    0.4632305845497131,
                    -0.4434615654075728,
                    0.7532089187516154
                ],
                [
                    0.6412489430158406,
                    0.5473735226620219,
                    -0.5377564688310466,
                    2.1650855072853066
                ],
                [
                    -0.006366124179637423,
                    -0.6969932942477286,
                    -0.7170493847962143,
                    -1.3477226922521817
                ],
                [
                    0.0,
                    0.0,
                    0.0,
                    1.0
                ]
            ],
            "is_bad": false,
            "mask_path": "DSC04491.png"
        },
        {
            "file_path": "DSC04466.JPG",
            "transform_matrix": [
                [
                    0.5790851713514721,
                    0.43341252780066464,
                    -0.6905171576914464,
                    0.659906714941812
                ],
                [
                    0.8150282207415217,
                    -0.2872633248518613,
                    0.5031985508623443,
                    1.7104992495360887
                ],
                [
                    0.019732301329178095,
                    -0.8541857894746855,
                    -0.5195933730752947,
                    -1.444968793871313
                ],
                [
                    0.0,
                    0.0,
                    0.0,
                    1.0
                ]
            ],
            "is_bad": false,
            "mask_path": "DSC04466.png"
        },
        {
            "file_path": "DSC04448.JPG",
            "transform_matrix": [
                [
                    -0.9115495757140654,
                    0.11858994522217663,
                    0.39371791413105695,
                    1.182355803338702
                ],
                [
                    -0.41114753939975757,
                    -0.27666007482202765,
                    -0.8685717609069487,
                    1.0243812605601261
                ],
                [
                    0.0059221500347872965,
                    -0.9536223717445356,
                    0.3009473379966892,
                    -1.7846556216105727
                ],
                [
                    0.0,
                    0.0,
                    0.0,
                    1.0
                ]
            ],
            "is_bad": false,
            "mask_path": "DSC04448.png"
        },
        {
            "file_path": "DSC04597.JPG",
            "transform_matrix": [
                [
                    0.7808534075209025,
                    -0.21209272537730994,
                    0.5876092509525529,
                    1.7201556239165103
                ],
                [
                    -0.6162643835710453,
                    -0.10733457276690221,
                    0.7801906811996321,
                    2.5271604943617656
                ],
                [
                    -0.10240197998473816,
                    -0.9713372047497056,
                    -0.2145177595543865,
                    -1.5461186999404761
                ],
                [
                    0.0,
                    0.0,
                    0.0,
                    1.0
                ]
            ],
            "is_bad": false,
            "mask_path": "DSC04597.png"
        },
        {
            "file_path": "DSC04515.JPG",
            "transform_matrix": [
                [
                    -0.9278513532871845,
                    0.1741728980217486,
                    -0.32978124233777467,
                    1.7695634497791963
                ],
                [
                    0.3709826333686201,
                    0.5217438885549557,
                    -0.768215595060682,
                    0.8451078566547738
                ],
                [
                    0.03825901125257368,
                    -0.8351329932114161,
                    -0.548715893434586,
                    -1.3305994883974677
                ],
                [
                    0.0,
                    0.0,
                    0.0,
                    1.0
                ]
            ],
            "is_bad": false,
            "mask_path": "DSC04515.png"
        },
        {
            "file_path": "DSC04446.JPG",
            "transform_matrix": [
                [
                    -0.8785452051699961,
                    0.28676728672591995,
                    0.3819984891811257,
                    1.3758631039573987
                ],
                [
                    -0.4754581660612598,
                    -0.4483271245513308,
                    -0.7569295355032715,
                    0.7773175420687318
                ],
                [
                    -0.04580234490145749,
                    -0.8466211151721819,
                    0.5302214938552932,
                    -1.893007478608327
                ],
                [
                    0.0,
                    0.0,
                    0.0,
                    1.0
                ]
            ],
            "is_bad": false,
            "mask_path": "DSC04446.png"
        },
        {
            "file_path": "DSC04416.JPG",
            "transform_matrix": [
                [
                    -0.9998199456477334,
                    -0.010836229329763376,
                    -0.015577304608788985,
                    1.921722155419359
                ],
                [
                    0.015504704531315147,
                    0.006751812337908659,
                    -0.9998569983590399,
                    1.0296944038709537
                ],
                [
                    0.010939854768635909,
                    -0.9999184912601952,
                    -0.006582584110719554,
                    -1.666126516361012
                ],
                [
                    0.0,
                    0.0,
                    0.0,
                    1.0
                ]
            ],
            "is_bad": false,
            "mask_path": "DSC04416.png"
        },
        {
            "file_path": "DSC04520.JPG",
            "transform_matrix": [
                [
                    -0.9555711027591428,
                    -0.053383287363512395,
                    -0.2898863435933814,
                    1.6825174358987003
                ],
                [
                    0.29288257108078436,
                    -0.2828009720831992,
                    -0.9133692625361916,
                    0.8094247697415932
                ],
                [
                    -0.03322148595088386,
                    -0.9576919310608512,
                    0.28587147121067036,
                    -1.7787314089586876
                ],
                [
                    0.0,
                    0.0,
                    0.0,
                    1.0
                ]
            ],
            "is_bad": true,
            "mask_path": "DSC04520.png"
        },
        {
            "file_path": "DSC04542.JPG",
            "transform_matrix": [
                [
                    0.20829356982899805,
                    0.41316480963760166,
                    0.8865148779603291,
                    1.958671955770952
                ],
                [
                    -0.9780221218257111,
                    0.09660543219709912,
                    0.18477045134313685,
                    2.1820744425153014
                ],
                [
                    -0.009301504578675356,
                    -0.9055176588819993,
                    0.4242066141226896,
                    -1.8591998110385994
                ],
                [
                    0.0,
                    0.0,
                    0.0,
                    1.0
                ]
            ],
            "is_bad": false,
            "mask_path": "DSC04542.png"
        },
        {
            "file_path": "DSC04626.JPG",
            "transform_matrix": [
                [
                    0.4729467249111389,
                    -0.286613461509213,
                    -0.8331711223257411,
                    1.3477160812836595
                ],
                [
                    0.8810510433709547,
                    0.14483128493524905,
                    0.4503031843979753,
                    1.167359038401584
                ],
                [
                    -0.00839371019154471,
                    -0.9470357029097225,
                    0.32101857118165106,
                    -1.734901388343783
                ],
                [
                    0.0,
                    0.0,
                    0.0,
                    1.0
                ]
            ],
            "is_bad": false,
            "mask_path": "DSC04626.png"
        },
        {
            "file_path": "DSC04564.JPG",
            "transform_matrix": [
                [
                    0.9968802365263147,
                    -0.04947193274382902,
                    0.06150058449988657,
                    1.8977586169486576
                ],
                [
                    -0.06461398695998623,
                    -0.06401057036986704,
                    0.9958552503100326,
                    1.6221078154217723
                ],
                [
                    -0.045330196474008315,
                    -0.9967222154399454,
                    -0.06700745134769175,
                    -1.6124684176887276
                ],
                [
                    0.0,
                    0.0,
                    0.0,
                    1.0
                ]
            ],
            "is_bad": false,
            "mask_path": "DSC04564.png"
        },
        {
            "file_path": "DSC04550.JPG",
            "transform_matrix": [
                [
                    0.6348548756350484,
                    -0.4868358488514246,
                    0.599958451191014,
                    1.9383587668709321
                ],
                [
                    -0.7680304900113419,
                    -0.3130246908692232,
                    0.558699122354031,
                    2.1524423949586957
                ],
                [
                    -0.08419295276532544,
                    -0.8154792450941594,
                    -0.5726300267409273,
                    -1.396015091338581
                ],
                [
                    0.0,
                    0.0,
                    0.0,
                    1.0
                ]
            ],
            "is_bad": true,
            "mask_path": "DSC04550.png"
        },
        {
            "file_path": "DSC04555.JPG",
            "transform_matrix": [
                [
                    0.9923033088266096,
                    -0.017610966460439286,
                    0.12257241595110634,
                    2.04147010993787
                ],
                [
                    -0.11921318182023086,
                    0.1319328846268998,
                    0.9840639873678545,
                    2.3111588037054593
                ],
                [
                    -0.033501650288578766,
                    -0.9911021984711536,
                    0.12881797861163413,
                    -1.6876259072853705
                ],
                [
                    0.0,
                    0.0,
                    0.0,
                    1.0
                ]
            ],
            "is_bad": true,
            "mask_path": "DSC04555.png"
        },
        {
            "file_path": "DSC04619.JPG",
            "transform_matrix": [
                [
                    -0.9852710003801379,
                    0.1678316144706046,
                    -0.03276591207508546,
                    1.8855776700128322
                ],
                [
                    0.10758509715389898,
                    0.4594614147133267,
                    -0.8816579014901496,
                    1.417667064249105
                ],
                [
                    -0.13291539670146602,
                    -0.8721970864281873,
                    -0.4707501882589884,
                    -1.4146749738521667
                ],
                [
                    0.0,
                    0.0,
                    0.0,
                    1.0
                ]
            ],
            "is_bad": false,
            "mask_path": "DSC04619.png"
        },
        {
            "file_path": "DSC04430.JPG",
            "transform_matrix": [
                [
                    -0.8105675195694424,
                    -0.3608214344642845,
                    0.46128970143520215,
                    1.561461064692944
                ],
                [
                    -0.5829366754403098,
                    0.4214226091914414,
                    -0.6946854085763403,
                    0.914458193862492
                ],
                [
                    0.05625947605195878,
                    -0.8319921134802983,
                    -0.5519275264570027,
                    -1.4399979745317844
                ],
                [
                    0.0,
                    0.0,
                    0.0,
                    1.0
                ]
            ],
            "is_bad": false,
            "mask_path": "DSC04430.png"
        },
        {
            "file_path": "DSC04535.JPG",
            "transform_matrix": [
                [
                    -0.9921760759083144,
                    0.03622234331475621,
                    0.11947625805977562,
                    1.8287979677775774
